Time,StationName,Location,TempC,DewPointC,BarometerMbar,Rain,RainTotal,WindspeedKmph,WindDirection,SkyCoverage,VisibilityKm,Humidity,TempF,HumidityARM
20240101-0100,Mountain View Moffett Field Naval Air Station,"Mountain View, California, US",13.0,10.0,-9999.0,-9999.0,-9999.0,9.360000000000001,320,25,-9999.0,85.0,55.4,82.0
20240101-0200,Mountain View Moffett Field Naval Air Station,"Mountain View, California, US",12.0,9.0,-9999.0,-9999.0,-9999.0,0.0,0,-9999,-9999.0,85.0,53.6,81.9
20240101-0300,Mountain View Moffett Field Naval Air Station,"Mountain View, California, US",12.0,10.0,-9999.0,-9999.0,-9999.0,5.4,270,-9999,-9999.0,90.0,53.6,87.6
20240101-0400,Mountain View Moffett Field Naval Air Station,"Mountain View, California, US",12.0,10.0,-9999.0,-9999.0,-9999.0,0.0,0,-9999,-9999.0,90.0,53.6,87.6
20240101-0500,Mountain View Moffett Field Naval Air Station,"Mountain View, California, US",12.0,10.0,-9999.0,-9999.0,-9999.0,0.0,0,-9999,-9999.0,90.0,53.6,87.6
20240101-0600,Mountain View Moffett Field Naval Air Station,"Mountain View, California, US",11.0,9.0,-9999.0,-9999.0,-9999.0,0.0,0,-9999,-9999.0,90.0,51.8,87.5
20240101-0700,Mountain View Moffett Field Naval Air Station,"Mountain View, California, US",11.0,10.0,-9999.0,-9999.0,-9999.0,0.0,0,-9999,-9999.0,95.0,51.8,93.5
20240101-0800,Mountain View Moffett Field Naval Air Station,"Mountain View, California, US",11.0,9.0,-9999.0,-9999.0,-9999.0,0.0,0,-9999,-9999.0,90.0,51.8,87.5
20240101-0900,Mountain View Moffett Field Naval Air Station,"Mountain View, California, US",10.0,9.0,-9999.0,-9999.0,-9999.0,0.0,0,-9999,-9999.0,95.0,50.0,93.5
20240101-1000,Mountain View Moffett Field Naval Air Station,"Mountain View, California, US",9.0,9.0,-9999.0,-9999.0,-9999.0,0.0,0,25,-9999.0,100.0,48.2,100.0
20240101-1100,Mountain View Moffett Field Naval Air Station,"Mountain View, California, US",9.0,9.0,-9999.0,-9999.0,-9999.0,9.360000000000001,250,0,-9999.0,100.0,48.2,100.0
20240101-1200,Mountain View Moffett Field Naval Air Station,"Mountain View, California, US",8.0,8.0,-9999.0,-9999.0,-9999.0,0.0,0,0,-9999.0,100.0,46.4,100.0
20240101-1300,Mountain View Moffett Field Naval Air Station,"Mountain View, California, US",8.0,8.0,-9999.0,-9999.0,-9999.0,0.0,0,25,-9999.0,100.0,46.4,100.0
20240101-1400,Mountain View Moffett Field Naval Air Station,"Mountain View, California, US",8.0,7.0,-9999.0,-9999.0,-9999.0,0.0,0,-9999,-9999.0,95.0,46.4,93.4
20240101-1500,Mountain View Moffett Field Naval Air Station,"Mountain View, California, US",8.0,7.0,-9999.0,-9999.0,-9999.0,0.0,0,0,-9999.0,95.0,46.4,93.4
20240101-1600,Mountain View Moffett Field Naval Air Station,"Mountain View, California, US",7.0,7.0,-9999.0,-9999.0,-9999.0,0.0,0,50,-9999.0,100.0,44.6,100.0
20240101-1700,Mountain View Moffett Field Naval Air Station,"Mountain View, California, US",8.0,8.0,-9999.0,-9999.0,-9999.0,0.0,0,-9999,-9999.0,100.0,46.4,100.0
20240101-1800,Mountain View Moffett Field Naval Air Station,"Mountain View, California, US",11.0,10.0,-9999.0,-9999.0,-9999.0,0.0,0,-9999,-9999.0,95.0,51.8,93.5
20240101-1900,Mountain View Moffett Field Naval Air Station,"Mountain View, California, US",13.0,10.0,-9999.0,-9999.0,-9999.0,0.0,0,25,-9999.0,85.0,55.4,82.0
20240101-2000,Mountain View Moffett Field Naval Air Station,"Mountain View, California, US",14.0,10.0,-9999.0,-9999.0,-9999.0,0.0,0,0,-9999.0,80.0,57.2,76.8
20240101-2100,Mountain View Moffett Field Naval Air Station,"Mountain View, California, US",15.0,9.0,-9999.0,-9999.0,-9999.0,0.0,0,0,-9999.0,70.0,59.0,67.3
20240101-2200,Mountain View Moffett Field Naval Air Station,"Mountain View, California, US",15.0,10.0,-9999.0,-9999.0,-9999.0,7.5600000000000005,10,0,-9999.0,75.0,59.0,72.0
20240101-2300,Mountain View Moffett Field Naval Air Station,"Mountain View, California, US",15.0,10.0,-9999.0,-9999.0,-9999.0,9.360000000000001,350,0,-9999.0,75.0,59.0,72.0
20240102-0000,Mountain View Moffett Field Naval Air Station,"Mountain View, California, US",14.0,10.0,-9999.0,-9999.0,-9999.0,9.360000000000001,340,0,-9999.0,80.0,57.2,76.8
20240102-0100,Mountain View Moffett Field Naval Air Station,"Mountain View, California, US",13.0,10.0,-9999.0,-9999.0,-9999.0,7.5600000000000005,330,0,-9999.0,85.0,55.4,82.0
20240102-0300,Mountain View Moffett Field Naval Air Station,"Mountain View, California, US",11.0,9.0,-9999.0,-9999.0,-9999.0,0.0,0,0,-9999.0,90.0,51.8,87.5
20240102-0400,Mountain View Moffett Field Naval Air Station,"Mountain View, California, US",10.0,9.0,-9999.0,-9999.0,-9999.0,0.0,0,0,-9999.0,95.0,50.0,93.5
20240102-0500,Mountain View Moffett Field Naval Air Station,"Mountain View, California, US",10.0,8.0,-9999.0,-9999.0,-9999.0,0.0,0,0,-9999.0,90.0,50.0,87.4
20240102-0600,Mountain View Moffett Field Naval Air Station,"Mountain View, California, US",9.0,8.0,-9999.0,-9999.0,-9999.0,0.0,0,0,-9999.0,95.0,48.2,93.4
20240102-0700,Mountain View Moffett Field Naval Air Station,"Mountain View, California, US",9.0,8.0,-9999.0,-9999.0,-9999.0,0.0,0,50,-9999.0,95.0,48.2,93.4
20240102-0800,Mountain View Moffett Field Naval Air Station,"Mountain View, California, US",8.0,7.0,-9999.0,-9999.0,-9999.0,0.0,0,-9999,-9999.0,95.0,46.4,93.4
20240102-0900,Mountain View Moffett Field Naval Air Station,"Mountain View, California, US",8.0,7.0,-9999.0,-9999.0,-9999.0,0.0,0,0,-9999.0,95.0,46.4,93.4
20240102-1000,Mountain View Moffett Field Naval Air Station,"Mountain View, California, US",7.0,7.0,-9999.0,-9999.0,-9999.0,5.4,140,0,-9999.0,100.0,44.6,100.0
20240102-1100,Mountain View Moffett Field Naval Air Station,"Mountain View, California, US",7.0,6.0,-9999.0,-9999.0,-9999.0,0.0,0,0,-9999.0,95.0,44.6,93.3
20240102-1200,Mountain View Moffett Field Naval Air Station,"Mountain View, California, US",7.0,7.0,-9999.0,-9999.0,-9999.0,0.0,0,0,-9999.0,100.0,44.6,100.0
20240102-1300,Mountain View Moffett Field Naval Air Station,"Mountain View, California, US",7.0,6.0,-9999.0,-9999.0,-9999.0,0.0,0,0,-9999.0,95.0,44.6,93.3
20240102-1400,Mountain View Moffett Field Naval Air Station,"Mountain View, California, US",8.0,7.0,-9999.0,-9999.0,-9999.0,0.0,0,0,-9999.0,95.0,46.4,93.4
20240102-1500,Mountain View Moffett Field Naval Air Station,"Mountain View, California, US",8.0,7.0,-9999.0,-9999.0,-9999.0,9.360000000000001,110,0,-9999.0,95.0,46.4,93.4
20240102-1600,Mountain View Moffett Field Naval Air Station,"Mountain View, California, US",9.0,7.0,-9999.0,-9999.0,-9999.0,5.4,160,0,-9999.0,90.0,48.2,87.3
20240102-1700,Mountain View Moffett Field Naval Air Station,"Mountain View, California, US",11.0,8.0,-9999.0,-9999.0,-9999.0,11.16,160,0,-9999.0,85.0,51.8,81.7
20240102-1800,Mountain View Moffett Field Naval Air Station,"Mountain View, California, US",12.0,9.0,-9999.0,-9999.0,-9999.0,5.4,130,-9999,-9999.0,85.0,53.6,81.9
20240102-1900,Mountain View Moffett Field Naval Air Station,"Mountain View, California, US",14.0,8.0,-9999.0,-9999.0,-9999.0,12.959999999999999,140,-9999,-9999.0,70.0,57.2,67.1
20240102-2000,Mountain View Moffett Field Naval Air Station,"Mountain View, California, US",17.0,7.0,-9999.0,-9999.0,-9999.0,14.76,150,-9999,-9999.0,50.0,62.6,51.7
20240102-2100,Mountain View Moffett Field Naval Air Station,"Mountain View, California, US",16.0,5.0,-9999.0,-9999.0,-9999.0,18.36,150,0,-9999.0,45.0,60.8,48.0
20240102-2200,Mountain View Moffett Field Naval Air Station,"Mountain View, California, US",16.0,6.0,-9999.0,-9999.0,-9999.0,14.76,130,-9999,-9999.0,50.0,60.8,51.5
20240102-2300,Mountain View Moffett Field Naval Air Station,"Mountain View, California, US",16.0,6.0,-9999.0,-9999.0,-9999.0,24.12,190,-9999,-9999.0,50.0,60.8,51.5
20240103-0000,Mountain View Moffett Field Naval Air Station,"Mountain View, California, US",15.0,7.0,-9999.0,-9999.0,-9999.0,25.919999999999998,160,-9999,-9999.0,60.0,59.0,58.8
20240103-0100,Mountain View Moffett Field Naval Air Station,"Mountain View, California, US",14.0,9.0,-9999.0,-9999.0,-9999.0,25.919999999999998,140,-9999,-9999.0,75.0,57.2,71.8
20240103-0200,Mountain View Moffett Field Naval Air Station,"Mountain View, California, US",13.0,10.0,-9999.0,-9999.0,-9999.0,12.959999999999999,200,-9999,-9999.0,85.0,55.4,82.0
20240103-0300,Mountain View Moffett Field Naval Air Station,"Mountain View, California, US",12.0,10.0,-9999.0,2.8,-9999.0,0.0,0,-9999,-9999.0,90.0,53.6,87.6
20240103-0400,Mountain View Moffett Field Naval Air Station,"Mountain View, California, US",11.0,10.0,-9999.0,1.3,-9999.0,11.16,300,-9999,-9999.0,95.0,51.8,93.5
20240103-0500,Mountain View Moffett Field Naval Air Station,"Mountain View, California, US",11.0,9.0,-9999.0,-9999.0,-9999.0,0.0,0,-9999,-9999.0,90.0,51.8,87.5
20240103-0600,Mountain View Moffett Field Naval Air Station,"Mountain View, California, US",11.0,9.0,-9999.0,0.8,-9999.0,5.4,-9999,-9999,-9999.0,90.0,51.8,87.5
20240103-0700,Mountain View Moffett Field Naval Air Station,"Mountain View, California, US",10.0,8.0,-9999.0,-9999.0,-9999.0,0.0,0,-9999,-9999.0,90.0,50.0,87.4
20240103-0800,Mountain View Moffett Field Naval Air Station,"Mountain View, California, US",9.0,8.0,-9999.0,-9999.0,-9999.0,9.360000000000001,130,-9999,-9999.0,95.0,48.2,93.4
20240103-0900,Mountain View Moffett Field Naval Air Station,"Mountain View, California, US",9.0,7.0,-9999.0,0.5,-9999.0,0.0,0,-9999,-9999.0,90.0,48.2,87.3
20240103-1000,Mountain View Moffett Field Naval Air Station,"Mountain View, California, US",9.0,8.0,-9999.0,0.5,-9999.0,0.0,0,-9999,-9999.0,95.0,48.2,93.4
20240103-1100,Mountain View Moffett Field Naval Air Station,"Mountain View, California, US",9.0,8.0,-9999.0,0.5,-9999.0,0.0,0,-9999,-9999.0,95.0,48.2,93.4
20240103-1200,Mountain View Moffett Field Naval Air Station,"Mountain View, California, US",9.0,8.0,-9999.0,0.3,-9999.0,7.5600000000000005,170,-9999,-9999.0,95.0,48.2,93.4
20240103-1300,Mountain View Moffett Field Naval Air Station,"Mountain View, California, US",8.0,8.0,-9999.0,-9999.0,-9999.0,5.4,-9999,-9999,-9999.0,100.0,46.4,100.0
20240103-1400,Mountain View Moffett Field Naval Air Station,"Mountain View, California, US",9.0,7.0,-9999.0,-9999.0,-9999.0,7.5600000000000005,140,-9999,-9999.0,90.0,48.2,87.3
20240103-1500,Mountain View Moffett Field Naval Air Station,"Mountain View, California, US",8.0,7.0,-9999.0,-9999.0,-9999.0,11.16,150,-9999,-9999.0,95.0,46.4,93.4
20240103-1600,Mountain View Moffett Field Naval Air Station,"Mountain View, California, US",8.0,7.0,-9999.0,-9999.0,-9999.0,7.5600000000000005,120,-9999,-9999.0,95.0,46.4,93.4
20240103-1700,Mountain View Moffett Field Naval Air Station,"Mountain View, California, US",9.0,8.0,-9999.0,-9999.0,-9999.0,7.5600000000000005,140,-9999,-9999.0,95.0,48.2,93.4
20240103-1800,Mountain View Moffett Field Naval Air Station,"Mountain View, California, US",12.0,9.0,-9999.0,-9999.0,-9999.0,5.4,130,50,-9999.0,85.0,53.6,81.9
20240103-1900,Mountain View Moffett Field Naval Air Station,"Mountain View, California, US",13.0,7.0,-9999.0,-9999.0,-9999.0,14.76,330,-9999,-9999.0,70.0,55.4,66.9
20240103-2000,Mountain View Moffett Field Naval Air Station,"Mountain View, California, US",13.0,8.0,-9999.0,-9999.0,-9999.0,16.56,340,-9999,-9999.0,75.0,55.4,71.6
20240103-2100,Mountain View Moffett Field Naval Air Station,"Mountain View, California, US",13.0,7.0,-9999.0,-9999.0,-9999.0,20.520000000000003,310,-9999,-9999.0,70.0,55.4,66.9
20240103-2200,Mountain View Moffett Field Naval Air Station,"Mountain View, California, US",13.0,8.0,-9999.0,-9999.0,-9999.0,11.16,-9999,-9999,-9999.0,75.0,55.4,71.6
20240103-2300,Mountain View Moffett Field Naval Air Station,"Mountain View, California, US",13.0,7.0,-9999.0,-9999.0,-9999.0,20.520000000000003,340,-9999,-9999.0,70.0,55.4,66.9
20240104-0000,Mountain View Moffett Field Naval Air Station,"Mountain View, California, US",13.0,8.0,-9999.0,-9999.0,-9999.0,12.959999999999999,320,-9999,-9999.0,75.0,55.4,71.6
20240104-0100,Mountain View Moffett Field Naval Air Station,"Mountain View, California, US",12.0,8.0,-9999.0,-9999.0,-9999.0,9.360000000000001,290,50,-9999.0,80.0,53.6,76.5
20240104-0200,Mountain View Moffett Field Naval Air Station,"Mountain View, California, US",12.0,9.0,-9999.0,-9999.0,-9999.0,11.16,300,-9999,-9999.0,85.0,53.6,81.9
20240104-0300,Mountain View Moffett Field Naval Air Station,"Mountain View, California, US",12.0,8.0,-9999.0,-9999.0,-9999.0,12.959999999999999,290,-9999,-9999.0,80.0,53.6,76.5
20240104-0400,Mountain View Moffett Field Naval Air Station,"Mountain View, California, US",11.0,8.0,-9999.0,-9999.0,-9999.0,9.360000000000001,290,50,-9999.0,85.0,51.8,81.7
20240104-0500,Mountain View Moffett Field Naval Air Station,"Mountain View, California, US",11.0,7.0,-9999.0,-9999.0,-9999.0,7.5600000000000005,290,0,-9999.0,80.0,51.8,76.3
20240104-0600,Mountain View Moffett Field Naval Air Station,"Mountain View, California, US",10.0,7.0,-9999.0,-9999.0,-9999.0,9.360000000000001,260,25,-9999.0,85.0,50.0,81.6
20240104-0700,Mountain View Moffett Field Naval Air Station,"Mountain View, California, US",10.0,7.0,-9999.0,-9999.0,-9999.0,7.5600000000000005,270,0,-9999.0,85.0,50.0,81.6
20240104-0800,Mountain View Moffett Field Naval Air Station,"Mountain View, California, US",9.0,7.0,-9999.0,-9999.0,-9999.0,7.5600000000000005,300,0,-9999.0,90.0,48.2,87.3
20240104-0900,Mountain View Moffett Field Naval Air Station,"Mountain View, California, US",8.0,6.0,-9999.0,-9999.0,-9999.0,0.0,0,0,-9999.0,90.0,46.4,87.2
20240104-1000,Mountain View Moffett Field Naval Air Station,"Mountain View, California, US",7.0,6.0,-9999.0,-9999.0,-9999.0,0.0,0,-9999,-9999.0,95.0,44.6,93.3
20240104-1100,Mountain View Moffett Field Naval Air Station,"Mountain View, California, US",6.0,5.0,-9999.0,-9999.0,-9999.0,0.0,0,0,-9999.0,95.0,42.8,93.3
20240104-1200,Mountain View Moffett Field Naval Air Station,"Mountain View, California, US",6.0,5.0,-9999.0,-9999.0,-9999.0,0.0,0,0,-9999.0,95.0,42.8,93.3
20240104-1300,Mountain View Moffett Field Naval Air Station,"Mountain View, California, US",6.0,5.0,-9999.0,-9999.0,-9999.0,0.0,0,0,-9999.0,95.0,42.8,93.3
20240104-1400,Mountain View Moffett Field Naval Air Station,"Mountain View, California, US",6.0,5.0,-9999.0,-9999.0,-9999.0,0.0,0,50,-9999.0,95.0,42.8,93.3
20240104-1500,Mountain View Moffett Field Naval Air Station,"Mountain View, California, US",7.0,5.0,-9999.0,-9999.0,-9999.0,0.0,0,50,-9999.0,90.0,44.6,87.1
20240104-1600,Mountain View Moffett Field Naval Air Station,"Mountain View, California, US",7.0,5.0,-9999.0,-9999.0,-9999.0,0.0,0,0,-9999.0,90.0,44.6,87.1
20240104-1700,Mountain View Moffett Field Naval Air Station,"Mountain View, California, US",10.0,6.0,-9999.0,-9999.0,-9999.0,5.4,280,0,-9999.0,80.0,50.0,76.2
20240104-1800,Mountain View Moffett Field Naval Air Station,"Mountain View, California, US",11.0,7.0,-9999.0,-9999.0,-9999.0,7.5600000000000005,20,0,-9999.0,80.0,51.8,76.3
20240104-1900,Mountain View Moffett Field Naval Air Station,"Mountain View, California, US",13.0,6.0,-9999.0,-9999.0,-9999.0,0.0,0,0,-9999.0,65.0,55.4,62.5
20240104-2000,Mountain View Moffett Field Naval Air Station,"Mountain View, California, US",13.0,6.0,-9999.0,-9999.0,-9999.0,9.360000000000001,-9999,0,-9999.0,65.0,55.4,62.5
20240104-2100,Mountain View Moffett Field Naval Air Station,"Mountain View, California, US",14.0,6.0,-9999.0,-9999.0,-9999.0,14.76,10,0,-9999.0,60.0,57.2,58.5
20240104-2200,Mountain View Moffett Field Naval Air Station,"Mountain View, California, US",14.0,6.0,-9999.0,-9999.0,-9999.0,12.959999999999999,360,0,-9999.0,60.0,57.2,58.5
20240104-2300,Mountain View Moffett Field Naval Air Station,"Mountain View, California, US",14.0,7.0,-9999.0,-9999.0,-9999.0,7.5600000000000005,340,0,-9999.0,65.0,57.2,62.7
20240105-0000,Mountain View Moffett Field Naval Air Station,"Mountain View, California, US",14.0,8.0,-9999.0,-9999.0,-9999.0,11.16,340,0,-9999.0,70.0,57.2,67.1
20240105-0100,Mountain View Moffett Field Naval Air Station,"Mountain View, California, US",13.0,9.0,-9999.0,-9999.0,-9999.0,5.4,20,0,-9999.0,80.0,55.4,76.7
20240105-0200,Mountain View Moffett Field Naval Air Station,"Mountain View, California, US",12.0,9.0,-9999.0,-9999.0,-9999.0,5.4,300,0,-9999.0,85.0,53.6,81.9
20240105-0300,Mountain View Moffett Field Naval Air Station,"Mountain View, California, US",11.0,9.0,-9999.0,-9999.0,-9999.0,0.0,0,0,-9999.0,90.0,51.8,87.5
20240105-0400,Mountain View Moffett Field Naval Air Station,"Mountain View, California, US",10.0,8.0,-9999.0,-9999.0,-9999.0,0.0,0,0,-9999.0,90.0,50.0,87.4
20240105-0500,Mountain View Moffett Field Naval Air Station,"Mountain View, California, US",10.0,8.0,-9999.0,-9999.0,-9999.0,0.0,0,0,-9999.0,90.0,50.0,87.4
20240105-0600,Mountain View Moffett Field Naval Air Station,"Mountain View, California, US",10.0,7.0,-9999.0,-9999.0,-9999.0,0.0,0,0,-9999.0,85.0,50.0,81.6
20240105-0700,Mountain View Moffett Field Naval Air Station,"Mountain View, California, US",11.0,8.0,-9999.0,-9999.0,-9999.0,7.5600000000000005,170,0,-9999.0,85.0,51.8,81.7
20240105-0800,Mountain View Moffett Field Naval Air Station,"Mountain View, California, US",10.0,8.0,-9999.0,-9999.0,-9999.0,0.0,0,-9999,-9999.0,90.0,50.0,87.4
20240105-0900,Mountain View Moffett Field Naval Air Station,"Mountain View, California, US",10.0,8.0,-9999.0,-9999.0,-9999.0,0.0,0,-9999,-9999.0,90.0,50.0,87.4
20240105-1000,Mountain View Moffett Field Naval Air Station,"Mountain View, California, US",10.0,9.0,-9999.0,-9999.0,-9999.0,0.0,0,-9999,-9999.0,95.0,50.0,93.5
20240105-1100,Mountain View Moffett Field Naval Air Station,"Mountain View, California, US",11.0,9.0,-9999.0,-9999.0,-9999.0,0.0,0,-9999,-9999.0,90.0,51.8,87.5
20240105-1200,Mountain View Moffett Field Naval Air Station,"Mountain View, California, US",11.0,9.0,-9999.0,-9999.0,-9999.0,0.0,0,-9999,-9999.0,90.0,51.8,87.5
20240105-1300,Mountain View Moffett Field Naval Air Station,"Mountain View, California, US",11.0,9.0,-9999.0,-9999.0,-9999.0,0.0,0,-9999,-9999.0,90.0,51.8,87.5
20240105-1400,Mountain View Moffett Field Naval Air Station,"Mountain View, California, US",10.0,9.0,-9999.0,-9999.0,-9999.0,0.0,0,0,-9999.0,95.0,50.0,93.5
20240105-1500,Mountain View Moffett Field Naval Air Station,"Mountain View, California, US",10.0,10.0,-9999.0,-9999.0,-9999.0,0.0,0,-9999,-9999.0,100.0,50.0,100.0
20240105-1600,Mountain View Moffett Field Naval Air Station,"Mountain View, California, US",10.0,10.0,-9999.0,-9999.0,-9999.0,5.4,310,-9999,-9999.0,100.0,50.0,100.0
20240105-1700,Mountain View Moffett Field Naval Air Station,"Mountain View, California, US",11.0,10.0,-9999.0,-9999.0,-9999.0,5.4,320,-9999,-9999.0,95.0,51.8,93.5
20240105-1800,Mountain View Moffett Field Naval Air Station,"Mountain View, California, US",12.0,11.0,-9999.0,-9999.0,-9999.0,7.5600000000000005,330,-9999,-9999.0,95.0,53.6,93.6
20240105-1900,Mountain View Moffett Field Naval Air Station,"Mountain View, California, US",13.0,10.0,-9999.0,-9999.0,-9999.0,11.16,310,0,-9999.0,85.0,55.4,82.0
20240105-2000,Mountain View Moffett Field Naval Air Station,"Mountain View, California, US",14.0,9.0,-9999.0,-9999.0,-9999.0,9.360000000000001,350,0,-9999.0,75.0,57.2,71.8
20240105-2100,Mountain View Moffett Field Naval Air Station,"Mountain View, California, US",15.0,8.0,-9999.0,-9999.0,-9999.0,14.76,360,0,-9999.0,65.0,59.0,62.9
20240105-2200,Mountain View Moffett Field Naval Air Station,"Mountain View, California, US",16.0,7.0,-9999.0,-9999.0,-9999.0,11.16,310,0,-9999.0,55.0,60.8,55.1
20240105-2300,Mountain View Moffett Field Naval Air Station,"Mountain View, California, US",16.0,7.0,-9999.0,-9999.0,-9999.0,11.16,-9999,0,-9999.0,55.0,60.8,55.1
20240106-0000,Mountain View Moffett Field Naval Air Station,"Mountain View, California, US",16.0,7.0,-9999.0,-9999.0,-9999.0,9.360000000000001,310,0,-9999.0,55.0,60.8,55.1
20240106-0100,Mountain View Moffett Field Naval Air Station,"Mountain View, California, US",15.0,7.0,-9999.0,-9999.0,-9999.0,9.360000000000001,310,0,-9999.0,60.0,59.0,58.8
20240106-0200,Mountain View Moffett Field Naval Air Station,"Mountain View, California, US",14.0,7.0,-9999.0,-9999.0,-9999.0,5.4,290,0,-9999.0,65.0,57.2,62.7
20240106-0300,Mountain View Moffett Field Naval Air Station,"Mountain View, California, US",12.0,7.0,-9999.0,-9999.0,-9999.0,5.4,250,0,-9999.0,75.0,53.6,71.5
20240106-0400,Mountain View Moffett Field Naval Air Station,"Mountain View, California, US",11.0,8.0,-9999.0,-9999.0,-9999.0,7.5600000000000005,320,25,-9999.0,85.0,51.8,81.7
20240106-0500,Mountain View Moffett Field Naval Air Station,"Mountain View, California, US",10.0,7.0,-9999.0,-9999.0,-9999.0,5.4,250,0,-9999.0,85.0,50.0,81.6
20240106-0600,Mountain View Moffett Field Naval Air Station,"Mountain View, California, US",9.0,6.0,-9999.0,-9999.0,-9999.0,0.0,0,0,-9999.0,85.0,48.2,81.5
20240106-0700,Mountain View Moffett Field Naval Air Station,"Mountain View, California, US",8.0,6.0,-9999.0,-9999.0,-9999.0,0.0,0,0,-9999.0,90.0,46.4,87.2
20240106-0800,Mountain View Moffett Field Naval Air Station,"Mountain View, California, US",8.0,5.0,-9999.0,-9999.0,-9999.0,0.0,0,0,-9999.0,85.0,46.4,81.3
20240106-0900,Mountain View Moffett Field Naval Air Station,"Mountain View, California, US",7.0,5.0,-9999.0,-9999.0,-9999.0,0.0,0,0,-9999.0,90.0,44.6,87.1
20240106-1000,Mountain View Moffett Field Naval Air Station,"Mountain View, California, US",6.0,4.0,-9999.0,-9999.0,-9999.0,0.0,0,0,-9999.0,90.0,42.8,87.0
20240106-1100,Mountain View Moffett Field Naval Air Station,"Mountain View, California, US",5.0,3.0,-9999.0,-9999.0,-9999.0,0.0,0,0,-9999.0,90.0,41.0,86.9
20240106-1200,Mountain View Moffett Field Naval Air Station,"Mountain View, California, US",5.0,3.0,-9999.0,-9999.0,-9999.0,0.0,0,0,-9999.0,90.0,41.0,86.9
20240106-1300,Mountain View Moffett Field Naval Air Station,"Mountain View, California, US",5.0,2.0,-9999.0,-9999.0,-9999.0,0.0,0,0,-9999.0,85.0,41.0,80.9
20240106-1400,Mountain View Moffett Field Naval Air Station,"Mountain View, California, US",5.0,2.0,-9999.0,-9999.0,-9999.0,0.0,0,0,-9999.0,85.0,41.0,80.9
20240106-1500,Mountain View Moffett Field Naval Air Station,"Mountain View, California, US",6.0,1.0,-9999.0,-9999.0,-9999.0,5.4,180,0,-9999.0,75.0,42.8,70.3
20240106-1600,Mountain View Moffett Field Naval Air Station,"Mountain View, California, US",5.0,2.0,-9999.0,-9999.0,-9999.0,0.0,0,0,-9999.0,85.0,41.0,80.9
20240106-1700,Mountain View Moffett Field Naval Air Station,"Mountain View, California, US",6.0,2.0,-9999.0,-9999.0,-9999.0,9.360000000000001,140,0,-9999.0,80.0,42.8,75.5
20240106-1800,Mountain View Moffett Field Naval Air Station,"Mountain View, California, US",8.0,3.0,-9999.0,-9999.0,-9999.0,14.76,140,0,-9999.0,75.0,46.4,70.7
20240106-1900,Mountain View Moffett Field Naval Air Station,"Mountain View, California, US",11.0,3.0,-9999.0,-9999.0,-9999.0,14.76,140,0,-9999.0,60.0,51.8,57.8
20240106-2000,Mountain View Moffett Field Naval Air Station,"Mountain View, California, US",13.0,3.0,-9999.0,-9999.0,-9999.0,0.0,0,0,-9999.0,50.0,55.4,50.6
20240106-2100,Mountain View Moffett Field Naval Air Station,"Mountain View, California, US",14.0,6.0,-9999.0,-9999.0,-9999.0,9.360000000000001,240,-9999,-9999.0,60.0,57.2,58.5
20240106-2200,Mountain View Moffett Field Naval Air Station,"Mountain View, California, US",13.0,7.0,-9999.0,-9999.0,-9999.0,18.36,250,-9999,-9999.0,70.0,55.4,66.9
20240106-2300,Mountain View Moffett Field Naval Air Station,"Mountain View, California, US",12.0,10.0,-9999.0,-9999.0,-9999.0,7.5600000000000005,200,-9999,-9999.0,90.0,53.6,87.6
20240107-0000,Mountain View Moffett Field Naval Air Station,"Mountain View, California, US",12.0,10.0,-9999.0,2.3,-9999.0,12.959999999999999,290,-9999,-9999.0,90.0,53.6,87.6
20240107-0100,Mountain View Moffett Field Naval Air Station,"Mountain View, California, US",11.0,8.0,-9999.0,-9999.0,-9999.0,18.36,290,-9999,-9999.0,85.0,51.8,81.7
20240107-0200,Mountain View Moffett Field Naval Air Station,"Mountain View, California, US",11.0,6.0,-9999.0,-9999.0,-9999.0,18.36,290,50,-9999.0,75.0,51.8,71.3
20240107-0300,Mountain View Moffett Field Naval Air Station,"Mountain View, California, US",10.0,5.0,-9999.0,-9999.0,-9999.0,11.16,260,0,-9999.0,75.0,50.0,71.1
20240107-0400,Mountain View Moffett Field Naval Air Station,"Mountain View, California, US",9.0,4.0,-9999.0,-9999.0,-9999.0,11.16,270,0,-9999.0,75.0,48.2,70.9
20240107-0500,Mountain View Moffett Field Naval Air Station,"Mountain View, California, US",8.0,4.0,-9999.0,-9999.0,-9999.0,9.360000000000001,-9999,0,-9999.0,80.0,46.4,75.8
20240107-0600,Mountain View Moffett Field Naval Air Station,"Mountain View, California, US",7.0,3.0,-9999.0,-9999.0,-9999.0,0.0,0,50,-9999.0,80.0,44.6,75.7
20240107-0700,Mountain View Moffett Field Naval Air Station,"Mountain View, California, US",8.0,3.0,-9999.0,-9999.0,-9999.0,20.520000000000003,350,0,-9999.0,75.0,46.4,70.7
20240107-0800,Mountain View Moffett Field Naval Air Station,"Mountain View, California, US",8.0,2.0,-9999.0,-9999.0,-9999.0,7.5600000000000005,300,0,-9999.0,70.0,46.4,65.8
20240107-0900,Mountain View Moffett Field Naval Air Station,"Mountain View, California, US",7.0,2.0,-9999.0,-9999.0,-9999.0,7.5600000000000005,310,0,-9999.0,75.0,44.6,70.5
20240107-1000,Mountain View Moffett Field Naval Air Station,"Mountain View, California, US",5.0,2.0,-9999.0,-9999.0,-9999.0,0.0,0,0,-9999.0,85.0,41.0,80.9
20240107-1100,Mountain View Moffett Field Naval Air Station,"Mountain View, California, US",5.0,1.0,-9999.0,-9999.0,-9999.0,7.5600000000000005,300,0,-9999.0,80.0,41.0,75.3
20240107-1200,Mountain View Moffett Field Naval Air Station,"Mountain View, California, US",4.0,1.0,-9999.0,-9999.0,-9999.0,0.0,0,0,-9999.0,85.0,39.2,80.8
20240107-1300,Mountain View Moffett Field Naval Air Station,"Mountain View, California, US",3.0,1.0,-9999.0,-9999.0,-9999.0,5.4,260,0,-9999.0,90.0,37.4,86.7
20240107-1400,Mountain View Moffett Field Naval Air Station,"Mountain View, California, US",3.0,1.0,-9999.0,-9999.0,-9999.0,7.5600000000000005,240,0,-9999.0,90.0,37.4,86.7
20240107-1500,Mountain View Moffett Field Naval Air Station,"Mountain View, California, US",3.0,1.0,-9999.0,-9999.0,-9999.0,0.0,0,0,-9999.0,90.0,37.4,86.7
20240107-1600,Mountain View Moffett Field Naval Air Station,"Mountain View, California, US",2.0,1.0,-9999.0,-9999.0,-9999.0,0.0,0,0,-9999.0,95.0,35.6,93.1
20240107-1700,Mountain View Moffett Field Naval Air Station,"Mountain View, California, US",6.0,2.0,-9999.0,-9999.0,-9999.0,0.0,0,0,-9999.0,80.0,42.8,75.5
20240107-1800,Mountain View Moffett Field Naval Air Station,"Mountain View, California, US",8.0,2.0,-9999.0,-9999.0,-9999.0,7.5600000000000005,350,0,-9999.0,70.0,46.4,65.8
20240107-1900,Mountain View Moffett Field Naval Air Station,"Mountain View, California, US",9.0,2.0,-9999.0,-9999.0,-9999.0,5.4,-9999,0,-9999.0,65.0,48.2,61.5
20240107-2000,Mountain View Moffett Field Naval Air Station,"Mountain View, California, US",10.0,3.0,-9999.0,-9999.0,-9999.0,14.76,350,0,-9999.0,65.0,50.0,61.8
20240107-2100,Mountain View Moffett Field Naval Air Station,"Mountain View, California, US",11.0,3.0,-9999.0,-9999.0,-9999.0,14.76,340,0,-9999.0,60.0,51.8,57.8
20240107-2200,Mountain View Moffett Field Naval Air Station,"Mountain View, California, US",11.0,1.0,-9999.0,-9999.0,-9999.0,11.16,350,0,-9999.0,50.0,51.8,50.1
20240107-2300,Mountain View Moffett Field Naval Air Station,"Mountain View, California, US",11.0,-1.0,-9999.0,-9999.0,-9999.0,12.959999999999999,340,0,-9999.0,40.0,51.8,43.3
20240108-0000,Mountain View Moffett Field Naval Air Station,"Mountain View, California, US",11.0,0.0,-9999.0,-9999.0,-9999.0,9.360000000000001,330,0,-9999.0,45.0,51.8,46.6
20240108-0100,Mountain View Moffett Field Naval Air Station,"Mountain View, California, US",10.0,2.0,-9999.0,-9999.0,-9999.0,7.5600000000000005,320,0,-9999.0,60.0,50.0,57.5
20240108-0200,Mountain View Moffett Field Naval Air Station,"Mountain View, California, US",10.0,2.0,-9999.0,-9999.0,-9999.0,7.5600000000000005,260,25,-9999.0,60.0,50.0,57.5
20240108-0300,Mountain View Moffett Field Naval Air Station,"Mountain View, California, US",8.0,2.0,-9999.0,-9999.0,-9999.0,7.5600000000000005,240,25,-9999.0,70.0,46.4,65.8
20240108-0400,Mountain View Moffett Field Naval Air Station,"Mountain View, California, US",8.0,4.0,-9999.0,-9999.0,-9999.0,7.5600000000000005,260,0,-9999.0,80.0,46.4,75.8
20240108-0500,Mountain View Moffett Field Naval Air Station,"Mountain View, California, US",7.0,4.0,-9999.0,-9999.0,-9999.0,5.4,250,0,-9999.0,85.0,44.6,81.2
20240108-0600,Mountain View Moffett Field Naval Air Station,"Mountain View, California, US",6.0,3.0,-9999.0,-9999.0,-9999.0,0.0,0,0,-9999.0,85.0,42.8,81.1
20240108-0700,Mountain View Moffett Field Naval Air Station,"Mountain View, California, US",6.0,3.0,-9999.0,-9999.0,-9999.0,0.0,0,0,-9999.0,85.0,42.8,81.1
20240108-0800,Mountain View Moffett Field Naval Air Station,"Mountain View, California, US",5.0,3.0,-9999.0,-9999.0,-9999.0,0.0,0,0,-9999.0,90.0,41.0,86.9
20240108-0900,Mountain View Moffett Field Naval Air Station,"Mountain View, California, US",6.0,3.0,-9999.0,-9999.0,-9999.0,0.0,0,0,-9999.0,85.0,42.8,81.1
20240108-1000,Mountain View Moffett Field Naval Air Station,"Mountain View, California, US",5.0,2.0,-9999.0,-9999.0,-9999.0,0.0,0,0,-9999.0,85.0,41.0,80.9
20240108-1100,Mountain View Moffett Field Naval Air Station,"Mountain View, California, US",3.0,2.0,-9999.0,-9999.0,-9999.0,0.0,0,0,-9999.0,95.0,37.4,93.1
20240108-1200,Mountain View Moffett Field Naval Air Station,"Mountain View, California, US",3.0,2.0,-9999.0,-9999.0,-9999.0,0.0,0,0,-9999.0,95.0,37.4,93.1
20240108-1300,Mountain View Moffett Field Naval Air Station,"Mountain View, California, US",3.0,1.0,-9999.0,-9999.0,-9999.0,0.0,0,0,-9999.0,90.0,37.4,86.7
20240108-1400,Mountain View Moffett Field Naval Air Station,"Mountain View, California, US",3.0,2.0,-9999.0,-9999.0,-9999.0,0.0,0,0,-9999.0,95.0,37.4,93.1
20240108-1500,Mountain View Moffett Field Naval Air Station,"Mountain View, California, US",3.0,2.0,-9999.0,-9999.0,-9999.0,0.0,0,0,-9999.0,95.0,37.4,93.1
20240108-1600,Mountain View Moffett Field Naval Air Station,"Mountain View, California, US",4.0,2.0,-9999.0,-9999.0,-9999.0,0.0,0,0,-9999.0,90.0,39.2,86.8
20240108-1700,Mountain View Moffett Field Naval Air Station,"Mountain View, California, US",6.0,3.0,-9999.0,-9999.0,-9999.0,0.0,0,0,-9999.0,85.0,42.8,81.1
20240108-1800,Mountain View Moffett Field Naval Air Station,"Mountain View, California, US",9.0,4.0,-9999.0,-9999.0,-9999.0,0.0,0,-9999,-9999.0,75.0,48.2,70.9
20240108-1900,Mountain View Moffett Field Naval Air Station,"Mountain View, California, US",11.0,3.0,-9999.0,-9999.0,-9999.0,5.4,20,-9999,-9999.0,60.0,51.8,57.8
20240108-2000,Mountain View Moffett Field Naval Air Station,"Mountain View, California, US",11.0,2.0,-9999.0,-9999.0,-9999.0,0.0,0,25,-9999.0,55.0,51.8,53.8
20240108-2100,Mountain View Moffett Field Naval Air Station,"Mountain View, California, US",12.0,0.0,-9999.0,-9999.0,-9999.0,9.360000000000001,20,0,-9999.0,40.0,53.6,43.6
20240108-2200,Mountain View Moffett Field Naval Air Station,"Mountain View, California, US",13.0,-2.0,-9999.0,-9999.0,-9999.0,7.5600000000000005,330,0,-9999.0,25.0,55.4,35.3
20240108-2300,Mountain View Moffett Field Naval Air Station,"Mountain View, California, US",13.0,0.0,-9999.0,-9999.0,-9999.0,7.5600000000000005,20,0,-9999.0,35.0,55.4,40.8
20240109-0000,Mountain View Moffett Field Naval Air Station,"Mountain View, California, US",13.0,2.0,-9999.0,-9999.0,-9999.0,12.959999999999999,350,0,-9999.0,45.0,55.4,47.2
20240109-0100,Mountain View Moffett Field Naval Air Station,"Mountain View, California, US",12.0,3.0,-9999.0,-9999.0,-9999.0,0.0,0,0,-9999.0,55.0,53.6,54.1
20240109-0200,Mountain View Moffett Field Naval Air Station,"Mountain View, California, US",11.0,4.0,-9999.0,-9999.0,-9999.0,0.0,0,0,-9999.0,65.0,51.8,62.0
20240109-0300,Mountain View Moffett Field Naval Air Station,"Mountain View, California, US",10.0,4.0,-9999.0,-9999.0,-9999.0,0.0,0,0,-9999.0,70.0,50.0,66.3
20240109-0400,Mountain View Moffett Field Naval Air Station,"Mountain View, California, US",9.0,4.0,-9999.0,-9999.0,-9999.0,0.0,0,0,-9999.0,75.0,48.2,70.9
20240109-0500,Mountain View Moffett Field Naval Air Station,"Mountain View, California, US",8.0,4.0,-9999.0,-9999.0,-9999.0,0.0,0,-9999,-9999.0,80.0,46.4,75.8
20240109-0600,Mountain View Moffett Field Naval Air Station,"Mountain View, California, US",8.0,4.0,-9999.0,-9999.0,-9999.0,0.0,0,-9999,-9999.0,80.0,46.4,75.8
20240109-0700,Mountain View Moffett Field Naval Air Station,"Mountain View, California, US",9.0,5.0,-9999.0,-9999.0,-9999.0,0.0,0,-9999,-9999.0,80.0,48.2,76.0
20240109-0800,Mountain View Moffett Field Naval Air Station,"Mountain View, California, US",9.0,5.0,-9999.0,-9999.0,-9999.0,0.0,0,-9999,-9999.0,80.0,48.2,76.0
20240109-0900,Mountain View Moffett Field Naval Air Station,"Mountain View, California, US",9.0,6.0,-9999.0,-9999.0,-9999.0,7.5600000000000005,110,-9999,-9999.0,85.0,48.2,81.5
20240109-1000,Mountain View Moffett Field Naval Air Station,"Mountain View, California, US",9.0,5.0,-9999.0,-9999.0,-9999.0,0.0,0,-9999,-9999.0,80.0,48.2,76.0
20240109-1100,Mountain View Moffett Field Naval Air Station,"Mountain View, California, US",9.0,5.0,-9999.0,-9999.0,-9999.0,0.0,0,-9999,-9999.0,80.0,48.2,76.0
20240109-1200,Mountain View Moffett Field Naval Air Station,"Mountain View, California, US",9.0,5.0,-9999.0,-9999.0,-9999.0,9.360000000000001,150,-9999,-9999.0,80.0,48.2,76.0
20240109-1300,Mountain View Moffett Field Naval Air Station,"Mountain View, California, US",9.0,5.0,-9999.0,-9999.0,-9999.0,0.0,0,-9999,-9999.0,80.0,48.2,76.0
20240109-1400,Mountain View Moffett Field Naval Air Station,"Mountain View, California, US",8.0,6.0,-9999.0,-9999.0,-9999.0,11.16,150,25,-9999.0,90.0,46.4,87.2
20240109-1500,Mountain View Moffett Field Naval Air Station,"Mountain View, California, US",8.0,6.0,-9999.0,-9999.0,-9999.0,7.5600000000000005,150,-9999,-9999.0,90.0,46.4,87.2
20240109-1600,Mountain View Moffett Field Naval Air Station,"Mountain View, California, US",9.0,6.0,-9999.0,-9999.0,-9999.0,12.959999999999999,150,-9999,-9999.0,85.0,48.2,81.5
20240109-1700,Mountain View Moffett Field Naval Air Station,"Mountain View, California, US",9.0,5.0,-9999.0,-9999.0,-9999.0,16.56,140,-9999,-9999.0,80.0,48.2,76.0
20240109-1800,Mountain View Moffett Field Naval Air Station,"Mountain View, California, US",10.0,5.0,-9999.0,-9999.0,-9999.0,11.16,150,-9999,-9999.0,75.0,50.0,71.1
20240109-1900,Mountain View Moffett Field Naval Air Station,"Mountain View, California, US",12.0,5.0,-9999.0,-9999.0,-9999.0,16.56,140,-9999,-9999.0,65.0,53.6,62.2
20240109-2000,Mountain View Moffett Field Naval Air Station,"Mountain View, California, US",14.0,6.0,-9999.0,-9999.0,-9999.0,9.360000000000001,140,-9999,-9999.0,60.0,57.2,58.5
20240109-2100,Mountain View Moffett Field Naval Air Station,"Mountain View, California, US",12.0,9.0,-9999.0,-9999.0,-9999.0,12.959999999999999,350,-9999,-9999.0,85.0,53.6,81.9
20240109-2200,Mountain View Moffett Field Naval Air Station,"Mountain View, California, US",12.0,9.0,-9999.0,0.3,-9999.0,11.16,260,-9999,-9999.0,85.0,53.6,81.9
20240109-2300,Mountain View Moffett Field Naval Air Station,"Mountain View, California, US",14.0,8.0,-9999.0,-9999.0,-9999.0,7.5600000000000005,310,-9999,-9999.0,70.0,57.2,67.1
20240110-0000,Mountain View Moffett Field Naval Air Station,"Mountain View, California, US",13.0,5.0,-9999.0,-9999.0,-9999.0,11.16,290,0,-9999.0,60.0,55.4,58.3
20240110-0100,Mountain View Moffett Field Naval Air Station,"Mountain View, California, US",12.0,6.0,-9999.0,-9999.0,-9999.0,12.959999999999999,310,-9999,-9999.0,70.0,53.6,66.7
20240110-0200,Mountain View Moffett Field Naval Air Station,"Mountain View, California, US",11.0,6.0,-9999.0,-9999.0,-9999.0,7.5600000000000005,260,0,-9999.0,75.0,51.8,71.3
20240110-0300,Mountain View Moffett Field Naval Air Station,"Mountain View, California, US",10.0,5.0,-9999.0,-9999.0,-9999.0,9.360000000000001,260,-9999,-9999.0,75.0,50.0,71.1
20240110-0400,Mountain View Moffett Field Naval Air Station,"Mountain View, California, US",10.0,5.0,-9999.0,-9999.0,-9999.0,11.16,280,-9999,-9999.0,75.0,50.0,71.1
20240110-0500,Mountain View Moffett Field Naval Air Station,"Mountain View, California, US",10.0,5.0,-9999.0,-9999.0,-9999.0,9.360000000000001,280,-9999,-9999.0,75.0,50.0,71.1
20240110-0600,Mountain View Moffett Field Naval Air Station,"Mountain View, California, US",9.0,5.0,-9999.0,-9999.0,-9999.0,7.5600000000000005,260,0,-9999.0,80.0,48.2,76.0
20240110-0700,Mountain View Moffett Field Naval Air Station,"Mountain View, California, US",8.0,4.0,-9999.0,-9999.0,-9999.0,9.360000000000001,280,0,-9999.0,80.0,46.4,75.8
20240110-0800,Mountain View Moffett Field Naval Air Station,"Mountain View, California, US",9.0,3.0,-9999.0,-9999.0,-9999.0,11.16,290,0,-9999.0,70.0,48.2,66.0
20240110-0900,Mountain View Moffett Field Naval Air Station,"Mountain View, California, US",8.0,3.0,-9999.0,-9999.0,-9999.0,9.360000000000001,310,0,-9999.0,75.0,46.4,70.7
20240110-1000,Mountain View Moffett Field Naval Air Station,"Mountain View, California, US",8.0,3.0,-9999.0,-9999.0,-9999.0,5.4,-9999,0,-9999.0,75.0,46.4,70.7
20240110-1100,Mountain View Moffett Field Naval Air Station,"Mountain View, California, US",6.0,3.0,-9999.0,-9999.0,-9999.0,0.0,0,25,-9999.0,85.0,42.8,81.1
20240110-1200,Mountain View Moffett Field Naval Air Station,"Mountain View, California, US",5.0,3.0,-9999.0,-9999.0,-9999.0,7.5600000000000005,140,50,-9999.0,90.0,41.0,86.9
20240110-1300,Mountain View Moffett Field Naval Air Station,"Mountain View, California, US",4.0,3.0,-9999.0,-9999.0,-9999.0,5.4,120,-9999,-9999.0,95.0,39.2,93.2
20240110-1400,Mountain View Moffett Field Naval Air Station,"Mountain View, California, US",6.0,2.0,-9999.0,-9999.0,-9999.0,11.16,140,-9999,-9999.0,80.0,42.8,75.5
20240110-1500,Mountain View Moffett Field Naval Air Station,"Mountain View, California, US",6.0,3.0,-9999.0,-9999.0,-9999.0,12.959999999999999,150,-9999,-9999.0,85.0,42.8,81.1
20240110-1600,Mountain View Moffett Field Naval Air Station,"Mountain View, California, US",7.0,3.0,-9999.0,-9999.0,-9999.0,0.0,0,-9999,-9999.0,80.0,44.6,75.7
20240110-1700,Mountain View Moffett Field Naval Air Station,"Mountain View, California, US",8.0,5.0,-9999.0,-9999.0,-9999.0,14.76,110,-9999,-9999.0,85.0,46.4,81.3
20240110-1800,Mountain View Moffett Field Naval Air Station,"Mountain View, California, US",8.0,6.0,-9999.0,-9999.0,-9999.0,12.959999999999999,110,-9999,-9999.0,90.0,46.4,87.2
20240110-1900,Mountain View Moffett Field Naval Air Station,"Mountain View, California, US",8.0,7.0,-9999.0,0.5,-9999.0,14.76,130,-9999,-9999.0,95.0,46.4,93.4
20240110-2000,Mountain View Moffett Field Naval Air Station,"Mountain View, California, US",9.0,7.0,-9999.0,0.3,-9999.0,18.36,130,-9999,-9999.0,90.0,48.2,87.3
20240110-2100,Mountain View Moffett Field Naval Air Station,"Mountain View, California, US",9.0,8.0,-9999.0,1.3,-9999.0,14.76,140,-9999,-9999.0,95.0,48.2,93.4
20240110-2200,Mountain View Moffett Field Naval Air Station,"Mountain View, California, US",11.0,10.0,-9999.0,-9999.0,-9999.0,0.0,0,-9999,-9999.0,95.0,51.8,93.5
20240110-2300,Mountain View Moffett Field Naval Air Station,"Mountain View, California, US",11.0,10.0,-9999.0,-9999.0,-9999.0,0.0,0,-9999,-9999.0,95.0,51.8,93.5
20240111-0000,Mountain View Moffett Field Naval Air Station,"Mountain View, California, US",11.0,10.0,-9999.0,0.5,-9999.0,0.0,0,-9999,-9999.0,95.0,51.8,93.5
20240111-0100,Mountain View Moffett Field Naval Air Station,"Mountain View, California, US",12.0,9.0,-9999.0,-9999.0,-9999.0,7.5600000000000005,230,-9999,-9999.0,85.0,53.6,81.9
20240111-0200,Mountain View Moffett Field Naval Air Station,"Mountain View, California, US",12.0,9.0,-9999.0,-9999.0,-9999.0,11.16,290,-9999,-9999.0,85.0,53.6,81.9
20240111-0300,Mountain View Moffett Field Naval Air Station,"Mountain View, California, US",12.0,9.0,-9999.0,-9999.0,-9999.0,20.520000000000003,270,-9999,-9999.0,85.0,53.6,81.9
20240111-0400,Mountain View Moffett Field Naval Air Station,"Mountain View, California, US",11.0,9.0,-9999.0,0.3,-9999.0,16.56,320,-9999,-9999.0,90.0,51.8,87.5
20240111-0500,Mountain View Moffett Field Naval Air Station,"Mountain View, California, US",10.0,8.0,-9999.0,0.3,-9999.0,11.16,-9999,-9999,-9999.0,90.0,50.0,87.4
20240111-0600,Mountain View Moffett Field Naval Air Station,"Mountain View, California, US",10.0,6.0,-9999.0,-9999.0,-9999.0,16.56,300,-9999,-9999.0,80.0,50.0,76.2
20240111-0700,Mountain View Moffett Field Naval Air Station,"Mountain View, California, US",9.0,4.0,-9999.0,-9999.0,-9999.0,16.56,290,0,-9999.0,75.0,48.2,70.9
20240111-0800,Mountain View Moffett Field Naval Air Station,"Mountain View, California, US",9.0,3.0,-9999.0,-9999.0,-9999.0,12.959999999999999,300,0,-9999.0,70.0,48.2,66.0
20240111-0900,Mountain View Moffett Field Naval Air Station,"Mountain View, California, US",8.0,2.0,-9999.0,-9999.0,-9999.0,12.959999999999999,300,0,-9999.0,70.0,46.4,65.8
20240111-1000,Mountain View Moffett Field Naval Air Station,"Mountain View, California, US",8.0,1.0,-9999.0,-9999.0,-9999.0,14.76,300,0,-9999.0,65.0,46.4,61.3
20240111-1100,Mountain View Moffett Field Naval Air Station,"Mountain View, California, US",8.0,1.0,-9999.0,-9999.0,-9999.0,14.76,310,0,-9999.0,65.0,46.4,61.3
20240111-1200,Mountain View Moffett Field Naval Air Station,"Mountain View, California, US",7.0,1.0,-9999.0,-9999.0,-9999.0,9.360000000000001,330,0,-9999.0,70.0,44.6,65.6
20240111-1300,Mountain View Moffett Field Naval Air Station,"Mountain View, California, US",4.0,1.0,-9999.0,-9999.0,-9999.0,5.4,330,0,-9999.0,85.0,39.2,80.8
20240111-1400,Mountain View Moffett Field Naval Air Station,"Mountain View, California, US",6.0,0.0,-9999.0,-9999.0,-9999.0,7.5600000000000005,320,0,-9999.0,70.0,42.8,65.4
20240111-1500,Mountain View Moffett Field Naval Air Station,"Mountain View, California, US",4.0,2.0,-9999.0,-9999.0,-9999.0,0.0,0,0,-9999.0,90.0,39.2,86.8
20240111-1600,Mountain View Moffett Field Naval Air Station,"Mountain View, California, US",4.0,2.0,-9999.0,-9999.0,-9999.0,0.0,0,0,-9999.0,90.0,39.2,86.8
20240111-1700,Mountain View Moffett Field Naval Air Station,"Mountain View, California, US",6.0,2.0,-9999.0,-9999.0,-9999.0,0.0,0,0,-9999.0,80.0,42.8,75.5
20240111-1800,Mountain View Moffett Field Naval Air Station,"Mountain View, California, US",8.0,2.0,-9999.0,-9999.0,-9999.0,7.5600000000000005,10,0,-9999.0,70.0,46.4,65.8
20240111-1900,Mountain View Moffett Field Naval Air Station,"Mountain View, California, US",9.0,3.0,-9999.0,-9999.0,-9999.0,7.5600000000000005,10,0,-9999.0,70.0,48.2,66.0
20240111-2000,Mountain View Moffett Field Naval Air Station,"Mountain View, California, US",10.0,1.0,-9999.0,-9999.0,-9999.0,0.0,0,0,-9999.0,55.0,50.0,53.5
20240111-2100,Mountain View Moffett Field Naval Air Station,"Mountain View, California, US",11.0,-2.0,-9999.0,-9999.0,-9999.0,14.76,350,0,-9999.0,35.0,51.8,40.2
20240111-2200,Mountain View Moffett Field Naval Air Station,"Mountain View, California, US",11.0,-4.0,-9999.0,-9999.0,-9999.0,9.360000000000001,10,0,-9999.0,25.0,51.8,34.7
20240111-2300,Mountain View Moffett Field Naval Air Station,"Mountain View, California, US",12.0,-1.0,-9999.0,-9999.0,-9999.0,9.360000000000001,360,0,-9999.0,35.0,53.6,40.5
20240112-0000,Mountain View Moffett Field Naval Air Station,"Mountain View, California, US",11.0,-2.0,-9999.0,-9999.0,-9999.0,9.360000000000001,350,0,-9999.0,35.0,51.8,40.2
20240112-0100,Mountain View Moffett Field Naval Air Station,"Mountain View, California, US",10.0,-1.0,-9999.0,-9999.0,-9999.0,7.5600000000000005,10,0,-9999.0,45.0,50.0,46.3
20240112-0200,Mountain View Moffett Field Naval Air Station,"Mountain View, California, US",9.0,0.0,-9999.0,-9999.0,-9999.0,0.0,0,0,-9999.0,55.0,48.2,53.3
20240112-0300,Mountain View Moffett Field Naval Air Station,"Mountain View, California, US",8.0,2.0,-9999.0,-9999.0,-9999.0,0.0,0,0,-9999.0,70.0,46.4,65.8
20240112-0400,Mountain View Moffett Field Naval Air Station,"Mountain View, California, US",8.0,2.0,-9999.0,-9999.0,-9999.0,5.4,250,0,-9999.0,70.0,46.4,65.8
20240112-0500,Mountain View Moffett Field Naval Air Station,"Mountain View, California, US",7.0,1.0,-9999.0,-9999.0,-9999.0,0.0,0,25,-9999.0,70.0,44.6,65.6
20240112-0600,Mountain View Moffett Field Naval Air Station,"Mountain View, California, US",6.0,1.0,-9999.0,-9999.0,-9999.0,0.0,0,25,-9999.0,75.0,42.8,70.3
20240112-0700,Mountain View Moffett Field Naval Air Station,"Mountain View, California, US",4.0,1.0,-9999.0,-9999.0,-9999.0,5.4,140,0,-9999.0,85.0,39.2,80.8
20240112-0800,Mountain View Moffett Field Naval Air Station,"Mountain View, California, US",4.0,1.0,-9999.0,-9999.0,-9999.0,7.5600000000000005,130,0,-9999.0,85.0,39.2,80.8
20240112-0900,Mountain View Moffett Field Naval Air Station,"Mountain View, California, US",5.0,2.0,-9999.0,-9999.0,-9999.0,0.0,0,0,-9999.0,85.0,41.0,80.9
20240112-1000,Mountain View Moffett Field Naval Air Station,"Mountain View, California, US",4.0,2.0,-9999.0,-9999.0,-9999.0,0.0,0,0,-9999.0,90.0,39.2,86.8
20240112-1100,Mountain View Moffett Field Naval Air Station,"Mountain View, California, US",4.0,2.0,-9999.0,-9999.0,-9999.0,0.0,0,0,-9999.0,90.0,39.2,86.8
20240112-1200,Mountain View Moffett Field Naval Air Station,"Mountain View, California, US",2.0,1.0,-9999.0,-9999.0,-9999.0,0.0,0,0,-9999.0,95.0,35.6,93.1
20240112-1300,Mountain View Moffett Field Naval Air Station,"Mountain View, California, US",3.0,2.0,-9999.0,-9999.0,-9999.0,0.0,0,0,-9999.0,95.0,37.4,93.1
20240112-1400,Mountain View Moffett Field Naval Air Station,"Mountain View, California, US",3.0,1.0,-9999.0,-9999.0,-9999.0,0.0,0,0,-9999.0,90.0,37.4,86.7
20240112-1500,Mountain View Moffett Field Naval Air Station,"Mountain View, California, US",3.0,2.0,-9999.0,-9999.0,-9999.0,7.5600000000000005,140,0,-9999.0,95.0,37.4,93.1
20240112-1600,Mountain View Moffett Field Naval Air Station,"Mountain View, California, US",4.0,2.0,-9999.0,-9999.0,-9999.0,9.360000000000001,140,0,-9999.0,90.0,39.2,86.8
20240112-1700,Mountain View Moffett Field Naval Air Station,"Mountain View, California, US",6.0,2.0,-9999.0,-9999.0,-9999.0,5.4,150,0,-9999.0,80.0,42.8,75.5
20240112-1800,Mountain View Moffett Field Naval Air Station,"Mountain View, California, US",8.0,3.0,-9999.0,-9999.0,-9999.0,9.360000000000001,140,0,-9999.0,75.0,46.4,70.7
20240112-1900,Mountain View Moffett Field Naval Air Station,"Mountain View, California, US",10.0,4.0,-9999.0,-9999.0,-9999.0,7.5600000000000005,130,0,-9999.0,70.0,50.0,66.3
20240112-2000,Mountain View Moffett Field Naval Air Station,"Mountain View, California, US",12.0,4.0,-9999.0,-9999.0,-9999.0,0.0,0,0,-9999.0,60.0,53.6,58.0
20240112-2100,Mountain View Moffett Field Naval Air Station,"Mountain View, California, US",12.0,5.0,-9999.0,-9999.0,-9999.0,9.360000000000001,360,-9999,-9999.0,65.0,53.6,62.2
20240112-2200,Mountain View Moffett Field Naval Air Station,"Mountain View, California, US",12.0,5.0,-9999.0,-9999.0,-9999.0,7.5600000000000005,50,0,-9999.0,65.0,53.6,62.2
20240112-2300,Mountain View Moffett Field Naval Air Station,"Mountain View, California, US",12.0,4.0,-9999.0,-9999.0,-9999.0,11.16,350,25,-9999.0,60.0,53.6,58.0
20240113-0000,Mountain View Moffett Field Naval Air Station,"Mountain View, California, US",12.0,5.0,-9999.0,-9999.0,-9999.0,7.5600000000000005,310,-9999,-9999.0,65.0,53.6,62.2
20240113-0100,Mountain View Moffett Field Naval Air Station,"Mountain View, California, US",11.0,5.0,-9999.0,-9999.0,-9999.0,11.16,340,-9999,-9999.0,70.0,51.8,66.5
20240113-0200,Mountain View Moffett Field Naval Air Station,"Mountain View, California, US",10.0,5.0,-9999.0,-9999.0,-9999.0,7.5600000000000005,340,-9999,-9999.0,75.0,50.0,71.1
20240113-0300,Mountain View Moffett Field Naval Air Station,"Mountain View, California, US",10.0,6.0,-9999.0,-9999.0,-9999.0,0.0,0,-9999,-9999.0,80.0,50.0,76.2
20240113-0400,Mountain View Moffett Field Naval Air Station,"Mountain View, California, US",10.0,6.0,-9999.0,-9999.0,-9999.0,0.0,0,-9999,-9999.0,80.0,50.0,76.2
20240113-0500,Mountain View Moffett Field Naval Air Station,"Mountain View, California, US",10.0,6.0,-9999.0,-9999.0,-9999.0,0.0,0,-9999,-9999.0,80.0,50.0,76.2
20240113-0600,Mountain View Moffett Field Naval Air Station,"Mountain View, California, US",9.0,6.0,-9999.0,-9999.0,-9999.0,0.0,0,-9999,-9999.0,85.0,48.2,81.5
20240113-0700,Mountain View Moffett Field Naval Air Station,"Mountain View, California, US",10.0,5.0,-9999.0,-9999.0,-9999.0,7.5600000000000005,150,-9999,-9999.0,75.0,50.0,71.1
20240113-0800,Mountain View Moffett Field Naval Air Station,"Mountain View, California, US",9.0,5.0,-9999.0,-9999.0,-9999.0,0.0,0,50,-9999.0,80.0,48.2,76.0
20240113-0900,Mountain View Moffett Field Naval Air Station,"Mountain View, California, US",8.0,5.0,-9999.0,-9999.0,-9999.0,5.4,110,-9999,-9999.0,85.0,46.4,81.3
20240113-1000,Mountain View Moffett Field Naval Air Station,"Mountain View, California, US",7.0,5.0,-9999.0,-9999.0,-9999.0,0.0,0,-9999,-9999.0,90.0,44.6,87.1
20240113-1100,Mountain View Moffett Field Naval Air Station,"Mountain View, California, US",7.0,5.0,-9999.0,-9999.0,-9999.0,0.0,0,50,-9999.0,90.0,44.6,87.1
20240113-1200,Mountain View Moffett Field Naval Air Station,"Mountain View, California, US",7.0,5.0,-9999.0,-9999.0,-9999.0,5.4,190,-9999,-9999.0,90.0,44.6,87.1
20240113-1300,Mountain View Moffett Field Naval Air Station,"Mountain View, California, US",7.0,5.0,-9999.0,-9999.0,-9999.0,0.0,0,-9999,-9999.0,90.0,44.6,87.1
20240113-1400,Mountain View Moffett Field Naval Air Station,"Mountain View, California, US",7.0,5.0,-9999.0,-9999.0,-9999.0,7.5600000000000005,150,-9999,-9999.0,90.0,44.6,87.1
20240113-1500,Mountain View Moffett Field Naval Air Station,"Mountain View, California, US",8.0,5.0,-9999.0,-9999.0,-9999.0,7.5600000000000005,140,-9999,-9999.0,85.0,46.4,81.3
20240113-1700,Mountain View Moffett Field Naval Air Station,"Mountain View, California, US",8.0,6.0,-9999.0,-9999.0,-9999.0,7.5600000000000005,150,-9999,-9999.0,90.0,46.4,87.2
20240113-1800,Mountain View Moffett Field Naval Air Station,"Mountain View, California, US",9.0,6.0,-9999.0,-9999.0,-9999.0,9.360000000000001,170,50,-9999.0,85.0,48.2,81.5
20240113-1900,Mountain View Moffett Field Naval Air Station,"Mountain View, California, US",11.0,6.0,-9999.0,-9999.0,-9999.0,11.16,140,-9999,-9999.0,75.0,51.8,71.3
20240113-2000,Mountain View Moffett Field Naval Air Station,"Mountain View, California, US",12.0,7.0,-9999.0,-9999.0,-9999.0,14.76,130,-9999,-9999.0,75.0,53.6,71.5
20240113-2100,Mountain View Moffett Field Naval Air Station,"Mountain View, California, US",13.0,7.0,-9999.0,-9999.0,-9999.0,12.959999999999999,140,-9999,-9999.0,70.0,55.4,66.9
20240113-2200,Mountain View Moffett Field Naval Air Station,"Mountain View, California, US",14.0,9.0,-9999.0,-9999.0,-9999.0,9.360000000000001,160,-9999,-9999.0,75.0,57.2,71.8
20240113-2300,Mountain View Moffett Field Naval Air Station,"Mountain View, California, US",14.0,9.0,-9999.0,-9999.0,-9999.0,14.76,130,-9999,-9999.0,75.0,57.2,71.8
20240114-0000,Mountain View Moffett Field Naval Air Station,"Mountain View, California, US",14.0,9.0,-9999.0,-9999.0,-9999.0,11.16,150,-9999,-9999.0,75.0,57.2,71.8
20240114-0100,Mountain View Moffett Field Naval Air Station,"Mountain View, California, US",14.0,9.0,-9999.0,-9999.0,-9999.0,12.959999999999999,160,-9999,-9999.0,75.0,57.2,71.8
20240114-0200,Mountain View Moffett Field Naval Air Station,"Mountain View, California, US",13.0,9.0,-9999.0,-9999.0,-9999.0,11.16,-9999,-9999,-9999.0,80.0,55.4,76.7
20240114-0300,Mountain View Moffett Field Naval Air Station,"Mountain View, California, US",13.0,10.0,-9999.0,-9999.0,-9999.0,12.959999999999999,150,-9999,-9999.0,85.0,55.4,82.0
20240114-0400,Mountain View Moffett Field Naval Air Station,"Mountain View, California, US",13.0,10.0,-9999.0,-9999.0,-9999.0,14.76,150,-9999,-9999.0,85.0,55.4,82.0
20240114-0500,Mountain View Moffett Field Naval Air Station,"Mountain View, California, US",12.0,11.0,-9999.0,1.3,-9999.0,9.360000000000001,140,-9999,-9999.0,95.0,53.6,93.6
20240114-0700,Mountain View Moffett Field Naval Air Station,"Mountain View, California, US",12.0,11.0,-9999.0,0.3,-9999.0,20.520000000000003,130,-9999,-9999.0,95.0,53.6,93.6
20240114-0800,Mountain View Moffett Field Naval Air Station,"Mountain View, California, US",12.0,11.0,-9999.0,-9999.0,-9999.0,18.36,130,-9999,-9999.0,95.0,53.6,93.6
20240114-0900,Mountain View Moffett Field Naval Air Station,"Mountain View, California, US",12.0,11.0,-9999.0,0.3,-9999.0,20.520000000000003,130,-9999,-9999.0,95.0,53.6,93.6
20240114-1000,Mountain View Moffett Field Naval Air Station,"Mountain View, California, US",12.0,11.0,-9999.0,-9999.0,-9999.0,18.36,130,-9999,-9999.0,95.0,53.6,93.6
20240114-1100,Mountain View Moffett Field Naval Air Station,"Mountain View, California, US",12.0,11.0,-9999.0,-9999.0,-9999.0,20.520000000000003,130,-9999,-9999.0,95.0,53.6,93.6
20240114-1200,Mountain View Moffett Field Naval Air Station,"Mountain View, California, US",12.0,11.0,-9999.0,-9999.0,-9999.0,12.959999999999999,140,-9999,-9999.0,95.0,53.6,93.6
20240114-1300,Mountain View Moffett Field Naval Air Station,"Mountain View, California, US",12.0,11.0,-9999.0,-9999.0,-9999.0,7.5600000000000005,150,-9999,-9999.0,95.0,53.6,93.6
20240114-1400,Mountain View Moffett Field Naval Air Station,"Mountain View, California, US",12.0,11.0,-9999.0,-9999.0,-9999.0,0.0,0,-9999,-9999.0,95.0,53.6,93.6
20240114-1500,Mountain View Moffett Field Naval Air Station,"Mountain View, California, US",12.0,11.0,-9999.0,-9999.0,-9999.0,0.0,0,-9999,-9999.0,95.0,53.6,93.6
20240114-1600,Mountain View Moffett Field Naval Air Station,"Mountain View, California, US",11.0,10.0,-9999.0,-9999.0,-9999.0,0.0,0,-9999,-9999.0,95.0,51.8,93.5
20240114-1700,Mountain View Moffett Field Naval Air Station,"Mountain View, California, US",12.0,11.0,-9999.0,-9999.0,-9999.0,0.0,0,0,-9999.0,95.0,53.6,93.6
20240114-1800,Mountain View Moffett Field Naval Air Station,"Mountain View, California, US",14.0,10.0,-9999.0,-9999.0,-9999.0,0.0,0,0,-9999.0,80.0,57.2,76.8
20240114-1900,Mountain View Moffett Field Naval Air Station,"Mountain View, California, US",14.0,9.0,-9999.0,-9999.0,-9999.0,9.360000000000001,40,50,-9999.0,75.0,57.2,71.8
20240114-2000,Mountain View Moffett Field Naval Air Station,"Mountain View, California, US",14.0,9.0,-9999.0,-9999.0,-9999.0,12.959999999999999,350,0,-9999.0,75.0,57.2,71.8
20240114-2100,Mountain View Moffett Field Naval Air Station,"Mountain View, California, US",14.0,8.0,-9999.0,-9999.0,-9999.0,12.959999999999999,360,0,-9999.0,70.0,57.2,67.1
20240114-2200,Mountain View Moffett Field Naval Air Station,"Mountain View, California, US",15.0,8.0,-9999.0,-9999.0,-9999.0,11.16,360,0,-9999.0,65.0,59.0,62.9
20240114-2300,Mountain View Moffett Field Naval Air Station,"Mountain View, California, US",15.0,7.0,-9999.0,-9999.0,-9999.0,12.959999999999999,340,0,-9999.0,60.0,59.0,58.8
20240115-0000,Mountain View Moffett Field Naval Air Station,"Mountain View, California, US",14.0,8.0,-9999.0,-9999.0,-9999.0,9.360000000000001,320,0,-9999.0,70.0,57.2,67.1
20240115-0100,Mountain View Moffett Field Naval Air Station,"Mountain View, California, US",13.0,9.0,-9999.0,-9999.0,-9999.0,11.16,330,50,-9999.0,80.0,55.4,76.7
20240115-0200,Mountain View Moffett Field Naval Air Station,"Mountain View, California, US",12.0,10.0,-9999.0,-9999.0,-9999.0,9.360000000000001,330,25,-9999.0,90.0,53.6,87.6
20240115-0300,Mountain View Moffett Field Naval Air Station,"Mountain View, California, US",11.0,9.0,-9999.0,-9999.0,-9999.0,0.0,0,50,-9999.0,90.0,51.8,87.5
20240115-0500,Mountain View Moffett Field Naval Air Station,"Mountain View, California, US",10.0,8.0,-9999.0,-9999.0,-9999.0,0.0,0,25,-9999.0,90.0,50.0,87.4
20240115-0600,Mountain View Moffett Field Naval Air Station,"Mountain View, California, US",10.0,9.0,-9999.0,-9999.0,-9999.0,11.16,330,50,-9999.0,95.0,50.0,93.5
20240115-0700,Mountain View Moffett Field Naval Air Station,"Mountain View, California, US",10.0,9.0,-9999.0,-9999.0,-9999.0,12.959999999999999,340,50,-9999.0,95.0,50.0,93.5
20240115-0800,Mountain View Moffett Field Naval Air Station,"Mountain View, California, US",10.0,8.0,-9999.0,-9999.0,-9999.0,0.0,0,50,-9999.0,90.0,50.0,87.4
20240115-0900,Mountain View Moffett Field Naval Air Station,"Mountain View, California, US",9.0,8.0,-9999.0,-9999.0,-9999.0,5.4,270,-9999,-9999.0,95.0,48.2,93.4
20240115-1000,Mountain View Moffett Field Naval Air Station,"Mountain View, California, US",10.0,8.0,-9999.0,-9999.0,-9999.0,0.0,0,-9999,-9999.0,90.0,50.0,87.4
20240115-1100,Mountain View Moffett Field Naval Air Station,"Mountain View, California, US",10.0,9.0,-9999.0,-9999.0,-9999.0,0.0,0,-9999,-9999.0,95.0,50.0,93.5
20240115-1200,Mountain View Moffett Field Naval Air Station,"Mountain View, California, US",10.0,9.0,-9999.0,-9999.0,-9999.0,0.0,0,-9999,-9999.0,95.0,50.0,93.5
20240115-1300,Mountain View Moffett Field Naval Air Station,"Mountain View, California, US",10.0,9.0,-9999.0,-9999.0,-9999.0,0.0,0,-9999,-9999.0,95.0,50.0,93.5
20240115-1400,Mountain View Moffett Field Naval Air Station,"Mountain View, California, US",10.0,8.0,-9999.0,-9999.0,-9999.0,0.0,0,-9999,-9999.0,90.0,50.0,87.4
20240115-1500,Mountain View Moffett Field Naval Air Station,"Mountain View, California, US",10.0,8.0,-9999.0,-9999.0,-9999.0,5.4,280,-9999,-9999.0,90.0,50.0,87.4
20240115-1600,Mountain View Moffett Field Naval Air Station,"Mountain View, California, US",10.0,8.0,-9999.0,-9999.0,-9999.0,0.0,0,-9999,-9999.0,90.0,50.0,87.4
20240115-1700,Mountain View Moffett Field Naval Air Station,"Mountain View, California, US",10.0,8.0,-9999.0,-9999.0,-9999.0,0.0,0,-9999,-9999.0,90.0,50.0,87.4
20240115-1800,Mountain View Moffett Field Naval Air Station,"Mountain View, California, US",11.0,9.0,-9999.0,-9999.0,-9999.0,0.0,0,-9999,-9999.0,90.0,51.8,87.5
20240115-1900,Mountain View Moffett Field Naval Air Station,"Mountain View, California, US",12.0,9.0,-9999.0,-9999.0,-9999.0,0.0,0,-9999,-9999.0,85.0,53.6,81.9
20240115-2000,Mountain View Moffett Field Naval Air Station,"Mountain View, California, US",11.0,8.0,-9999.0,-9999.0,-9999.0,0.0,0,-9999,-9999.0,85.0,51.8,81.7
20240115-2100,Mountain View Moffett Field Naval Air Station,"Mountain View, California, US",13.0,8.0,-9999.0,-9999.0,-9999.0,0.0,0,0,-9999.0,75.0,55.4,71.6
20240115-2200,Mountain View Moffett Field Naval Air Station,"Mountain View, California, US",14.0,9.0,-9999.0,-9999.0,-9999.0,7.5600000000000005,-9999,0,-9999.0,75.0,57.2,71.8
20240115-2300,Mountain View Moffett Field Naval Air Station,"Mountain View, California, US",15.0,9.0,-9999.0,-9999.0,-9999.0,0.0,0,0,-9999.0,70.0,59.0,67.3
20240116-0000,Mountain View Moffett Field Naval Air Station,"Mountain View, California, US",15.0,9.0,-9999.0,-9999.0,-9999.0,0.0,0,0,-9999.0,70.0,59.0,67.3
20240116-0100,Mountain View Moffett Field Naval Air Station,"Mountain View, California, US",14.0,9.0,-9999.0,-9999.0,-9999.0,0.0,0,0,-9999.0,75.0,57.2,71.8
20240116-0200,Mountain View Moffett Field Naval Air Station,"Mountain View, California, US",13.0,9.0,-9999.0,-9999.0,-9999.0,0.0,0,0,-9999.0,80.0,55.4,76.7
20240116-0300,Mountain View Moffett Field Naval Air Station,"Mountain View, California, US",11.0,8.0,-9999.0,-9999.0,-9999.0,0.0,0,0,-9999.0,85.0,51.8,81.7
20240116-0400,Mountain View Moffett Field Naval Air Station,"Mountain View, California, US",10.0,9.0,-9999.0,-9999.0,-9999.0,0.0,0,0,-9999.0,95.0,50.0,93.5
20240116-0500,Mountain View Moffett Field Naval Air Station,"Mountain View, California, US",9.0,8.0,-9999.0,-9999.0,-9999.0,0.0,0,0,-9999.0,95.0,48.2,93.4
20240116-0600,Mountain View Moffett Field Naval Air Station,"Mountain View, California, US",9.0,7.0,-9999.0,-9999.0,-9999.0,0.0,0,0,-9999.0,90.0,48.2,87.3
20240116-0700,Mountain View Moffett Field Naval Air Station,"Mountain View, California, US",8.0,7.0,-9999.0,-9999.0,-9999.0,0.0,0,0,-9999.0,95.0,46.4,93.4
20240116-0800,Mountain View Moffett Field Naval Air Station,"Mountain View, California, US",7.0,7.0,-9999.0,-9999.0,-9999.0,0.0,0,0,-9999.0,100.0,44.6,100.0
20240116-0900,Mountain View Moffett Field Naval Air Station,"Mountain View, California, US",7.0,6.0,-9999.0,-9999.0,-9999.0,0.0,0,0,-9999.0,95.0,44.6,93.3
20240116-1000,Mountain View Moffett Field Naval Air Station,"Mountain View, California, US",7.0,7.0,-9999.0,-9999.0,-9999.0,0.0,0,-9999,-9999.0,100.0,44.6,100.0
20240116-1100,Mountain View Moffett Field Naval Air Station,"Mountain View, California, US",8.0,7.0,-9999.0,-9999.0,-9999.0,0.0,0,-9999,-9999.0,95.0,46.4,93.4
20240116-1200,Mountain View Moffett Field Naval Air Station,"Mountain View, California, US",8.0,7.0,-9999.0,-9999.0,-9999.0,0.0,0,-9999,-9999.0,95.0,46.4,93.4
20240116-1300,Mountain View Moffett Field Naval Air Station,"Mountain View, California, US",8.0,7.0,-9999.0,-9999.0,-9999.0,0.0,0,-9999,-9999.0,95.0,46.4,93.4
20240116-1400,Mountain View Moffett Field Naval Air Station,"Mountain View, California, US",8.0,7.0,-9999.0,-9999.0,-9999.0,0.0,0,-9999,-9999.0,95.0,46.4,93.4
20240116-1500,Mountain View Moffett Field Naval Air Station,"Mountain View, California, US",9.0,8.0,-9999.0,-9999.0,-9999.0,0.0,0,-9999,-9999.0,95.0,48.2,93.4
20240116-1600,Mountain View Moffett Field Naval Air Station,"Mountain View, California, US",9.0,8.0,-9999.0,-9999.0,-9999.0,0.0,0,-9999,-9999.0,95.0,48.2,93.4
20240116-1700,Mountain View Moffett Field Naval Air Station,"Mountain View, California, US",10.0,9.0,-9999.0,-9999.0,-9999.0,0.0,0,-9999,-9999.0,95.0,50.0,93.5
20240116-1800,Mountain View Moffett Field Naval Air Station,"Mountain View, California, US",11.0,9.0,-9999.0,-9999.0,-9999.0,0.0,0,-9999,-9999.0,90.0,51.8,87.5
20240116-1900,Mountain View Moffett Field Naval Air Station,"Mountain View, California, US",13.0,9.0,-9999.0,-9999.0,-9999.0,0.0,0,-9999,-9999.0,80.0,55.4,76.7
20240116-2000,Mountain View Moffett Field Naval Air Station,"Mountain View, California, US",13.0,10.0,-9999.0,-9999.0,-9999.0,9.360000000000001,20,-9999,-9999.0,85.0,55.4,82.0
20240116-2100,Mountain View Moffett Field Naval Air Station,"Mountain View, California, US",13.0,9.0,-9999.0,-9999.0,-9999.0,5.4,360,-9999,-9999.0,80.0,55.4,76.7
20240116-2200,Mountain View Moffett Field Naval Air Station,"Mountain View, California, US",14.0,10.0,-9999.0,-9999.0,-9999.0,0.0,0,-9999,-9999.0,80.0,57.2,76.8
20240116-2300,Mountain View Moffett Field Naval Air Station,"Mountain View, California, US",14.0,10.0,-9999.0,-9999.0,-9999.0,5.4,340,-9999,-9999.0,80.0,57.2,76.8
20240117-0000,Mountain View Moffett Field Naval Air Station,"Mountain View, California, US",14.0,10.0,-9999.0,-9999.0,-9999.0,0.0,0,-9999,-9999.0,80.0,57.2,76.8
20240117-0200,Mountain View Moffett Field Naval Air Station,"Mountain View, California, US",13.0,11.0,-9999.0,-9999.0,-9999.0,7.5600000000000005,340,-9999,-9999.0,90.0,55.4,87.6
20240117-0300,Mountain View Moffett Field Naval Air Station,"Mountain View, California, US",12.0,11.0,-9999.0,-9999.0,-9999.0,0.0,0,-9999,-9999.0,95.0,53.6,93.6
20240117-0400,Mountain View Moffett Field Naval Air Station,"Mountain View, California, US",12.0,12.0,-9999.0,-9999.0,-9999.0,11.16,130,-9999,-9999.0,100.0,53.6,100.0
20240117-0500,Mountain View Moffett Field Naval Air Station,"Mountain View, California, US",13.0,12.0,-9999.0,0.5,-9999.0,20.520000000000003,120,-9999,-9999.0,95.0,55.4,93.6
20240117-0600,Mountain View Moffett Field Naval Air Station,"Mountain View, California, US",12.0,12.0,-9999.0,-9999.0,-9999.0,20.520000000000003,130,-9999,-9999.0,100.0,53.6,100.0
20240117-0700,Mountain View Moffett Field Naval Air Station,"Mountain View, California, US",13.0,12.0,-9999.0,-9999.0,-9999.0,18.36,130,-9999,-9999.0,95.0,55.4,93.6
20240117-0800,Mountain View Moffett Field Naval Air Station,"Mountain View, California, US",13.0,12.0,-9999.0,-9999.0,-9999.0,20.520000000000003,130,-9999,-9999.0,95.0,55.4,93.6
20240117-0900,Mountain View Moffett Field Naval Air Station,"Mountain View, California, US",13.0,12.0,-9999.0,-9999.0,-9999.0,11.16,150,-9999,-9999.0,95.0,55.4,93.6
20240117-1000,Mountain View Moffett Field Naval Air Station,"Mountain View, California, US",12.0,11.0,-9999.0,-9999.0,-9999.0,0.0,0,50,-9999.0,95.0,53.6,93.6
20240117-1100,Mountain View Moffett Field Naval Air Station,"Mountain View, California, US",11.0,11.0,-9999.0,-9999.0,-9999.0,0.0,0,0,-9999.0,100.0,51.8,100.0
20240117-1200,Mountain View Moffett Field Naval Air Station,"Mountain View, California, US",12.0,12.0,-9999.0,-9999.0,-9999.0,5.4,360,-9999,-9999.0,100.0,53.6,100.0
20240117-1300,Mountain View Moffett Field Naval Air Station,"Mountain View, California, US",11.0,11.0,-9999.0,-9999.0,-9999.0,0.0,0,-9999,-9999.0,100.0,51.8,100.0
20240117-1400,Mountain View Moffett Field Naval Air Station,"Mountain View, California, US",12.0,12.0,-9999.0,-9999.0,-9999.0,0.0,0,-9999,-9999.0,100.0,53.6,100.0
20240117-1500,Mountain View Moffett Field Naval Air Station,"Mountain View, California, US",12.0,11.0,-9999.0,-9999.0,-9999.0,0.0,0,-9999,-9999.0,95.0,53.6,93.6
20240117-1600,Mountain View Moffett Field Naval Air Station,"Mountain View, California, US",12.0,11.0,-9999.0,-9999.0,-9999.0,0.0,0,-9999,-9999.0,95.0,53.6,93.6
20240117-1700,Mountain View Moffett Field Naval Air Station,"Mountain View, California, US",13.0,11.0,-9999.0,-9999.0,-9999.0,0.0,0,-9999,-9999.0,90.0,55.4,87.6
20240117-1800,Mountain View Moffett Field Naval Air Station,"Mountain View, California, US",13.0,11.0,-9999.0,-9999.0,-9999.0,5.4,320,-9999,-9999.0,90.0,55.4,87.6
20240117-1900,Mountain View Moffett Field Naval Air Station,"Mountain View, California, US",13.0,11.0,-9999.0,-9999.0,-9999.0,11.16,20,-9999,-9999.0,90.0,55.4,87.6
20240117-2000,Mountain View Moffett Field Naval Air Station,"Mountain View, California, US",14.0,11.0,-9999.0,-9999.0,-9999.0,12.959999999999999,360,0,-9999.0,85.0,57.2,82.1
20240117-2100,Mountain View Moffett Field Naval Air Station,"Mountain View, California, US",14.0,10.0,-9999.0,-9999.0,-9999.0,7.5600000000000005,20,25,-9999.0,80.0,57.2,76.8
20240117-2200,Mountain View Moffett Field Naval Air Station,"Mountain View, California, US",14.0,10.0,-9999.0,-9999.0,-9999.0,7.5600000000000005,340,0,-9999.0,80.0,57.2,76.8
20240117-2300,Mountain View Moffett Field Naval Air Station,"Mountain View, California, US",15.0,9.0,-9999.0,-9999.0,-9999.0,11.16,290,0,-9999.0,70.0,59.0,67.3
20240118-0000,Mountain View Moffett Field Naval Air Station,"Mountain View, California, US",16.0,8.0,-9999.0,-9999.0,-9999.0,9.360000000000001,280,0,-9999.0,60.0,60.8,59.0
20240118-0100,Mountain View Moffett Field Naval Air Station,"Mountain View, California, US",15.0,9.0,-9999.0,-9999.0,-9999.0,0.0,0,0,-9999.0,70.0,59.0,67.3
20240118-0200,Mountain View Moffett Field Naval Air Station,"Mountain View, California, US",13.0,8.0,-9999.0,-9999.0,-9999.0,7.5600000000000005,340,0,-9999.0,75.0,55.4,71.6
20240118-0300,Mountain View Moffett Field Naval Air Station,"Mountain View, California, US",12.0,8.0,-9999.0,-9999.0,-9999.0,0.0,0,0,-9999.0,80.0,53.6,76.5
20240118-0400,Mountain View Moffett Field Naval Air Station,"Mountain View, California, US",11.0,8.0,-9999.0,-9999.0,-9999.0,0.0,0,0,-9999.0,85.0,51.8,81.7
20240118-0500,Mountain View Moffett Field Naval Air Station,"Mountain View, California, US",10.0,8.0,-9999.0,-9999.0,-9999.0,0.0,0,0,-9999.0,90.0,50.0,87.4
20240118-0600,Mountain View Moffett Field Naval Air Station,"Mountain View, California, US",9.0,7.0,-9999.0,-9999.0,-9999.0,0.0,0,0,-9999.0,90.0,48.2,87.3
20240118-0700,Mountain View Moffett Field Naval Air Station,"Mountain View, California, US",9.0,7.0,-9999.0,-9999.0,-9999.0,0.0,0,0,-9999.0,90.0,48.2,87.3
20240118-0800,Mountain View Moffett Field Naval Air Station,"Mountain View, California, US",8.0,7.0,-9999.0,-9999.0,-9999.0,0.0,0,0,-9999.0,95.0,46.4,93.4
20240118-0900,Mountain View Moffett Field Naval Air Station,"Mountain View, California, US",8.0,7.0,-9999.0,-9999.0,-9999.0,0.0,0,0,-9999.0,95.0,46.4,93.4
20240118-1000,Mountain View Moffett Field Naval Air Station,"Mountain View, California, US",7.0,6.0,-9999.0,-9999.0,-9999.0,0.0,0,0,-9999.0,95.0,44.6,93.3
20240118-1100,Mountain View Moffett Field Naval Air Station,"Mountain View, California, US",7.0,6.0,-9999.0,-9999.0,-9999.0,0.0,0,0,-9999.0,95.0,44.6,93.3
20240118-1200,Mountain View Moffett Field Naval Air Station,"Mountain View, California, US",6.0,6.0,-9999.0,-9999.0,-9999.0,5.4,150,0,-9999.0,100.0,42.8,100.0
20240118-1300,Mountain View Moffett Field Naval Air Station,"Mountain View, California, US",7.0,6.0,-9999.0,-9999.0,-9999.0,0.0,0,0,-9999.0,95.0,44.6,93.3
20240118-1400,Mountain View Moffett Field Naval Air Station,"Mountain View, California, US",7.0,6.0,-9999.0,-9999.0,-9999.0,5.4,70,0,-9999.0,95.0,44.6,93.3
20240118-1500,Mountain View Moffett Field Naval Air Station,"Mountain View, California, US",7.0,6.0,-9999.0,-9999.0,-9999.0,0.0,0,0,-9999.0,95.0,44.6,93.3
20240118-1600,Mountain View Moffett Field Naval Air Station,"Mountain View, California, US",7.0,6.0,-9999.0,-9999.0,-9999.0,0.0,0,0,-9999.0,95.0,44.6,93.3
20240118-1700,Mountain View Moffett Field Naval Air Station,"Mountain View, California, US",8.0,7.0,-9999.0,-9999.0,-9999.0,0.0,0,0,-9999.0,95.0,46.4,93.4
20240118-1800,Mountain View Moffett Field Naval Air Station,"Mountain View, California, US",11.0,8.0,-9999.0,-9999.0,-9999.0,0.0,0,0,-9999.0,85.0,51.8,81.7
20240118-1900,Mountain View Moffett Field Naval Air Station,"Mountain View, California, US",13.0,8.0,-9999.0,-9999.0,-9999.0,0.0,0,0,-9999.0,75.0,55.4,71.6
20240118-2000,Mountain View Moffett Field Naval Air Station,"Mountain View, California, US",13.0,8.0,-9999.0,-9999.0,-9999.0,0.0,0,0,-9999.0,75.0,55.4,71.6
20240118-2100,Mountain View Moffett Field Naval Air Station,"Mountain View, California, US",14.0,8.0,-9999.0,-9999.0,-9999.0,7.5600000000000005,130,0,-9999.0,70.0,57.2,67.1
20240118-2200,Mountain View Moffett Field Naval Air Station,"Mountain View, California, US",14.0,9.0,-9999.0,-9999.0,-9999.0,7.5600000000000005,350,0,-9999.0,75.0,57.2,71.8
20240118-2300,Mountain View Moffett Field Naval Air Station,"Mountain View, California, US",15.0,9.0,-9999.0,-9999.0,-9999.0,12.959999999999999,20,0,-9999.0,70.0,59.0,67.3
20240119-0000,Mountain View Moffett Field Naval Air Station,"Mountain View, California, US",15.0,9.0,-9999.0,-9999.0,-9999.0,0.0,0,0,-9999.0,70.0,59.0,67.3
20240119-0100,Mountain View Moffett Field Naval Air Station,"Mountain View, California, US",14.0,10.0,-9999.0,-9999.0,-9999.0,7.5600000000000005,30,0,-9999.0,80.0,57.2,76.8
20240119-0200,Mountain View Moffett Field Naval Air Station,"Mountain View, California, US",14.0,10.0,-9999.0,-9999.0,-9999.0,0.0,0,0,-9999.0,80.0,57.2,76.8
20240119-0300,Mountain View Moffett Field Naval Air Station,"Mountain View, California, US",13.0,10.0,-9999.0,-9999.0,-9999.0,0.0,0,0,-9999.0,85.0,55.4,82.0
20240119-0400,Mountain View Moffett Field Naval Air Station,"Mountain View, California, US",12.0,10.0,-9999.0,-9999.0,-9999.0,0.0,0,0,-9999.0,90.0,53.6,87.6
20240119-0500,Mountain View Moffett Field Naval Air Station,"Mountain View, California, US",12.0,9.0,-9999.0,-9999.0,-9999.0,0.0,0,0,-9999.0,85.0,53.6,81.9
20240119-0600,Mountain View Moffett Field Naval Air Station,"Mountain View, California, US",12.0,9.0,-9999.0,-9999.0,-9999.0,0.0,0,0,-9999.0,85.0,53.6,81.9
20240119-0700,Mountain View Moffett Field Naval Air Station,"Mountain View, California, US",11.0,9.0,-9999.0,-9999.0,-9999.0,0.0,0,0,-9999.0,90.0,51.8,87.5
20240119-0800,Mountain View Moffett Field Naval Air Station,"Mountain View, California, US",10.0,9.0,-9999.0,-9999.0,-9999.0,11.16,100,25,-9999.0,95.0,50.0,93.5
20240119-0900,Mountain View Moffett Field Naval Air Station,"Mountain View, California, US",11.0,8.0,-9999.0,-9999.0,-9999.0,0.0,0,25,-9999.0,85.0,51.8,81.7
20240119-1000,Mountain View Moffett Field Naval Air Station,"Mountain View, California, US",10.0,8.0,-9999.0,-9999.0,-9999.0,0.0,0,50,-9999.0,90.0,50.0,87.4
20240119-1100,Mountain View Moffett Field Naval Air Station,"Mountain View, California, US",10.0,9.0,-9999.0,-9999.0,-9999.0,5.4,230,0,-9999.0,95.0,50.0,93.5
20240119-1200,Mountain View Moffett Field Naval Air Station,"Mountain View, California, US",10.0,8.0,-9999.0,-9999.0,-9999.0,0.0,0,0,-9999.0,90.0,50.0,87.4
20240119-1300,Mountain View Moffett Field Naval Air Station,"Mountain View, California, US",10.0,8.0,-9999.0,-9999.0,-9999.0,7.5600000000000005,230,0,-9999.0,90.0,50.0,87.4
20240119-1400,Mountain View Moffett Field Naval Air Station,"Mountain View, California, US",9.0,8.0,-9999.0,-9999.0,-9999.0,5.4,270,0,-9999.0,95.0,48.2,93.4
20240119-1500,Mountain View Moffett Field Naval Air Station,"Mountain View, California, US",10.0,9.0,-9999.0,-9999.0,-9999.0,0.0,0,0,-9999.0,95.0,50.0,93.5
20240119-1600,Mountain View Moffett Field Naval Air Station,"Mountain View, California, US",9.0,8.0,-9999.0,-9999.0,-9999.0,0.0,0,0,-9999.0,95.0,48.2,93.4
20240119-1700,Mountain View Moffett Field Naval Air Station,"Mountain View, California, US",11.0,9.0,-9999.0,-9999.0,-9999.0,0.0,0,0,-9999.0,90.0,51.8,87.5
20240119-1800,Mountain View Moffett Field Naval Air Station,"Mountain View, California, US",11.0,10.0,-9999.0,-9999.0,-9999.0,7.5600000000000005,80,0,-9999.0,95.0,51.8,93.5
20240119-1900,Mountain View Moffett Field Naval Air Station,"Mountain View, California, US",12.0,10.0,-9999.0,-9999.0,-9999.0,7.5600000000000005,230,-9999,-9999.0,90.0,53.6,87.6
20240119-2000,Mountain View Moffett Field Naval Air Station,"Mountain View, California, US",14.0,9.0,-9999.0,-9999.0,-9999.0,0.0,0,-9999,-9999.0,75.0,57.2,71.8
20240119-2100,Mountain View Moffett Field Naval Air Station,"Mountain View, California, US",13.0,11.0,-9999.0,-9999.0,-9999.0,5.4,30,-9999,-9999.0,90.0,55.4,87.6
20240119-2200,Mountain View Moffett Field Naval Air Station,"Mountain View, California, US",14.0,10.0,-9999.0,-9999.0,-9999.0,9.360000000000001,70,-9999,-9999.0,80.0,57.2,76.8
20240119-2300,Mountain View Moffett Field Naval Air Station,"Mountain View, California, US",14.0,9.0,-9999.0,0.3,-9999.0,16.56,180,-9999,-9999.0,75.0,57.2,71.8
20240120-0000,Mountain View Moffett Field Naval Air Station,"Mountain View, California, US",14.0,10.0,-9999.0,0.3,-9999.0,14.76,140,-9999,-9999.0,80.0,57.2,76.8
20240120-0100,Mountain View Moffett Field Naval Air Station,"Mountain View, California, US",13.0,11.0,-9999.0,-9999.0,-9999.0,18.36,150,50,-9999.0,90.0,55.4,87.6
20240120-0200,Mountain View Moffett Field Naval Air Station,"Mountain View, California, US",13.0,11.0,-9999.0,-9999.0,-9999.0,14.76,130,-9999,-9999.0,90.0,55.4,87.6
20240120-0300,Mountain View Moffett Field Naval Air Station,"Mountain View, California, US",15.0,11.0,-9999.0,-9999.0,-9999.0,18.36,160,-9999,-9999.0,80.0,59.0,77.0
20240120-0400,Mountain View Moffett Field Naval Air Station,"Mountain View, California, US",14.0,11.0,-9999.0,-9999.0,-9999.0,16.56,180,-9999,-9999.0,85.0,57.2,82.1
20240120-0500,Mountain View Moffett Field Naval Air Station,"Mountain View, California, US",14.0,11.0,-9999.0,-9999.0,-9999.0,14.76,150,-9999,-9999.0,85.0,57.2,82.1
20240120-0600,Mountain View Moffett Field Naval Air Station,"Mountain View, California, US",15.0,11.0,-9999.0,-9999.0,-9999.0,16.56,130,-9999,-9999.0,80.0,59.0,77.0
20240120-0700,Mountain View Moffett Field Naval Air Station,"Mountain View, California, US",14.0,11.0,-9999.0,-9999.0,-9999.0,9.360000000000001,160,-9999,-9999.0,85.0,57.2,82.1
20240120-0800,Mountain View Moffett Field Naval Air Station,"Mountain View, California, US",14.0,11.0,-9999.0,-9999.0,-9999.0,16.56,130,-9999,-9999.0,85.0,57.2,82.1
20240120-0900,Mountain View Moffett Field Naval Air Station,"Mountain View, California, US",13.0,12.0,-9999.0,-9999.0,-9999.0,12.959999999999999,140,-9999,-9999.0,95.0,55.4,93.6
20240120-1000,Mountain View Moffett Field Naval Air Station,"Mountain View, California, US",13.0,12.0,-9999.0,-9999.0,-9999.0,9.360000000000001,140,-9999,-9999.0,95.0,55.4,93.6
20240120-1100,Mountain View Moffett Field Naval Air Station,"Mountain View, California, US",13.0,12.0,-9999.0,-9999.0,-9999.0,7.5600000000000005,130,-9999,-9999.0,95.0,55.4,93.6
20240120-1200,Mountain View Moffett Field Naval Air Station,"Mountain View, California, US",12.0,12.0,-9999.0,-9999.0,-9999.0,7.5600000000000005,140,-9999,-9999.0,100.0,53.6,100.0
20240120-1300,Mountain View Moffett Field Naval Air Station,"Mountain View, California, US",13.0,12.0,-9999.0,-9999.0,-9999.0,9.360000000000001,140,-9999,-9999.0,95.0,55.4,93.6
20240120-1400,Mountain View Moffett Field Naval Air Station,"Mountain View, California, US",13.0,12.0,-9999.0,-9999.0,-9999.0,11.16,140,-9999,-9999.0,95.0,55.4,93.6
20240120-1500,Mountain View Moffett Field Naval Air Station,"Mountain View, California, US",13.0,12.0,-9999.0,-9999.0,-9999.0,12.959999999999999,150,-9999,-9999.0,95.0,55.4,93.6
20240120-1600,Mountain View Moffett Field Naval Air Station,"Mountain View, California, US",14.0,11.0,-9999.0,-9999.0,-9999.0,12.959999999999999,160,-9999,-9999.0,85.0,57.2,82.1
20240120-1700,Mountain View Moffett Field Naval Air Station,"Mountain View, California, US",13.0,12.0,-9999.0,0.3,-9999.0,12.959999999999999,170,-9999,-9999.0,95.0,55.4,93.6
20240120-1800,Mountain View Moffett Field Naval Air Station,"Mountain View, California, US",16.0,12.0,-9999.0,-9999.0,-9999.0,18.36,150,-9999,-9999.0,80.0,60.8,77.1
20240120-1900,Mountain View Moffett Field Naval Air Station,"Mountain View, California, US",16.0,11.0,-9999.0,-9999.0,-9999.0,14.76,150,-9999,-9999.0,75.0,60.8,72.2
20240120-2000,Mountain View Moffett Field Naval Air Station,"Mountain View, California, US",17.0,11.0,-9999.0,-9999.0,-9999.0,20.520000000000003,170,-9999,-9999.0,70.0,62.6,67.7
20240120-2100,Mountain View Moffett Field Naval Air Station,"Mountain View, California, US",15.0,12.0,-9999.0,-9999.0,-9999.0,9.360000000000001,-9999,-9999,-9999.0,85.0,59.0,82.2
20240120-2200,Mountain View Moffett Field Naval Air Station,"Mountain View, California, US",14.0,13.0,-9999.0,-9999.0,-9999.0,7.5600000000000005,170,-9999,-9999.0,95.0,57.2,93.7
20240120-2300,Mountain View Moffett Field Naval Air Station,"Mountain View, California, US",15.0,12.0,-9999.0,-9999.0,-9999.0,0.0,0,-9999,-9999.0,85.0,59.0,82.2
20240121-0000,Mountain View Moffett Field Naval Air Station,"Mountain View, California, US",14.0,10.0,-9999.0,-9999.0,-9999.0,12.959999999999999,170,-9999,-9999.0,80.0,57.2,76.8
20240121-0100,Mountain View Moffett Field Naval Air Station,"Mountain View, California, US",14.0,10.0,-9999.0,0.3,-9999.0,7.5600000000000005,170,-9999,-9999.0,80.0,57.2,76.8
20240121-0200,Mountain View Moffett Field Naval Air Station,"Mountain View, California, US",13.0,10.0,-9999.0,-9999.0,-9999.0,9.360000000000001,120,-9999,-9999.0,85.0,55.4,82.0
20240121-0300,Mountain View Moffett Field Naval Air Station,"Mountain View, California, US",13.0,9.0,-9999.0,-9999.0,-9999.0,14.76,140,-9999,-9999.0,80.0,55.4,76.7
20240121-0400,Mountain View Moffett Field Naval Air Station,"Mountain View, California, US",13.0,9.0,-9999.0,-9999.0,-9999.0,12.959999999999999,130,-9999,-9999.0,80.0,55.4,76.7
20240121-0500,Mountain View Moffett Field Naval Air Station,"Mountain View, California, US",13.0,10.0,-9999.0,-9999.0,-9999.0,14.76,150,-9999,-9999.0,85.0,55.4,82.0
20240121-0600,Mountain View Moffett Field Naval Air Station,"Mountain View, California, US",13.0,10.0,-9999.0,-9999.0,-9999.0,12.959999999999999,140,-9999,-9999.0,85.0,55.4,82.0
20240121-0700,Mountain View Moffett Field Naval Air Station,"Mountain View, California, US",13.0,10.0,-9999.0,-9999.0,-9999.0,12.959999999999999,140,-9999,-9999.0,85.0,55.4,82.0
20240121-0800,Mountain View Moffett Field Naval Air Station,"Mountain View, California, US",13.0,10.0,-9999.0,0.5,-9999.0,12.959999999999999,150,-9999,-9999.0,85.0,55.4,82.0
20240121-0900,Mountain View Moffett Field Naval Air Station,"Mountain View, California, US",12.0,11.0,-9999.0,1.0,-9999.0,11.16,130,-9999,-9999.0,95.0,53.6,93.6
20240121-1000,Mountain View Moffett Field Naval Air Station,"Mountain View, California, US",12.0,11.0,-9999.0,-9999.0,-9999.0,12.959999999999999,130,-9999,-9999.0,95.0,53.6,93.6
20240121-1100,Mountain View Moffett Field Naval Air Station,"Mountain View, California, US",12.0,11.0,-9999.0,0.3,-9999.0,14.76,130,-9999,-9999.0,95.0,53.6,93.6
20240121-1200,Mountain View Moffett Field Naval Air Station,"Mountain View, California, US",12.0,11.0,-9999.0,-9999.0,-9999.0,18.36,130,-9999,-9999.0,95.0,53.6,93.6
20240121-1300,Mountain View Moffett Field Naval Air Station,"Mountain View, California, US",12.0,11.0,-9999.0,-9999.0,-9999.0,14.76,130,-9999,-9999.0,95.0,53.6,93.6
20240121-1400,Mountain View Moffett Field Naval Air Station,"Mountain View, California, US",12.0,10.0,-9999.0,-9999.0,-9999.0,20.520000000000003,140,-9999,-9999.0,90.0,53.6,87.6
20240121-1500,Mountain View Moffett Field Naval Air Station,"Mountain View, California, US",11.0,10.0,-9999.0,-9999.0,-9999.0,14.76,130,50,-9999.0,95.0,51.8,93.5
20240121-1600,Mountain View Moffett Field Naval Air Station,"Mountain View, California, US",12.0,10.0,-9999.0,-9999.0,-9999.0,14.76,140,0,-9999.0,90.0,53.6,87.6
20240121-1700,Mountain View Moffett Field Naval Air Station,"Mountain View, California, US",13.0,10.0,-9999.0,-9999.0,-9999.0,18.36,130,50,-9999.0,85.0,55.4,82.0
20240121-1800,Mountain View Moffett Field Naval Air Station,"Mountain View, California, US",15.0,11.0,-9999.0,-9999.0,-9999.0,22.32,120,-9999,-9999.0,80.0,59.0,77.0
20240121-1900,Mountain View Moffett Field Naval Air Station,"Mountain View, California, US",16.0,11.0,-9999.0,-9999.0,-9999.0,18.36,150,25,-9999.0,75.0,60.8,72.2
20240121-2000,Mountain View Moffett Field Naval Air Station,"Mountain View, California, US",16.0,11.0,-9999.0,-9999.0,-9999.0,24.12,180,0,-9999.0,75.0,60.8,72.2
20240121-2100,Mountain View Moffett Field Naval Air Station,"Mountain View, California, US",17.0,11.0,-9999.0,-9999.0,-9999.0,20.520000000000003,160,-9999,-9999.0,70.0,62.6,67.7
20240121-2200,Mountain View Moffett Field Naval Air Station,"Mountain View, California, US",16.0,11.0,-9999.0,-9999.0,-9999.0,14.76,150,-9999,-9999.0,75.0,60.8,72.2
20240121-2300,Mountain View Moffett Field Naval Air Station,"Mountain View, California, US",16.0,11.0,-9999.0,-9999.0,-9999.0,18.36,170,50,-9999.0,75.0,60.8,72.2
20240122-0000,Mountain View Moffett Field Naval Air Station,"Mountain View, California, US",16.0,11.0,-9999.0,-9999.0,-9999.0,16.56,150,-9999,-9999.0,75.0,60.8,72.2
20240122-0100,Mountain View Moffett Field Naval Air Station,"Mountain View, California, US",16.0,11.0,-9999.0,-9999.0,-9999.0,9.360000000000001,180,-9999,-9999.0,75.0,60.8,72.2
20240122-0200,Mountain View Moffett Field Naval Air Station,"Mountain View, California, US",16.0,12.0,-9999.0,-9999.0,-9999.0,16.56,140,-9999,-9999.0,80.0,60.8,77.1
20240122-0300,Mountain View Moffett Field Naval Air Station,"Mountain View, California, US",16.0,12.0,-9999.0,-9999.0,-9999.0,12.959999999999999,170,-9999,-9999.0,80.0,60.8,77.1
20240122-0400,Mountain View Moffett Field Naval Air Station,"Mountain View, California, US",15.0,12.0,-9999.0,0.3,-9999.0,16.56,150,-9999,-9999.0,85.0,59.0,82.2
20240122-0500,Mountain View Moffett Field Naval Air Station,"Mountain View, California, US",15.0,11.0,-9999.0,-9999.0,-9999.0,14.76,150,-9999,-9999.0,80.0,59.0,77.0
20240122-0600,Mountain View Moffett Field Naval Air Station,"Mountain View, California, US",14.0,12.0,-9999.0,0.8,-9999.0,22.32,160,-9999,-9999.0,90.0,57.2,87.7
20240122-0700,Mountain View Moffett Field Naval Air Station,"Mountain View, California, US",14.0,12.0,-9999.0,0.3,-9999.0,25.919999999999998,140,-9999,-9999.0,90.0,57.2,87.7
20240122-0800,Mountain View Moffett Field Naval Air Station,"Mountain View, California, US",13.0,12.0,-9999.0,1.0,-9999.0,16.56,130,-9999,-9999.0,95.0,55.4,93.6
20240122-0900,Mountain View Moffett Field Naval Air Station,"Mountain View, California, US",13.0,12.0,-9999.0,1.3,-9999.0,20.520000000000003,140,-9999,-9999.0,95.0,55.4,93.6
20240122-1000,Mountain View Moffett Field Naval Air Station,"Mountain View, California, US",13.0,12.0,-9999.0,0.8,-9999.0,11.16,-9999,-9999,-9999.0,95.0,55.4,93.6
20240122-1200,Mountain View Moffett Field Naval Air Station,"Mountain View, California, US",13.0,12.0,-9999.0,6.1,-9999.0,7.5600000000000005,-9999,-9999,-9999.0,95.0,55.4,93.6
20240122-1300,Mountain View Moffett Field Naval Air Station,"Mountain View, California, US",13.0,13.0,-9999.0,-9999.0,-9999.0,0.0,0,-9999,-9999.0,100.0,55.4,100.0
20240122-1400,Mountain View Moffett Field Naval Air Station,"Mountain View, California, US",13.0,13.0,-9999.0,10.2,-9999.0,9.360000000000001,130,-9999,-9999.0,100.0,55.4,100.0
20240122-1500,Mountain View Moffett Field Naval Air Station,"Mountain View, California, US",13.0,13.0,-9999.0,3.6,-9999.0,0.0,0,-9999,-9999.0,100.0,55.4,100.0
20240122-1600,Mountain View Moffett Field Naval Air Station,"Mountain View, California, US",13.0,13.0,-9999.0,-9999.0,-9999.0,0.0,0,-9999,-9999.0,100.0,55.4,100.0
20240122-1700,Mountain View Moffett Field Naval Air Station,"Mountain View, California, US",13.0,13.0,-9999.0,1.0,-9999.0,5.4,20,-9999,-9999.0,100.0,55.4,100.0
20240122-1800,Mountain View Moffett Field Naval Air Station,"Mountain View, California, US",14.0,14.0,-9999.0,1.0,-9999.0,0.0,0,-9999,-9999.0,100.0,57.2,100.0
20240122-1900,Mountain View Moffett Field Naval Air Station,"Mountain View, California, US",15.0,14.0,-9999.0,0.5,-9999.0,0.0,0,-9999,-9999.0,95.0,59.0,93.7
20240122-2000,Mountain View Moffett Field Naval Air Station,"Mountain View, California, US",15.0,14.0,-9999.0,0.8,-9999.0,0.0,0,-9999,-9999.0,95.0,59.0,93.7
20240122-2100,Mountain View Moffett Field Naval Air Station,"Mountain View, California, US",15.0,14.0,-9999.0,-9999.0,-9999.0,12.959999999999999,40,-9999,-9999.0,95.0,59.0,93.7
20240122-2200,Mountain View Moffett Field Naval Air Station,"Mountain View, California, US",15.0,13.0,-9999.0,-9999.0,-9999.0,5.4,10,-9999,-9999.0,90.0,59.0,87.8
20240122-2300,Mountain View Moffett Field Naval Air Station,"Mountain View, California, US",15.0,13.0,-9999.0,-9999.0,-9999.0,18.36,340,-9999,-9999.0,90.0,59.0,87.8
20240123-0000,Mountain View Moffett Field Naval Air Station,"Mountain View, California, US",15.0,12.0,-9999.0,-9999.0,-9999.0,12.959999999999999,300,-9999,-9999.0,85.0,59.0,82.2
20240123-0100,Mountain View Moffett Field Naval Air Station,"Mountain View, California, US",15.0,11.0,-9999.0,-9999.0,-9999.0,12.959999999999999,300,-9999,-9999.0,80.0,59.0,77.0
20240123-0200,Mountain View Moffett Field Naval Air Station,"Mountain View, California, US",14.0,11.0,-9999.0,-9999.0,-9999.0,0.0,0,25,-9999.0,85.0,57.2,82.1
20240123-0300,Mountain View Moffett Field Naval Air Station,"Mountain View, California, US",13.0,11.0,-9999.0,-9999.0,-9999.0,0.0,0,-9999,-9999.0,90.0,55.4,87.6
20240123-0400,Mountain View Moffett Field Naval Air Station,"Mountain View, California, US",13.0,12.0,-9999.0,-9999.0,-9999.0,0.0,0,-9999,-9999.0,95.0,55.4,93.6
20240123-0500,Mountain View Moffett Field Naval Air Station,"Mountain View, California, US",13.0,11.0,-9999.0,-9999.0,-9999.0,7.5600000000000005,330,-9999,-9999.0,90.0,55.4,87.6
20240123-0600,Mountain View Moffett Field Naval Air Station,"Mountain View, California, US",13.0,11.0,-9999.0,-9999.0,-9999.0,0.0,0,-9999,-9999.0,90.0,55.4,87.6
20240123-0700,Mountain View Moffett Field Naval Air Station,"Mountain View, California, US",13.0,11.0,-9999.0,-9999.0,-9999.0,7.5600000000000005,320,-9999,-9999.0,90.0,55.4,87.6
20240123-0800,Mountain View Moffett Field Naval Air Station,"Mountain View, California, US",13.0,12.0,-9999.0,-9999.0,-9999.0,5.4,310,-9999,-9999.0,95.0,55.4,93.6
20240123-0900,Mountain View Moffett Field Naval Air Station,"Mountain View, California, US",13.0,12.0,-9999.0,-9999.0,-9999.0,0.0,0,-9999,-9999.0,95.0,55.4,93.6
20240123-1000,Mountain View Moffett Field Naval Air Station,"Mountain View, California, US",13.0,11.0,-9999.0,-9999.0,-9999.0,11.16,310,-9999,-9999.0,90.0,55.4,87.6
20240123-1100,Mountain View Moffett Field Naval Air Station,"Mountain View, California, US",13.0,12.0,-9999.0,-9999.0,-9999.0,9.360000000000001,290,-9999,-9999.0,95.0,55.4,93.6
20240123-1200,Mountain View Moffett Field Naval Air Station,"Mountain View, California, US",13.0,12.0,-9999.0,-9999.0,-9999.0,0.0,0,-9999,-9999.0,95.0,55.4,93.6
20240123-1300,Mountain View Moffett Field Naval Air Station,"Mountain View, California, US",13.0,12.0,-9999.0,-9999.0,-9999.0,7.5600000000000005,310,-9999,-9999.0,95.0,55.4,93.6
20240123-1400,Mountain View Moffett Field Naval Air Station,"Mountain View, California, US",13.0,12.0,-9999.0,-9999.0,-9999.0,0.0,0,-9999,-9999.0,95.0,55.4,93.6
20240123-1500,Mountain View Moffett Field Naval Air Station,"Mountain View, California, US",13.0,12.0,-9999.0,-9999.0,-9999.0,0.0,0,-9999,-9999.0,95.0,55.4,93.6
20240123-1600,Mountain View Moffett Field Naval Air Station,"Mountain View, California, US",13.0,11.0,-9999.0,-9999.0,-9999.0,0.0,0,-9999,-9999.0,90.0,55.4,87.6
20240123-1700,Mountain View Moffett Field Naval Air Station,"Mountain View, California, US",14.0,11.0,-9999.0,-9999.0,-9999.0,7.5600000000000005,300,-9999,-9999.0,85.0,57.2,82.1
20240123-1800,Mountain View Moffett Field Naval Air Station,"Mountain View, California, US",14.0,11.0,-9999.0,-9999.0,-9999.0,11.16,310,-9999,-9999.0,85.0,57.2,82.1
20240123-1900,Mountain View Moffett Field Naval Air Station,"Mountain View, California, US",14.0,11.0,-9999.0,-9999.0,-9999.0,18.36,340,-9999,-9999.0,85.0,57.2,82.1
20240123-2000,Mountain View Moffett Field Naval Air Station,"Mountain View, California, US",14.0,11.0,-9999.0,-9999.0,-9999.0,16.56,350,-9999,-9999.0,85.0,57.2,82.1
20240123-2100,Mountain View Moffett Field Naval Air Station,"Mountain View, California, US",15.0,11.0,-9999.0,-9999.0,-9999.0,12.959999999999999,350,-9999,-9999.0,80.0,59.0,77.0
20240123-2200,Mountain View Moffett Field Naval Air Station,"Mountain View, California, US",15.0,11.0,-9999.0,-9999.0,-9999.0,9.360000000000001,40,0,-9999.0,80.0,59.0,77.0
20240123-2300,Mountain View Moffett Field Naval Air Station,"Mountain View, California, US",16.0,11.0,-9999.0,-9999.0,-9999.0,11.16,360,0,-9999.0,75.0,60.8,72.2
20240124-0000,Mountain View Moffett Field Naval Air Station,"Mountain View, California, US",14.0,11.0,-9999.0,-9999.0,-9999.0,18.36,320,-9999,-9999.0,85.0,57.2,82.1
20240124-0100,Mountain View Moffett Field Naval Air Station,"Mountain View, California, US",13.0,10.0,-9999.0,-9999.0,-9999.0,11.16,330,50,-9999.0,85.0,55.4,82.0
20240124-0200,Mountain View Moffett Field Naval Air Station,"Mountain View, California, US",13.0,11.0,-9999.0,-9999.0,-9999.0,9.360000000000001,330,0,-9999.0,90.0,55.4,87.6
20240124-0300,Mountain View Moffett Field Naval Air Station,"Mountain View, California, US",12.0,11.0,-9999.0,-9999.0,-9999.0,0.0,0,0,-9999.0,95.0,53.6,93.6
20240124-0400,Mountain View Moffett Field Naval Air Station,"Mountain View, California, US",12.0,10.0,-9999.0,-9999.0,-9999.0,0.0,0,-9999,-9999.0,90.0,53.6,87.6
20240124-0500,Mountain View Moffett Field Naval Air Station,"Mountain View, California, US",12.0,11.0,-9999.0,-9999.0,-9999.0,0.0,0,-9999,-9999.0,95.0,53.6,93.6
20240124-0600,Mountain View Moffett Field Naval Air Station,"Mountain View, California, US",12.0,11.0,-9999.0,-9999.0,-9999.0,0.0,0,-9999,-9999.0,95.0,53.6,93.6
20240124-0700,Mountain View Moffett Field Naval Air Station,"Mountain View, California, US",12.0,11.0,-9999.0,-9999.0,-9999.0,7.5600000000000005,330,-9999,-9999.0,95.0,53.6,93.6
20240124-0800,Mountain View Moffett Field Naval Air Station,"Mountain View, California, US",12.0,11.0,-9999.0,-9999.0,-9999.0,5.4,10,-9999,-9999.0,95.0,53.6,93.6
20240124-0900,Mountain View Moffett Field Naval Air Station,"Mountain View, California, US",12.0,11.0,-9999.0,-9999.0,-9999.0,7.5600000000000005,340,-9999,-9999.0,95.0,53.6,93.6
20240124-1000,Mountain View Moffett Field Naval Air Station,"Mountain View, California, US",12.0,11.0,-9999.0,0.5,-9999.0,7.5600000000000005,150,-9999,-9999.0,95.0,53.6,93.6
20240124-1100,Mountain View Moffett Field Naval Air Station,"Mountain View, California, US",12.0,11.0,-9999.0,-9999.0,-9999.0,9.360000000000001,140,-9999,-9999.0,95.0,53.6,93.6
20240124-1200,Mountain View Moffett Field Naval Air Station,"Mountain View, California, US",12.0,11.0,-9999.0,-9999.0,-9999.0,7.5600000000000005,120,-9999,-9999.0,95.0,53.6,93.6
20240124-1300,Mountain View Moffett Field Naval Air Station,"Mountain View, California, US",12.0,11.0,-9999.0,-9999.0,-9999.0,9.360000000000001,140,-9999,-9999.0,95.0,53.6,93.6
20240124-1400,Mountain View Moffett Field Naval Air Station,"Mountain View, California, US",12.0,11.0,-9999.0,-9999.0,-9999.0,11.16,130,-9999,-9999.0,95.0,53.6,93.6
20240124-1500,Mountain View Moffett Field Naval Air Station,"Mountain View, California, US",12.0,11.0,-9999.0,-9999.0,-9999.0,11.16,140,-9999,-9999.0,95.0,53.6,93.6
20240124-1600,Mountain View Moffett Field Naval Air Station,"Mountain View, California, US",12.0,11.0,-9999.0,7.8,-9999.0,16.56,150,-9999,-9999.0,95.0,53.6,93.6
20240124-1700,Mountain View Moffett Field Naval Air Station,"Mountain View, California, US",12.0,11.0,-9999.0,-9999.0,-9999.0,22.32,140,-9999,-9999.0,95.0,53.6,93.6
20240124-1800,Mountain View Moffett Field Naval Air Station,"Mountain View, California, US",12.0,11.0,-9999.0,-9999.0,-9999.0,24.12,120,-9999,-9999.0,95.0,53.6,93.6
20240124-1900,Mountain View Moffett Field Naval Air Station,"Mountain View, California, US",13.0,12.0,-9999.0,-9999.0,-9999.0,25.919999999999998,130,-9999,-9999.0,95.0,55.4,93.6
20240124-2000,Mountain View Moffett Field Naval Air Station,"Mountain View, California, US",15.0,11.0,-9999.0,-9999.0,-9999.0,24.12,130,-9999,-9999.0,80.0,59.0,77.0
20240124-2100,Mountain View Moffett Field Naval Air Station,"Mountain View, California, US",16.0,11.0,-9999.0,-9999.0,-9999.0,20.520000000000003,150,50,-9999.0,75.0,60.8,72.2
20240124-2200,Mountain View Moffett Field Naval Air Station,"Mountain View, California, US",16.0,11.0,-9999.0,-9999.0,-9999.0,22.32,140,-9999,-9999.0,75.0,60.8,72.2
20240124-2300,Mountain View Moffett Field Naval Air Station,"Mountain View, California, US",16.0,11.0,-9999.0,-9999.0,-9999.0,24.12,150,-9999,-9999.0,75.0,60.8,72.2
20240125-0000,Mountain View Moffett Field Naval Air Station,"Mountain View, California, US",16.0,11.0,-9999.0,-9999.0,-9999.0,22.32,140,-9999,-9999.0,75.0,60.8,72.2
20240125-0100,Mountain View Moffett Field Naval Air Station,"Mountain View, California, US",16.0,11.0,-9999.0,-9999.0,-9999.0,14.76,140,-9999,-9999.0,75.0,60.8,72.2
20240125-0200,Mountain View Moffett Field Naval Air Station,"Mountain View, California, US",14.0,11.0,-9999.0,-9999.0,-9999.0,12.959999999999999,130,25,-9999.0,85.0,57.2,82.1
20240125-0300,Mountain View Moffett Field Naval Air Station,"Mountain View, California, US",14.0,11.0,-9999.0,-9999.0,-9999.0,5.4,160,0,-9999.0,85.0,57.2,82.1
20240125-0400,Mountain View Moffett Field Naval Air Station,"Mountain View, California, US",14.0,12.0,-9999.0,-9999.0,-9999.0,0.0,0,-9999,-9999.0,90.0,57.2,87.7
20240125-0500,Mountain View Moffett Field Naval Air Station,"Mountain View, California, US",14.0,12.0,-9999.0,-9999.0,-9999.0,0.0,0,-9999,-9999.0,90.0,57.2,87.7
20240125-0600,Mountain View Moffett Field Naval Air Station,"Mountain View, California, US",14.0,12.0,-9999.0,-9999.0,-9999.0,7.5600000000000005,310,-9999,-9999.0,90.0,57.2,87.7
20240125-0700,Mountain View Moffett Field Naval Air Station,"Mountain View, California, US",14.0,11.0,-9999.0,-9999.0,-9999.0,0.0,0,-9999,-9999.0,85.0,57.2,82.1
20240125-0800,Mountain View Moffett Field Naval Air Station,"Mountain View, California, US",13.0,10.0,-9999.0,-9999.0,-9999.0,0.0,0,-9999,-9999.0,85.0,55.4,82.0
20240125-0900,Mountain View Moffett Field Naval Air Station,"Mountain View, California, US",11.0,9.0,-9999.0,-9999.0,-9999.0,0.0,0,-9999,-9999.0,90.0,51.8,87.5
20240125-1000,Mountain View Moffett Field Naval Air Station,"Mountain View, California, US",10.0,9.0,-9999.0,-9999.0,-9999.0,0.0,0,-9999,-9999.0,95.0,50.0,93.5
20240125-1100,Mountain View Moffett Field Naval Air Station,"Mountain View, California, US",10.0,9.0,-9999.0,-9999.0,-9999.0,0.0,0,-9999,-9999.0,95.0,50.0,93.5
20240125-1200,Mountain View Moffett Field Naval Air Station,"Mountain View, California, US",9.0,9.0,-9999.0,-9999.0,-9999.0,0.0,0,50,-9999.0,100.0,48.2,100.0
20240125-1300,Mountain View Moffett Field Naval Air Station,"Mountain View, California, US",8.0,7.0,-9999.0,-9999.0,-9999.0,0.0,0,-9999,-9999.0,95.0,46.4,93.4
20240125-1400,Mountain View Moffett Field Naval Air Station,"Mountain View, California, US",8.0,8.0,-9999.0,-9999.0,-9999.0,0.0,0,0,-9999.0,100.0,46.4,100.0
20240125-1500,Mountain View Moffett Field Naval Air Station,"Mountain View, California, US",8.0,7.0,-9999.0,-9999.0,-9999.0,0.0,0,0,-9999.0,95.0,46.4,93.4
20240125-1600,Mountain View Moffett Field Naval Air Station,"Mountain View, California, US",8.0,7.0,-9999.0,-9999.0,-9999.0,0.0,0,0,-9999.0,95.0,46.4,93.4
20240125-1700,Mountain View Moffett Field Naval Air Station,"Mountain View, California, US",11.0,9.0,-9999.0,-9999.0,-9999.0,0.0,0,0,-9999.0,90.0,51.8,87.5
20240125-1800,Mountain View Moffett Field Naval Air Station,"Mountain View, California, US",13.0,10.0,-9999.0,-9999.0,-9999.0,0.0,0,0,-9999.0,85.0,55.4,82.0
20240125-1900,Mountain View Moffett Field Naval Air Station,"Mountain View, California, US",15.0,10.0,-9999.0,-9999.0,-9999.0,0.0,0,25,-9999.0,75.0,59.0,72.0
20240125-2000,Mountain View Moffett Field Naval Air Station,"Mountain View, California, US",14.0,11.0,-9999.0,-9999.0,-9999.0,11.16,10,0,-9999.0,85.0,57.2,82.1
20240125-2100,Mountain View Moffett Field Naval Air Station,"Mountain View, California, US",15.0,10.0,-9999.0,-9999.0,-9999.0,12.959999999999999,10,0,-9999.0,75.0,59.0,72.0
20240125-2200,Mountain View Moffett Field Naval Air Station,"Mountain View, California, US",15.0,10.0,-9999.0,-9999.0,-9999.0,18.36,340,-9999,-9999.0,75.0,59.0,72.0
20240125-2300,Mountain View Moffett Field Naval Air Station,"Mountain View, California, US",15.0,9.0,-9999.0,-9999.0,-9999.0,20.520000000000003,340,0,-9999.0,70.0,59.0,67.3
20240126-0000,Mountain View Moffett Field Naval Air Station,"Mountain View, California, US",15.0,9.0,-9999.0,-9999.0,-9999.0,18.36,320,0,-9999.0,70.0,59.0,67.3
20240126-0200,Mountain View Moffett Field Naval Air Station,"Mountain View, California, US",13.0,10.0,-9999.0,-9999.0,-9999.0,9.360000000000001,330,25,-9999.0,85.0,55.4,82.0
20240126-0300,Mountain View Moffett Field Naval Air Station,"Mountain View, California, US",12.0,9.0,-9999.0,-9999.0,-9999.0,0.0,0,25,-9999.0,85.0,53.6,81.9
20240126-0400,Mountain View Moffett Field Naval Air Station,"Mountain View, California, US",12.0,9.0,-9999.0,-9999.0,-9999.0,7.5600000000000005,70,-9999,-9999.0,85.0,53.6,81.9
20240126-0500,Mountain View Moffett Field Naval Air Station,"Mountain View, California, US",12.0,9.0,-9999.0,-9999.0,-9999.0,0.0,0,-9999,-9999.0,85.0,53.6,81.9
20240126-0600,Mountain View Moffett Field Naval Air Station,"Mountain View, California, US",12.0,9.0,-9999.0,-9999.0,-9999.0,0.0,0,-9999,-9999.0,85.0,53.6,81.9
20240126-0800,Mountain View Moffett Field Naval Air Station,"Mountain View, California, US",10.0,8.0,-9999.0,-9999.0,-9999.0,0.0,0,0,-9999.0,90.0,50.0,87.4
20240126-0900,Mountain View Moffett Field Naval Air Station,"Mountain View, California, US",10.0,8.0,-9999.0,-9999.0,-9999.0,0.0,0,-9999,-9999.0,90.0,50.0,87.4
20240126-1000,Mountain View Moffett Field Naval Air Station,"Mountain View, California, US",10.0,8.0,-9999.0,-9999.0,-9999.0,0.0,0,25,-9999.0,90.0,50.0,87.4
20240126-1100,Mountain View Moffett Field Naval Air Station,"Mountain View, California, US",9.0,7.0,-9999.0,-9999.0,-9999.0,0.0,0,0,-9999.0,90.0,48.2,87.3
20240126-1200,Mountain View Moffett Field Naval Air Station,"Mountain View, California, US",10.0,8.0,-9999.0,-9999.0,-9999.0,0.0,0,0,-9999.0,90.0,50.0,87.4
20240126-1300,Mountain View Moffett Field Naval Air Station,"Mountain View, California, US",10.0,7.0,-9999.0,-9999.0,-9999.0,0.0,0,-9999,-9999.0,85.0,50.0,81.6
20240126-1400,Mountain View Moffett Field Naval Air Station,"Mountain View, California, US",10.0,8.0,-9999.0,-9999.0,-9999.0,0.0,0,-9999,-9999.0,90.0,50.0,87.4
20240126-1500,Mountain View Moffett Field Naval Air Station,"Mountain View, California, US",9.0,7.0,-9999.0,-9999.0,-9999.0,5.4,130,0,-9999.0,90.0,48.2,87.3
20240126-1600,Mountain View Moffett Field Naval Air Station,"Mountain View, California, US",10.0,8.0,-9999.0,-9999.0,-9999.0,0.0,0,0,-9999.0,90.0,50.0,87.4
20240126-1700,Mountain View Moffett Field Naval Air Station,"Mountain View, California, US",11.0,8.0,-9999.0,-9999.0,-9999.0,0.0,0,0,-9999.0,85.0,51.8,81.7
20240126-1800,Mountain View Moffett Field Naval Air Station,"Mountain View, California, US",12.0,8.0,-9999.0,-9999.0,-9999.0,0.0,0,0,-9999.0,80.0,53.6,76.5
20240126-1900,Mountain View Moffett Field Naval Air Station,"Mountain View, California, US",14.0,7.0,-9999.0,-9999.0,-9999.0,0.0,0,0,-9999.0,65.0,57.2,62.7
20240126-2000,Mountain View Moffett Field Naval Air Station,"Mountain View, California, US",14.0,8.0,-9999.0,-9999.0,-9999.0,5.4,10,-9999,-9999.0,70.0,57.2,67.1
20240126-2100,Mountain View Moffett Field Naval Air Station,"Mountain View, California, US",15.0,9.0,-9999.0,-9999.0,-9999.0,0.0,0,25,-9999.0,70.0,59.0,67.3
20240126-2200,Mountain View Moffett Field Naval Air Station,"Mountain View, California, US",15.0,10.0,-9999.0,-9999.0,-9999.0,0.0,0,0,-9999.0,75.0,59.0,72.0
20240126-2300,Mountain View Moffett Field Naval Air Station,"Mountain View, California, US",15.0,10.0,-9999.0,-9999.0,-9999.0,7.5600000000000005,20,0,-9999.0,75.0,59.0,72.0
20240127-0000,Mountain View Moffett Field Naval Air Station,"Mountain View, California, US",15.0,10.0,-9999.0,-9999.0,-9999.0,0.0,0,0,-9999.0,75.0,59.0,72.0
20240127-0100,Mountain View Moffett Field Naval Air Station,"Mountain View, California, US",15.0,10.0,-9999.0,-9999.0,-9999.0,0.0,0,0,-9999.0,75.0,59.0,72.0
20240127-0200,Mountain View Moffett Field Naval Air Station,"Mountain View, California, US",14.0,10.0,-9999.0,-9999.0,-9999.0,0.0,0,0,-9999.0,80.0,57.2,76.8
20240127-0300,Mountain View Moffett Field Naval Air Station,"Mountain View, California, US",13.0,11.0,-9999.0,-9999.0,-9999.0,0.0,0,0,-9999.0,90.0,55.4,87.6
20240127-0400,Mountain View Moffett Field Naval Air Station,"Mountain View, California, US",13.0,10.0,-9999.0,-9999.0,-9999.0,0.0,0,0,-9999.0,85.0,55.4,82.0
20240127-0500,Mountain View Moffett Field Naval Air Station,"Mountain View, California, US",13.0,10.0,-9999.0,-9999.0,-9999.0,0.0,0,0,-9999.0,85.0,55.4,82.0
20240127-0600,Mountain View Moffett Field Naval Air Station,"Mountain View, California, US",12.0,10.0,-9999.0,-9999.0,-9999.0,0.0,0,0,-9999.0,90.0,53.6,87.6
20240127-0700,Mountain View Moffett Field Naval Air Station,"Mountain View, California, US",12.0,10.0,-9999.0,-9999.0,-9999.0,0.0,0,0,-9999.0,90.0,53.6,87.6
20240127-0800,Mountain View Moffett Field Naval Air Station,"Mountain View, California, US",11.0,9.0,-9999.0,-9999.0,-9999.0,0.0,0,0,-9999.0,90.0,51.8,87.5
20240127-0900,Mountain View Moffett Field Naval Air Station,"Mountain View, California, US",11.0,9.0,-9999.0,-9999.0,-9999.0,0.0,0,0,-9999.0,90.0,51.8,87.5
20240127-1000,Mountain View Moffett Field Naval Air Station,"Mountain View, California, US",11.0,9.0,-9999.0,-9999.0,-9999.0,0.0,0,0,-9999.0,90.0,51.8,87.5
20240127-1100,Mountain View Moffett Field Naval Air Station,"Mountain View, California, US",10.0,8.0,-9999.0,-9999.0,-9999.0,0.0,0,0,-9999.0,90.0,50.0,87.4
20240127-1200,Mountain View Moffett Field Naval Air Station,"Mountain View, California, US",10.0,8.0,-9999.0,-9999.0,-9999.0,0.0,0,0,-9999.0,90.0,50.0,87.4
20240127-1300,Mountain View Moffett Field Naval Air Station,"Mountain View, California, US",11.0,9.0,-9999.0,-9999.0,-9999.0,0.0,0,0,-9999.0,90.0,51.8,87.5
20240127-1400,Mountain View Moffett Field Naval Air Station,"Mountain View, California, US",11.0,10.0,-9999.0,-9999.0,-9999.0,7.5600000000000005,250,0,-9999.0,95.0,51.8,93.5
20240127-1500,Mountain View Moffett Field Naval Air Station,"Mountain View, California, US",11.0,9.0,-9999.0,-9999.0,-9999.0,5.4,280,0,-9999.0,90.0,51.8,87.5
20240127-1600,Mountain View Moffett Field Naval Air Station,"Mountain View, California, US",10.0,10.0,-9999.0,-9999.0,-9999.0,0.0,0,0,-9999.0,100.0,50.0,100.0
20240127-1700,Mountain View Moffett Field Naval Air Station,"Mountain View, California, US",12.0,10.0,-9999.0,-9999.0,-9999.0,0.0,0,0,-9999.0,90.0,53.6,87.6
20240127-1800,Mountain View Moffett Field Naval Air Station,"Mountain View, California, US",13.0,10.0,-9999.0,-9999.0,-9999.0,0.0,0,0,-9999.0,85.0,55.4,82.0
20240127-1900,Mountain View Moffett Field Naval Air Station,"Mountain View, California, US",14.0,10.0,-9999.0,-9999.0,-9999.0,0.0,0,0,-9999.0,80.0,57.2,76.8
20240127-2000,Mountain View Moffett Field Naval Air Station,"Mountain View, California, US",14.0,11.0,-9999.0,-9999.0,-9999.0,5.4,30,0,-9999.0,85.0,57.2,82.1
20240127-2100,Mountain View Moffett Field Naval Air Station,"Mountain View, California, US",16.0,11.0,-9999.0,-9999.0,-9999.0,7.5600000000000005,-9999,0,-9999.0,75.0,60.8,72.2
20240127-2200,Mountain View Moffett Field Naval Air Station,"Mountain View, California, US",17.0,11.0,-9999.0,-9999.0,-9999.0,0.0,0,0,-9999.0,70.0,62.6,67.7
20240127-2300,Mountain View Moffett Field Naval Air Station,"Mountain View, California, US",17.0,11.0,-9999.0,-9999.0,-9999.0,0.0,0,0,-9999.0,70.0,62.6,67.7
20240128-0000,Mountain View Moffett Field Naval Air Station,"Mountain View, California, US",17.0,10.0,-9999.0,-9999.0,-9999.0,0.0,0,0,-9999.0,65.0,62.6,63.4
20240128-0100,Mountain View Moffett Field Naval Air Station,"Mountain View, California, US",18.0,10.0,-9999.0,-9999.0,-9999.0,5.4,-9999,0,-9999.0,60.0,64.4,59.5
20240128-0200,Mountain View Moffett Field Naval Air Station,"Mountain View, California, US",16.0,11.0,-9999.0,-9999.0,-9999.0,11.16,320,25,-9999.0,75.0,60.8,72.2
20240128-0300,Mountain View Moffett Field Naval Air Station,"Mountain View, California, US",15.0,11.0,-9999.0,-9999.0,-9999.0,12.959999999999999,10,0,-9999.0,80.0,59.0,77.0
20240128-0400,Mountain View Moffett Field Naval Air Station,"Mountain View, California, US",15.0,11.0,-9999.0,-9999.0,-9999.0,5.4,-9999,25,-9999.0,80.0,59.0,77.0
20240128-0500,Mountain View Moffett Field Naval Air Station,"Mountain View, California, US",14.0,11.0,-9999.0,-9999.0,-9999.0,0.0,0,0,-9999.0,85.0,57.2,82.1
20240128-0600,Mountain View Moffett Field Naval Air Station,"Mountain View, California, US",14.0,11.0,-9999.0,-9999.0,-9999.0,0.0,0,0,-9999.0,85.0,57.2,82.1
20240128-0700,Mountain View Moffett Field Naval Air Station,"Mountain View, California, US",13.0,11.0,-9999.0,-9999.0,-9999.0,0.0,0,0,-9999.0,90.0,55.4,87.6
20240128-0800,Mountain View Moffett Field Naval Air Station,"Mountain View, California, US",12.0,10.0,-9999.0,-9999.0,-9999.0,0.0,0,0,-9999.0,90.0,53.6,87.6
20240128-0900,Mountain View Moffett Field Naval Air Station,"Mountain View, California, US",13.0,11.0,-9999.0,-9999.0,-9999.0,0.0,0,0,-9999.0,90.0,55.4,87.6
20240128-1000,Mountain View Moffett Field Naval Air Station,"Mountain View, California, US",12.0,10.0,-9999.0,-9999.0,-9999.0,0.0,0,25,-9999.0,90.0,53.6,87.6
20240128-1100,Mountain View Moffett Field Naval Air Station,"Mountain View, California, US",12.0,10.0,-9999.0,-9999.0,-9999.0,9.360000000000001,340,0,-9999.0,90.0,53.6,87.6
20240128-1200,Mountain View Moffett Field Naval Air Station,"Mountain View, California, US",12.0,11.0,-9999.0,-9999.0,-9999.0,0.0,0,50,-9999.0,95.0,53.6,93.6
20240128-1300,Mountain View Moffett Field Naval Air Station,"Mountain View, California, US",12.0,10.0,-9999.0,-9999.0,-9999.0,0.0,0,25,-9999.0,90.0,53.6,87.6
20240128-1400,Mountain View Moffett Field Naval Air Station,"Mountain View, California, US",11.0,10.0,-9999.0,-9999.0,-9999.0,0.0,0,0,-9999.0,95.0,51.8,93.5
20240128-1500,Mountain View Moffett Field Naval Air Station,"Mountain View, California, US",11.0,10.0,-9999.0,-9999.0,-9999.0,0.0,0,0,-9999.0,95.0,51.8,93.5
20240128-1600,Mountain View Moffett Field Naval Air Station,"Mountain View, California, US",11.0,10.0,-9999.0,-9999.0,-9999.0,5.4,220,0,-9999.0,95.0,51.8,93.5
20240128-1700,Mountain View Moffett Field Naval Air Station,"Mountain View, California, US",14.0,10.0,-9999.0,-9999.0,-9999.0,0.0,0,0,-9999.0,80.0,57.2,76.8
20240128-1800,Mountain View Moffett Field Naval Air Station,"Mountain View, California, US",15.0,10.0,-9999.0,-9999.0,-9999.0,0.0,0,0,-9999.0,75.0,59.0,72.0
20240128-1900,Mountain View Moffett Field Naval Air Station,"Mountain View, California, US",15.0,11.0,-9999.0,-9999.0,-9999.0,7.5600000000000005,340,0,-9999.0,80.0,59.0,77.0
20240128-2000,Mountain View Moffett Field Naval Air Station,"Mountain View, California, US",16.0,11.0,-9999.0,-9999.0,-9999.0,0.0,0,0,-9999.0,75.0,60.8,72.2
20240128-2100,Mountain View Moffett Field Naval Air Station,"Mountain View, California, US",17.0,10.0,-9999.0,-9999.0,-9999.0,0.0,0,0,-9999.0,65.0,62.6,63.4
20240128-2200,Mountain View Moffett Field Naval Air Station,"Mountain View, California, US",20.0,11.0,-9999.0,-9999.0,-9999.0,0.0,0,0,-9999.0,55.0,68.0,56.1
20240128-2300,Mountain View Moffett Field Naval Air Station,"Mountain View, California, US",18.0,11.0,-9999.0,-9999.0,-9999.0,5.4,360,0,-9999.0,65.0,64.4,63.6
20240129-0000,Mountain View Moffett Field Naval Air Station,"Mountain View, California, US",19.0,11.0,-9999.0,-9999.0,-9999.0,5.4,330,0,-9999.0,60.0,66.2,59.7
20240129-0100,Mountain View Moffett Field Naval Air Station,"Mountain View, California, US",19.0,11.0,-9999.0,-9999.0,-9999.0,0.0,0,0,-9999.0,60.0,66.2,59.7
20240129-0200,Mountain View Moffett Field Naval Air Station,"Mountain View, California, US",17.0,11.0,-9999.0,-9999.0,-9999.0,0.0,0,0,-9999.0,70.0,62.6,67.7
20240129-0300,Mountain View Moffett Field Naval Air Station,"Mountain View, California, US",16.0,12.0,-9999.0,-9999.0,-9999.0,0.0,0,0,-9999.0,80.0,60.8,77.1
20240129-0400,Mountain View Moffett Field Naval Air Station,"Mountain View, California, US",15.0,11.0,-9999.0,-9999.0,-9999.0,0.0,0,0,-9999.0,80.0,59.0,77.0
20240129-0500,Mountain View Moffett Field Naval Air Station,"Mountain View, California, US",14.0,12.0,-9999.0,-9999.0,-9999.0,0.0,0,0,-9999.0,90.0,57.2,87.7
20240129-0600,Mountain View Moffett Field Naval Air Station,"Mountain View, California, US",13.0,11.0,-9999.0,-9999.0,-9999.0,0.0,0,0,-9999.0,90.0,55.4,87.6
20240129-0700,Mountain View Moffett Field Naval Air Station,"Mountain View, California, US",12.0,11.0,-9999.0,-9999.0,-9999.0,0.0,0,0,-9999.0,95.0,53.6,93.6
20240129-0800,Mountain View Moffett Field Naval Air Station,"Mountain View, California, US",11.0,10.0,-9999.0,-9999.0,-9999.0,0.0,0,0,-9999.0,95.0,51.8,93.5
20240129-0900,Mountain View Moffett Field Naval Air Station,"Mountain View, California, US",11.0,9.0,-9999.0,-9999.0,-9999.0,0.0,0,0,-9999.0,90.0,51.8,87.5
20240129-1000,Mountain View Moffett Field Naval Air Station,"Mountain View, California, US",10.0,9.0,-9999.0,-9999.0,-9999.0,0.0,0,0,-9999.0,95.0,50.0,93.5
20240129-1100,Mountain View Moffett Field Naval Air Station,"Mountain View, California, US",10.0,9.0,-9999.0,-9999.0,-9999.0,0.0,0,0,-9999.0,95.0,50.0,93.5
20240129-1200,Mountain View Moffett Field Naval Air Station,"Mountain View, California, US",10.0,9.0,-9999.0,-9999.0,-9999.0,0.0,0,0,-9999.0,95.0,50.0,93.5
20240129-1300,Mountain View Moffett Field Naval Air Station,"Mountain View, California, US",9.0,8.0,-9999.0,-9999.0,-9999.0,0.0,0,0,-9999.0,95.0,48.2,93.4
20240129-1400,Mountain View Moffett Field Naval Air Station,"Mountain View, California, US",9.0,8.0,-9999.0,-9999.0,-9999.0,0.0,0,0,-9999.0,95.0,48.2,93.4
20240129-1500,Mountain View Moffett Field Naval Air Station,"Mountain View, California, US",9.0,8.0,-9999.0,-9999.0,-9999.0,0.0,0,0,-9999.0,95.0,48.2,93.4
20240129-1600,Mountain View Moffett Field Naval Air Station,"Mountain View, California, US",10.0,9.0,-9999.0,-9999.0,-9999.0,0.0,0,0,-9999.0,95.0,50.0,93.5
20240129-1700,Mountain View Moffett Field Naval Air Station,"Mountain View, California, US",13.0,10.0,-9999.0,-9999.0,-9999.0,0.0,0,0,-9999.0,85.0,55.4,82.0
20240129-1800,Mountain View Moffett Field Naval Air Station,"Mountain View, California, US",14.0,11.0,-9999.0,-9999.0,-9999.0,5.4,10,0,-9999.0,85.0,57.2,82.1
20240129-1900,Mountain View Moffett Field Naval Air Station,"Mountain View, California, US",16.0,12.0,-9999.0,-9999.0,-9999.0,7.5600000000000005,360,0,-9999.0,80.0,60.8,77.1
20240129-2000,Mountain View Moffett Field Naval Air Station,"Mountain View, California, US",17.0,12.0,-9999.0,-9999.0,-9999.0,11.16,360,0,-9999.0,75.0,62.6,72.4
20240129-2100,Mountain View Moffett Field Naval Air Station,"Mountain View, California, US",18.0,12.0,-9999.0,-9999.0,-9999.0,7.5600000000000005,350,0,-9999.0,70.0,64.4,68.0
20240129-2200,Mountain View Moffett Field Naval Air Station,"Mountain View, California, US",18.0,12.0,-9999.0,-9999.0,-9999.0,12.959999999999999,340,0,-9999.0,70.0,64.4,68.0
20240129-2300,Mountain View Moffett Field Naval Air Station,"Mountain View, California, US",19.0,11.0,-9999.0,-9999.0,-9999.0,12.959999999999999,340,0,-9999.0,60.0,66.2,59.7
20240130-0000,Mountain View Moffett Field Naval Air Station,"Mountain View, California, US",20.0,10.0,-9999.0,-9999.0,-9999.0,5.4,300,0,-9999.0,50.0,68.0,52.5
20240130-0100,Mountain View Moffett Field Naval Air Station,"Mountain View, California, US",19.0,11.0,-9999.0,-9999.0,-9999.0,7.5600000000000005,340,0,-9999.0,60.0,66.2,59.7
20240130-0200,Mountain View Moffett Field Naval Air Station,"Mountain View, California, US",17.0,10.0,-9999.0,-9999.0,-9999.0,0.0,0,0,-9999.0,65.0,62.6,63.4
20240130-0300,Mountain View Moffett Field Naval Air Station,"Mountain View, California, US",17.0,10.0,-9999.0,-9999.0,-9999.0,7.5600000000000005,210,0,-9999.0,65.0,62.6,63.4
20240130-0400,Mountain View Moffett Field Naval Air Station,"Mountain View, California, US",15.0,10.0,-9999.0,-9999.0,-9999.0,0.0,0,0,-9999.0,75.0,59.0,72.0
20240130-0500,Mountain View Moffett Field Naval Air Station,"Mountain View, California, US",14.0,10.0,-9999.0,-9999.0,-9999.0,0.0,0,0,-9999.0,80.0,57.2,76.8
20240130-0600,Mountain View Moffett Field Naval Air Station,"Mountain View, California, US",12.0,10.0,-9999.0,-9999.0,-9999.0,0.0,0,0,-9999.0,90.0,53.6,87.6
20240130-0700,Mountain View Moffett Field Naval Air Station,"Mountain View, California, US",13.0,10.0,-9999.0,-9999.0,-9999.0,0.0,0,0,-9999.0,85.0,55.4,82.0
20240130-0800,Mountain View Moffett Field Naval Air Station,"Mountain View, California, US",13.0,8.0,-9999.0,-9999.0,-9999.0,0.0,0,0,-9999.0,75.0,55.4,71.6
20240130-0900,Mountain View Moffett Field Naval Air Station,"Mountain View, California, US",12.0,9.0,-9999.0,-9999.0,-9999.0,0.0,0,0,-9999.0,85.0,53.6,81.9
20240130-1000,Mountain View Moffett Field Naval Air Station,"Mountain View, California, US",12.0,9.0,-9999.0,-9999.0,-9999.0,0.0,0,0,-9999.0,85.0,53.6,81.9
20240130-1100,Mountain View Moffett Field Naval Air Station,"Mountain View, California, US",12.0,10.0,-9999.0,-9999.0,-9999.0,0.0,0,0,-9999.0,90.0,53.6,87.6
20240130-1200,Mountain View Moffett Field Naval Air Station,"Mountain View, California, US",12.0,9.0,-9999.0,-9999.0,-9999.0,0.0,0,0,-9999.0,85.0,53.6,81.9
20240130-1300,Mountain View Moffett Field Naval Air Station,"Mountain View, California, US",12.0,10.0,-9999.0,-9999.0,-9999.0,5.4,170,0,-9999.0,90.0,53.6,87.6
20240130-1400,Mountain View Moffett Field Naval Air Station,"Mountain View, California, US",13.0,10.0,-9999.0,-9999.0,-9999.0,7.5600000000000005,190,0,-9999.0,85.0,55.4,82.0
20240130-1500,Mountain View Moffett Field Naval Air Station,"Mountain View, California, US",11.0,10.0,-9999.0,-9999.0,-9999.0,9.360000000000001,120,0,-9999.0,95.0,51.8,93.5
20240130-1600,Mountain View Moffett Field Naval Air Station,"Mountain View, California, US",12.0,8.0,-9999.0,-9999.0,-9999.0,0.0,0,0,-9999.0,80.0,53.6,76.5
20240130-1700,Mountain View Moffett Field Naval Air Station,"Mountain View, California, US",12.0,9.0,-9999.0,-9999.0,-9999.0,7.5600000000000005,340,0,-9999.0,85.0,53.6,81.9
20240130-1800,Mountain View Moffett Field Naval Air Station,"Mountain View, California, US",15.0,11.0,-9999.0,-9999.0,-9999.0,9.360000000000001,350,0,-9999.0,80.0,59.0,77.0
20240130-1900,Mountain View Moffett Field Naval Air Station,"Mountain View, California, US",17.0,9.0,-9999.0,-9999.0,-9999.0,0.0,0,0,-9999.0,60.0,62.6,59.3
20240130-2000,Mountain View Moffett Field Naval Air Station,"Mountain View, California, US",18.0,9.0,-9999.0,-9999.0,-9999.0,0.0,0,0,-9999.0,55.0,64.4,55.6
20240130-2100,Mountain View Moffett Field Naval Air Station,"Mountain View, California, US",20.0,7.0,-9999.0,-9999.0,-9999.0,0.0,0,0,-9999.0,35.0,68.0,42.9
20240130-2200,Mountain View Moffett Field Naval Air Station,"Mountain View, California, US",18.0,9.0,-9999.0,-9999.0,-9999.0,16.56,350,0,-9999.0,55.0,64.4,55.6
20240130-2300,Mountain View Moffett Field Naval Air Station,"Mountain View, California, US",17.0,11.0,-9999.0,-9999.0,-9999.0,16.56,340,0,-9999.0,70.0,62.6,67.7
20240131-0000,Mountain View Moffett Field Naval Air Station,"Mountain View, California, US",17.0,11.0,-9999.0,-9999.0,-9999.0,12.959999999999999,360,0,-9999.0,70.0,62.6,67.7
20240131-0100,Mountain View Moffett Field Naval Air Station,"Mountain View, California, US",16.0,10.0,-9999.0,-9999.0,-9999.0,5.4,20,0,-9999.0,70.0,60.8,67.5
20240131-0200,Mountain View Moffett Field Naval Air Station,"Mountain View, California, US",16.0,10.0,-9999.0,-9999.0,-9999.0,0.0,0,0,-9999.0,70.0,60.8,67.5
20240131-0300,Mountain View Moffett Field Naval Air Station,"Mountain View, California, US",17.0,4.0,-9999.0,-9999.0,-9999.0,16.56,160,-9999,-9999.0,35.0,62.6,42.0
20240131-0400,Mountain View Moffett Field Naval Air Station,"Mountain View, California, US",16.0,5.0,-9999.0,-9999.0,-9999.0,14.76,130,25,-9999.0,45.0,60.8,48.0
20240131-0500,Mountain View Moffett Field Naval Air Station,"Mountain View, California, US",16.0,6.0,-9999.0,-9999.0,-9999.0,11.16,110,0,-9999.0,50.0,60.8,51.5
20240131-0600,Mountain View Moffett Field Naval Air Station,"Mountain View, California, US",16.0,6.0,-9999.0,-9999.0,-9999.0,14.76,130,0,-9999.0,50.0,60.8,51.5
20240131-0700,Mountain View Moffett Field Naval Air Station,"Mountain View, California, US",16.0,6.0,-9999.0,-9999.0,-9999.0,20.520000000000003,140,0,-9999.0,50.0,60.8,51.5
20240131-0800,Mountain View Moffett Field Naval Air Station,"Mountain View, California, US",17.0,7.0,-9999.0,-9999.0,-9999.0,18.36,190,0,-9999.0,50.0,62.6,51.7
20240131-0900,Mountain View Moffett Field Naval Air Station,"Mountain View, California, US",16.0,7.0,-9999.0,-9999.0,-9999.0,18.36,180,25,-9999.0,55.0,60.8,55.1
20240131-1000,Mountain View Moffett Field Naval Air Station,"Mountain View, California, US",15.0,7.0,-9999.0,-9999.0,-9999.0,24.12,150,0,-9999.0,60.0,59.0,58.8
20240131-1100,Mountain View Moffett Field Naval Air Station,"Mountain View, California, US",16.0,6.0,-9999.0,-9999.0,-9999.0,25.919999999999998,180,0,-9999.0,50.0,60.8,51.5
20240131-1200,Mountain View Moffett Field Naval Air Station,"Mountain View, California, US",15.0,7.0,-9999.0,-9999.0,-9999.0,24.12,130,0,-9999.0,60.0,59.0,58.8
20240131-1300,Mountain View Moffett Field Naval Air Station,"Mountain View, California, US",15.0,7.0,-9999.0,-9999.0,-9999.0,29.52,120,0,-9999.0,60.0,59.0,58.8
20240131-1400,Mountain View Moffett Field Naval Air Station,"Mountain View, California, US",15.0,9.0,-9999.0,-9999.0,-9999.0,27.72,130,-9999,-9999.0,70.0,59.0,67.3
20240131-1500,Mountain View Moffett Field Naval Air Station,"Mountain View, California, US",15.0,10.0,-9999.0,-9999.0,-9999.0,16.56,130,-9999,-9999.0,75.0,59.0,72.0
20240131-1700,Mountain View Moffett Field Naval Air Station,"Mountain View, California, US",16.0,9.0,-9999.0,-9999.0,-9999.0,27.72,170,-9999,-9999.0,65.0,60.8,63.1
20240131-1800,Mountain View Moffett Field Naval Air Station,"Mountain View, California, US",16.0,8.0,-9999.0,-9999.0,-9999.0,29.52,190,-9999,-9999.0,60.0,60.8,59.0
20240131-1900,Mountain View Moffett Field Naval Air Station,"Mountain View, California, US",16.0,7.0,-9999.0,-9999.0,-9999.0,22.32,150,-9999,-9999.0,55.0,60.8,55.1
20240131-2000,Mountain View Moffett Field Naval Air Station,"Mountain View, California, US",16.0,8.0,-9999.0,-9999.0,-9999.0,35.28,150,50,-9999.0,60.0,60.8,59.0
20240131-2100,Mountain View Moffett Field Naval Air Station,"Mountain View, California, US",16.0,7.0,-9999.0,-9999.0,-9999.0,22.32,160,-9999,-9999.0,55.0,60.8,55.1
20240131-2200,Mountain View Moffett Field Naval Air Station,"Mountain View, California, US",15.0,7.0,-9999.0,-9999.0,-9999.0,18.36,170,50,-9999.0,60.0,59.0,58.8
20240131-2300,Mountain View Moffett Field Naval Air Station,"Mountain View, California, US",14.0,9.0,-9999.0,-9999.0,-9999.0,18.36,160,50,-9999.0,75.0,57.2,71.8
20240201-0000,Mountain View Moffett Field Naval Air Station,"Mountain View, California, US",13.0,9.0,-9999.0,-9999.0,-9999.0,16.56,150,-9999,-9999.0,80.0,55.4,76.7
20240201-0100,Mountain View Moffett Field Naval Air Station,"Mountain View, California, US",13.0,10.0,-9999.0,-9999.0,-9999.0,22.32,140,-9999,-9999.0,85.0,55.4,82.0
20240201-0200,Mountain View Moffett Field Naval Air Station,"Mountain View, California, US",12.0,10.0,-9999.0,-9999.0,-9999.0,22.32,150,-9999,-9999.0,90.0,53.6,87.6
20240201-0300,Mountain View Moffett Field Naval Air Station,"Mountain View, California, US",13.0,10.0,-9999.0,0.7,-9999.0,20.520000000000003,170,-9999,-9999.0,85.0,55.4,82.0
20240201-0400,Mountain View Moffett Field Naval Air Station,"Mountain View, California, US",13.0,11.0,-9999.0,-9999.0,-9999.0,29.52,150,-9999,-9999.0,90.0,55.4,87.6
20240201-0500,Mountain View Moffett Field Naval Air Station,"Mountain View, California, US",12.0,11.0,-9999.0,-9999.0,-9999.0,14.76,130,-9999,-9999.0,95.0,53.6,93.6
20240201-0600,Mountain View Moffett Field Naval Air Station,"Mountain View, California, US",12.0,11.0,-9999.0,2.2,-9999.0,11.16,160,-9999,-9999.0,95.0,53.6,93.6
20240201-0700,Mountain View Moffett Field Naval Air Station,"Mountain View, California, US",12.0,11.0,-9999.0,3.8,-9999.0,9.360000000000001,140,-9999,-9999.0,95.0,53.6,93.6
20240201-0800,Mountain View Moffett Field Naval Air Station,"Mountain View, California, US",11.0,11.0,-9999.0,4.3,-9999.0,11.16,130,-9999,-9999.0,100.0,51.8,100.0
20240201-0900,Mountain View Moffett Field Naval Air Station,"Mountain View, California, US",11.0,11.0,-9999.0,2.3,-9999.0,16.56,120,-9999,-9999.0,100.0,51.8,100.0
20240201-1000,Mountain View Moffett Field Naval Air Station,"Mountain View, California, US",11.0,11.0,-9999.0,0.3,-9999.0,5.4,200,-9999,-9999.0,100.0,51.8,100.0
20240201-1100,Mountain View Moffett Field Naval Air Station,"Mountain View, California, US",11.0,11.0,-9999.0,-9999.0,-9999.0,7.5600000000000005,190,-9999,-9999.0,100.0,51.8,100.0
20240201-1200,Mountain View Moffett Field Naval Air Station,"Mountain View, California, US",10.0,9.0,-9999.0,-9999.0,-9999.0,7.5600000000000005,110,-9999,-9999.0,95.0,50.0,93.5
20240201-1300,Mountain View Moffett Field Naval Air Station,"Mountain View, California, US",11.0,11.0,-9999.0,-9999.0,-9999.0,0.0,0,-9999,-9999.0,100.0,51.8,100.0
20240201-1400,Mountain View Moffett Field Naval Air Station,"Mountain View, California, US",11.0,10.0,-9999.0,-9999.0,-9999.0,7.5600000000000005,210,-9999,-9999.0,95.0,51.8,93.5
20240201-1500,Mountain View Moffett Field Naval Air Station,"Mountain View, California, US",11.0,10.0,-9999.0,-9999.0,-9999.0,0.0,0,-9999,-9999.0,95.0,51.8,93.5
20240201-1600,Mountain View Moffett Field Naval Air Station,"Mountain View, California, US",11.0,10.0,-9999.0,0.8,-9999.0,5.4,30,-9999,-9999.0,95.0,51.8,93.5
20240201-1700,Mountain View Moffett Field Naval Air Station,"Mountain View, California, US",11.0,11.0,-9999.0,0.8,-9999.0,11.16,150,-9999,-9999.0,100.0,51.8,100.0
20240201-1800,Mountain View Moffett Field Naval Air Station,"Mountain View, California, US",11.0,10.0,-9999.0,-9999.0,-9999.0,5.4,140,50,-9999.0,95.0,51.8,93.5
20240201-1900,Mountain View Moffett Field Naval Air Station,"Mountain View, California, US",12.0,10.0,-9999.0,0.3,-9999.0,16.56,140,-9999,-9999.0,90.0,53.6,87.6
20240201-2000,Mountain View Moffett Field Naval Air Station,"Mountain View, California, US",14.0,10.0,-9999.0,-9999.0,-9999.0,16.56,130,0,-9999.0,80.0,57.2,76.8
20240201-2100,Mountain View Moffett Field Naval Air Station,"Mountain View, California, US",16.0,9.0,-9999.0,-9999.0,-9999.0,7.5600000000000005,-9999,50,-9999.0,65.0,60.8,63.1
20240201-2200,Mountain View Moffett Field Naval Air Station,"Mountain View, California, US",14.0,9.0,-9999.0,-9999.0,-9999.0,24.12,300,-9999,-9999.0,75.0,57.2,71.8
20240201-2300,Mountain View Moffett Field Naval Air Station,"Mountain View, California, US",14.0,8.0,-9999.0,-9999.0,-9999.0,9.360000000000001,360,0,-9999.0,70.0,57.2,67.1
20240202-0000,Mountain View Moffett Field Naval Air Station,"Mountain View, California, US",14.0,7.0,-9999.0,-9999.0,-9999.0,22.32,260,-9999,-9999.0,65.0,57.2,62.7
20240202-0100,Mountain View Moffett Field Naval Air Station,"Mountain View, California, US",13.0,9.0,-9999.0,-9999.0,-9999.0,7.5600000000000005,250,-9999,-9999.0,80.0,55.4,76.7
20240202-0200,Mountain View Moffett Field Naval Air Station,"Mountain View, California, US",12.0,9.0,-9999.0,-9999.0,-9999.0,0.0,0,-9999,-9999.0,85.0,53.6,81.9
20240202-0300,Mountain View Moffett Field Naval Air Station,"Mountain View, California, US",12.0,9.0,-9999.0,-9999.0,-9999.0,7.5600000000000005,150,-9999,-9999.0,85.0,53.6,81.9
20240202-0400,Mountain View Moffett Field Naval Air Station,"Mountain View, California, US",12.0,9.0,-9999.0,-9999.0,-9999.0,0.0,0,-9999,-9999.0,85.0,53.6,81.9
20240202-0500,Mountain View Moffett Field Naval Air Station,"Mountain View, California, US",11.0,9.0,-9999.0,-9999.0,-9999.0,0.0,0,-9999,-9999.0,90.0,51.8,87.5
20240202-0600,Mountain View Moffett Field Naval Air Station,"Mountain View, California, US",11.0,10.0,-9999.0,-9999.0,-9999.0,0.0,0,-9999,-9999.0,95.0,51.8,93.5
20240202-0700,Mountain View Moffett Field Naval Air Station,"Mountain View, California, US",11.0,10.0,-9999.0,0.3,-9999.0,5.4,170,-9999,-9999.0,95.0,51.8,93.5
20240202-0800,Mountain View Moffett Field Naval Air Station,"Mountain View, California, US",10.0,10.0,-9999.0,-9999.0,-9999.0,0.0,0,-9999,-9999.0,100.0,50.0,100.0
20240202-0900,Mountain View Moffett Field Naval Air Station,"Mountain View, California, US",10.0,10.0,-9999.0,-9999.0,-9999.0,0.0,0,-9999,-9999.0,100.0,50.0,100.0
20240202-1000,Mountain View Moffett Field Naval Air Station,"Mountain View, California, US",10.0,9.0,-9999.0,5.3,-9999.0,9.360000000000001,200,-9999,-9999.0,95.0,50.0,93.5
20240202-1100,Mountain View Moffett Field Naval Air Station,"Mountain View, California, US",9.0,9.0,-9999.0,0.3,-9999.0,7.5600000000000005,160,-9999,-9999.0,100.0,48.2,100.0
20240202-1200,Mountain View Moffett Field Naval Air Station,"Mountain View, California, US",10.0,9.0,-9999.0,1.2,-9999.0,7.5600000000000005,130,-9999,-9999.0,95.0,50.0,93.5
20240202-1300,Mountain View Moffett Field Naval Air Station,"Mountain View, California, US",10.0,9.0,-9999.0,0.5,-9999.0,9.360000000000001,-9999,-9999,-9999.0,95.0,50.0,93.5
20240202-1400,Mountain View Moffett Field Naval Air Station,"Mountain View, California, US",9.0,9.0,-9999.0,0.3,-9999.0,9.360000000000001,150,-9999,-9999.0,100.0,48.2,100.0
20240202-1500,Mountain View Moffett Field Naval Air Station,"Mountain View, California, US",9.0,9.0,-9999.0,1.0,-9999.0,0.0,0,-9999,-9999.0,100.0,48.2,100.0
20240202-1600,Mountain View Moffett Field Naval Air Station,"Mountain View, California, US",9.0,9.0,-9999.0,0.3,-9999.0,5.4,170,-9999,-9999.0,100.0,48.2,100.0
20240202-1700,Mountain View Moffett Field Naval Air Station,"Mountain View, California, US",10.0,9.0,-9999.0,1.5,-9999.0,0.0,0,-9999,-9999.0,95.0,50.0,93.5
20240202-1800,Mountain View Moffett Field Naval Air Station,"Mountain View, California, US",11.0,9.0,-9999.0,-9999.0,-9999.0,7.5600000000000005,130,-9999,-9999.0,90.0,51.8,87.5
20240202-1900,Mountain View Moffett Field Naval Air Station,"Mountain View, California, US",12.0,8.0,-9999.0,-9999.0,-9999.0,9.360000000000001,180,-9999,-9999.0,80.0,53.6,76.5
20240202-2000,Mountain View Moffett Field Naval Air Station,"Mountain View, California, US",11.0,8.0,-9999.0,1.5,-9999.0,7.5600000000000005,-9999,50,-9999.0,85.0,51.8,81.7
20240202-2100,Mountain View Moffett Field Naval Air Station,"Mountain View, California, US",11.0,8.0,-9999.0,-9999.0,-9999.0,14.76,220,-9999,-9999.0,85.0,51.8,81.7
20240202-2200,Mountain View Moffett Field Naval Air Station,"Mountain View, California, US",14.0,6.0,-9999.0,0.2,-9999.0,18.36,250,0,-9999.0,60.0,57.2,58.5
20240202-2300,Mountain View Moffett Field Naval Air Station,"Mountain View, California, US",14.0,6.0,-9999.0,-9999.0,-9999.0,11.16,270,50,-9999.0,60.0,57.2,58.5
20240203-0000,Mountain View Moffett Field Naval Air Station,"Mountain View, California, US",14.0,5.0,-9999.0,-9999.0,-9999.0,16.56,260,50,-9999.0,55.0,57.2,54.6
20240203-0100,Mountain View Moffett Field Naval Air Station,"Mountain View, California, US",13.0,5.0,-9999.0,-9999.0,-9999.0,9.360000000000001,240,0,-9999.0,60.0,55.4,58.3
20240203-0200,Mountain View Moffett Field Naval Air Station,"Mountain View, California, US",11.0,6.0,-9999.0,-9999.0,-9999.0,0.0,0,-9999,-9999.0,75.0,51.8,71.3
20240203-0300,Mountain View Moffett Field Naval Air Station,"Mountain View, California, US",11.0,6.0,-9999.0,-9999.0,-9999.0,5.4,240,-9999,-9999.0,75.0,51.8,71.3
20240203-0400,Mountain View Moffett Field Naval Air Station,"Mountain View, California, US",10.0,7.0,-9999.0,-9999.0,-9999.0,0.0,0,50,-9999.0,85.0,50.0,81.6
20240203-0500,Mountain View Moffett Field Naval Air Station,"Mountain View, California, US",8.0,7.0,-9999.0,-9999.0,-9999.0,5.4,170,-9999,-9999.0,95.0,46.4,93.4
20240203-0600,Mountain View Moffett Field Naval Air Station,"Mountain View, California, US",9.0,7.0,-9999.0,-9999.0,-9999.0,5.4,210,-9999,-9999.0,90.0,48.2,87.3
20240203-0700,Mountain View Moffett Field Naval Air Station,"Mountain View, California, US",9.0,7.0,-9999.0,-9999.0,-9999.0,0.0,0,-9999,-9999.0,90.0,48.2,87.3
20240203-0800,Mountain View Moffett Field Naval Air Station,"Mountain View, California, US",9.0,6.0,-9999.0,-9999.0,-9999.0,0.0,0,-9999,-9999.0,85.0,48.2,81.5
20240203-0900,Mountain View Moffett Field Naval Air Station,"Mountain View, California, US",8.0,7.0,-9999.0,-9999.0,-9999.0,7.5600000000000005,130,-9999,-9999.0,95.0,46.4,93.4
20240203-1000,Mountain View Moffett Field Naval Air Station,"Mountain View, California, US",8.0,7.0,-9999.0,-9999.0,-9999.0,7.5600000000000005,190,-9999,-9999.0,95.0,46.4,93.4
20240203-1100,Mountain View Moffett Field Naval Air Station,"Mountain View, California, US",8.0,6.0,-9999.0,-9999.0,-9999.0,7.5600000000000005,-9999,-9999,-9999.0,90.0,46.4,87.2
20240203-1200,Mountain View Moffett Field Naval Air Station,"Mountain View, California, US",8.0,6.0,-9999.0,-9999.0,-9999.0,7.5600000000000005,-9999,-9999,-9999.0,90.0,46.4,87.2
20240203-1300,Mountain View Moffett Field Naval Air Station,"Mountain View, California, US",8.0,6.0,-9999.0,-9999.0,-9999.0,7.5600000000000005,140,-9999,-9999.0,90.0,46.4,87.2
20240203-1400,Mountain View Moffett Field Naval Air Station,"Mountain View, California, US",8.0,7.0,-9999.0,-9999.0,-9999.0,7.5600000000000005,140,-9999,-9999.0,95.0,46.4,93.4
20240203-1500,Mountain View Moffett Field Naval Air Station,"Mountain View, California, US",8.0,6.0,-9999.0,-9999.0,-9999.0,7.5600000000000005,140,25,-9999.0,90.0,46.4,87.2
20240203-1600,Mountain View Moffett Field Naval Air Station,"Mountain View, California, US",8.0,6.0,-9999.0,-9999.0,-9999.0,9.360000000000001,130,25,-9999.0,90.0,46.4,87.2
20240203-1700,Mountain View Moffett Field Naval Air Station,"Mountain View, California, US",9.0,7.0,-9999.0,-9999.0,-9999.0,11.16,130,0,-9999.0,90.0,48.2,87.3
20240203-1900,Mountain View Moffett Field Naval Air Station,"Mountain View, California, US",12.0,7.0,-9999.0,-9999.0,-9999.0,11.16,140,50,-9999.0,75.0,53.6,71.5
20240203-2000,Mountain View Moffett Field Naval Air Station,"Mountain View, California, US",13.0,7.0,-9999.0,-9999.0,-9999.0,11.16,-9999,50,-9999.0,70.0,55.4,66.9
20240203-2100,Mountain View Moffett Field Naval Air Station,"Mountain View, California, US",14.0,5.0,-9999.0,-9999.0,-9999.0,7.5600000000000005,-9999,0,-9999.0,55.0,57.2,54.6
20240203-2200,Mountain View Moffett Field Naval Air Station,"Mountain View, California, US",14.0,5.0,-9999.0,-9999.0,-9999.0,7.5600000000000005,140,0,-9999.0,55.0,57.2,54.6
20240203-2300,Mountain View Moffett Field Naval Air Station,"Mountain View, California, US",13.0,4.0,-9999.0,-9999.0,-9999.0,12.959999999999999,130,50,-9999.0,55.0,55.4,54.3
20240204-0000,Mountain View Moffett Field Naval Air Station,"Mountain View, California, US",13.0,3.0,-9999.0,-9999.0,-9999.0,9.360000000000001,140,-9999,-9999.0,50.0,55.4,50.6
20240204-0100,Mountain View Moffett Field Naval Air Station,"Mountain View, California, US",13.0,5.0,-9999.0,-9999.0,-9999.0,7.5600000000000005,150,-9999,-9999.0,60.0,55.4,58.3
20240204-0200,Mountain View Moffett Field Naval Air Station,"Mountain View, California, US",11.0,7.0,-9999.0,-9999.0,-9999.0,11.16,150,-9999,-9999.0,80.0,51.8,76.3
20240204-0300,Mountain View Moffett Field Naval Air Station,"Mountain View, California, US",10.0,8.0,-9999.0,0.5,-9999.0,7.5600000000000005,140,-9999,-9999.0,90.0,50.0,87.4
20240204-0400,Mountain View Moffett Field Naval Air Station,"Mountain View, California, US",10.0,8.0,-9999.0,1.7,-9999.0,14.76,120,-9999,-9999.0,90.0,50.0,87.4
20240204-0500,Mountain View Moffett Field Naval Air Station,"Mountain View, California, US",9.0,8.0,-9999.0,2.0,-9999.0,9.360000000000001,110,-9999,-9999.0,95.0,48.2,93.4
20240204-0600,Mountain View Moffett Field Naval Air Station,"Mountain View, California, US",9.0,8.0,-9999.0,2.5,-9999.0,5.4,100,-9999,-9999.0,95.0,48.2,93.4
20240204-0700,Mountain View Moffett Field Naval Air Station,"Mountain View, California, US",9.0,8.0,-9999.0,1.2,-9999.0,11.16,130,-9999,-9999.0,95.0,48.2,93.4
20240204-0800,Mountain View Moffett Field Naval Air Station,"Mountain View, California, US",9.0,8.0,-9999.0,1.2,-9999.0,12.959999999999999,140,-9999,-9999.0,95.0,48.2,93.4
20240204-0900,Mountain View Moffett Field Naval Air Station,"Mountain View, California, US",10.0,8.0,-9999.0,1.3,-9999.0,18.36,140,-9999,-9999.0,90.0,50.0,87.4
20240204-1000,Mountain View Moffett Field Naval Air Station,"Mountain View, California, US",10.0,9.0,-9999.0,1.3,-9999.0,22.32,140,-9999,-9999.0,95.0,50.0,93.5
20240204-1100,Mountain View Moffett Field Naval Air Station,"Mountain View, California, US",11.0,9.0,-9999.0,-9999.0,-9999.0,22.32,140,-9999,-9999.0,90.0,51.8,87.5
20240204-1200,Mountain View Moffett Field Naval Air Station,"Mountain View, California, US",11.0,9.0,-9999.0,-9999.0,-9999.0,22.32,130,-9999,-9999.0,90.0,51.8,87.5
20240204-1300,Mountain View Moffett Field Naval Air Station,"Mountain View, California, US",11.0,9.0,-9999.0,0.8,-9999.0,31.68,140,-9999,-9999.0,90.0,51.8,87.5
20240204-1400,Mountain View Moffett Field Naval Air Station,"Mountain View, California, US",11.0,9.0,-9999.0,0.2,-9999.0,42.480000000000004,130,-9999,-9999.0,90.0,51.8,87.5
20240204-1500,Mountain View Moffett Field Naval Air Station,"Mountain View, California, US",12.0,9.0,-9999.0,0.5,-9999.0,42.480000000000004,140,-9999,-9999.0,85.0,53.6,81.9
20240204-1600,Mountain View Moffett Field Naval Air Station,"Mountain View, California, US",11.0,10.0,-9999.0,1.3,-9999.0,37.08,140,-9999,-9999.0,95.0,51.8,93.5
20240204-1700,Mountain View Moffett Field Naval Air Station,"Mountain View, California, US",12.0,10.0,-9999.0,2.8,-9999.0,40.68,140,-9999,-9999.0,90.0,53.6,87.6
20240204-1800,Mountain View Moffett Field Naval Air Station,"Mountain View, California, US",12.0,10.0,-9999.0,2.0,-9999.0,44.64,140,-9999,-9999.0,90.0,53.6,87.6
20240204-1900,Mountain View Moffett Field Naval Air Station,"Mountain View, California, US",12.0,11.0,-9999.0,6.0,-9999.0,25.919999999999998,140,-9999,-9999.0,95.0,53.6,93.6
20240204-2000,Mountain View Moffett Field Naval Air Station,"Mountain View, California, US",13.0,11.0,-9999.0,1.2,-9999.0,16.56,140,-9999,-9999.0,90.0,55.4,87.6
20240204-2100,Mountain View Moffett Field Naval Air Station,"Mountain View, California, US",14.0,12.0,-9999.0,0.7,-9999.0,31.68,150,-9999,-9999.0,90.0,57.2,87.7
20240204-2200,Mountain View Moffett Field Naval Air Station,"Mountain View, California, US",16.0,11.0,-9999.0,1.0,-9999.0,24.12,170,-9999,-9999.0,75.0,60.8,72.2
20240204-2300,Mountain View Moffett Field Naval Air Station,"Mountain View, California, US",15.0,12.0,-9999.0,1.8,-9999.0,25.919999999999998,160,-9999,-9999.0,85.0,59.0,82.2
20240205-0000,Mountain View Moffett Field Naval Air Station,"Mountain View, California, US",16.0,10.0,-9999.0,0.5,-9999.0,40.68,170,-9999,-9999.0,70.0,60.8,67.5
20240205-0100,Mountain View Moffett Field Naval Air Station,"Mountain View, California, US",14.0,11.0,-9999.0,0.2,-9999.0,38.88,150,-9999,-9999.0,85.0,57.2,82.1
20240205-0200,Mountain View Moffett Field Naval Air Station,"Mountain View, California, US",14.0,11.0,-9999.0,3.3,-9999.0,18.36,190,-9999,-9999.0,85.0,57.2,82.1
20240205-0300,Mountain View Moffett Field Naval Air Station,"Mountain View, California, US",14.0,9.0,-9999.0,0.2,-9999.0,22.32,180,-9999,-9999.0,75.0,57.2,71.8
20240205-0400,Mountain View Moffett Field Naval Air Station,"Mountain View, California, US",14.0,9.0,-9999.0,-9999.0,-9999.0,14.76,180,-9999,-9999.0,75.0,57.2,71.8
20240205-0500,Mountain View Moffett Field Naval Air Station,"Mountain View, California, US",12.0,9.0,-9999.0,0.5,-9999.0,16.56,180,-9999,-9999.0,85.0,53.6,81.9
20240205-0600,Mountain View Moffett Field Naval Air Station,"Mountain View, California, US",13.0,8.0,-9999.0,-9999.0,-9999.0,11.16,130,-9999,-9999.0,75.0,55.4,71.6
20240205-0700,Mountain View Moffett Field Naval Air Station,"Mountain View, California, US",12.0,9.0,-9999.0,-9999.0,-9999.0,14.76,110,-9999,-9999.0,85.0,53.6,81.9
20240205-0800,Mountain View Moffett Field Naval Air Station,"Mountain View, California, US",13.0,9.0,-9999.0,-9999.0,-9999.0,11.16,-9999,-9999,-9999.0,80.0,55.4,76.7
20240205-0900,Mountain View Moffett Field Naval Air Station,"Mountain View, California, US",12.0,8.0,-9999.0,-9999.0,-9999.0,14.76,120,-9999,-9999.0,80.0,53.6,76.5
20240205-1000,Mountain View Moffett Field Naval Air Station,"Mountain View, California, US",12.0,9.0,-9999.0,-9999.0,-9999.0,12.959999999999999,110,-9999,-9999.0,85.0,53.6,81.9
20240205-1100,Mountain View Moffett Field Naval Air Station,"Mountain View, California, US",12.0,9.0,-9999.0,-9999.0,-9999.0,5.4,130,-9999,-9999.0,85.0,53.6,81.9
20240205-1200,Mountain View Moffett Field Naval Air Station,"Mountain View, California, US",11.0,9.0,-9999.0,0.2,-9999.0,7.5600000000000005,290,-9999,-9999.0,90.0,51.8,87.5
20240205-1300,Mountain View Moffett Field Naval Air Station,"Mountain View, California, US",10.0,9.0,-9999.0,1.0,-9999.0,7.5600000000000005,160,-9999,-9999.0,95.0,50.0,93.5
20240205-1400,Mountain View Moffett Field Naval Air Station,"Mountain View, California, US",10.0,8.0,-9999.0,-9999.0,-9999.0,7.5600000000000005,160,-9999,-9999.0,90.0,50.0,87.4
20240205-1500,Mountain View Moffett Field Naval Air Station,"Mountain View, California, US",10.0,9.0,-9999.0,0.7,-9999.0,7.5600000000000005,150,-9999,-9999.0,95.0,50.0,93.5
20240205-1600,Mountain View Moffett Field Naval Air Station,"Mountain View, California, US",10.0,9.0,-9999.0,0.5,-9999.0,11.16,150,-9999,-9999.0,95.0,50.0,93.5
20240205-1700,Mountain View Moffett Field Naval Air Station,"Mountain View, California, US",11.0,9.0,-9999.0,-9999.0,-9999.0,20.520000000000003,120,50,-9999.0,90.0,51.8,87.5
20240205-1800,Mountain View Moffett Field Naval Air Station,"Mountain View, California, US",12.0,9.0,-9999.0,-9999.0,-9999.0,18.36,140,-9999,-9999.0,85.0,53.6,81.9
20240205-1900,Mountain View Moffett Field Naval Air Station,"Mountain View, California, US",13.0,10.0,-9999.0,-9999.0,-9999.0,20.520000000000003,130,-9999,-9999.0,85.0,55.4,82.0
20240205-2000,Mountain View Moffett Field Naval Air Station,"Mountain View, California, US",13.0,10.0,-9999.0,-9999.0,-9999.0,18.36,130,-9999,-9999.0,85.0,55.4,82.0
20240205-2100,Mountain View Moffett Field Naval Air Station,"Mountain View, California, US",12.0,10.0,-9999.0,-9999.0,-9999.0,14.76,130,-9999,-9999.0,90.0,53.6,87.6
20240205-2200,Mountain View Moffett Field Naval Air Station,"Mountain View, California, US",14.0,9.0,-9999.0,0.3,-9999.0,5.4,-9999,-9999,-9999.0,75.0,57.2,71.8
20240205-2300,Mountain View Moffett Field Naval Air Station,"Mountain View, California, US",14.0,9.0,-9999.0,-9999.0,-9999.0,5.4,-9999,-9999,-9999.0,75.0,57.2,71.8
20240206-0000,Mountain View Moffett Field Naval Air Station,"Mountain View, California, US",15.0,8.0,-9999.0,-9999.0,-9999.0,7.5600000000000005,170,-9999,-9999.0,65.0,59.0,62.9
20240206-0100,Mountain View Moffett Field Naval Air Station,"Mountain View, California, US",13.0,10.0,-9999.0,-9999.0,-9999.0,7.5600000000000005,-9999,-9999,-9999.0,85.0,55.4,82.0
20240206-0200,Mountain View Moffett Field Naval Air Station,"Mountain View, California, US",12.0,10.0,-9999.0,0.5,-9999.0,7.5600000000000005,80,-9999,-9999.0,90.0,53.6,87.6
20240206-0300,Mountain View Moffett Field Naval Air Station,"Mountain View, California, US",12.0,10.0,-9999.0,-9999.0,-9999.0,7.5600000000000005,-9999,-9999,-9999.0,90.0,53.6,87.6
20240206-0400,Mountain View Moffett Field Naval Air Station,"Mountain View, California, US",12.0,9.0,-9999.0,-9999.0,-9999.0,9.360000000000001,330,-9999,-9999.0,85.0,53.6,81.9
20240206-0500,Mountain View Moffett Field Naval Air Station,"Mountain View, California, US",11.0,8.0,-9999.0,-9999.0,-9999.0,0.0,0,-9999,-9999.0,85.0,51.8,81.7
20240206-0600,Mountain View Moffett Field Naval Air Station,"Mountain View, California, US",11.0,9.0,-9999.0,-9999.0,-9999.0,0.0,0,-9999,-9999.0,90.0,51.8,87.5
20240206-0700,Mountain View Moffett Field Naval Air Station,"Mountain View, California, US",11.0,9.0,-9999.0,-9999.0,-9999.0,0.0,0,-9999,-9999.0,90.0,51.8,87.5
20240206-0800,Mountain View Moffett Field Naval Air Station,"Mountain View, California, US",10.0,8.0,-9999.0,-9999.0,-9999.0,0.0,0,-9999,-9999.0,90.0,50.0,87.4
20240206-0900,Mountain View Moffett Field Naval Air Station,"Mountain View, California, US",10.0,9.0,-9999.0,-9999.0,-9999.0,0.0,0,-9999,-9999.0,95.0,50.0,93.5
20240206-1000,Mountain View Moffett Field Naval Air Station,"Mountain View, California, US",10.0,8.0,-9999.0,-9999.0,-9999.0,0.0,0,-9999,-9999.0,90.0,50.0,87.4
20240206-1100,Mountain View Moffett Field Naval Air Station,"Mountain View, California, US",10.0,9.0,-9999.0,-9999.0,-9999.0,0.0,0,-9999,-9999.0,95.0,50.0,93.5
20240206-1200,Mountain View Moffett Field Naval Air Station,"Mountain View, California, US",10.0,8.0,-9999.0,-9999.0,-9999.0,0.0,0,-9999,-9999.0,90.0,50.0,87.4
20240206-1300,Mountain View Moffett Field Naval Air Station,"Mountain View, California, US",10.0,8.0,-9999.0,-9999.0,-9999.0,0.0,0,-9999,-9999.0,90.0,50.0,87.4
20240206-1400,Mountain View Moffett Field Naval Air Station,"Mountain View, California, US",10.0,8.0,-9999.0,-9999.0,-9999.0,0.0,0,-9999,-9999.0,90.0,50.0,87.4
20240206-1500,Mountain View Moffett Field Naval Air Station,"Mountain View, California, US",9.0,8.0,-9999.0,-9999.0,-9999.0,7.5600000000000005,280,-9999,-9999.0,95.0,48.2,93.4
20240206-1600,Mountain View Moffett Field Naval Air Station,"Mountain View, California, US",9.0,8.0,-9999.0,-9999.0,-9999.0,0.0,0,50,-9999.0,95.0,48.2,93.4
20240206-1700,Mountain View Moffett Field Naval Air Station,"Mountain View, California, US",10.0,8.0,-9999.0,-9999.0,-9999.0,0.0,0,-9999,-9999.0,90.0,50.0,87.4
20240206-1800,Mountain View Moffett Field Naval Air Station,"Mountain View, California, US",11.0,9.0,-9999.0,-9999.0,-9999.0,7.5600000000000005,340,-9999,-9999.0,90.0,51.8,87.5
20240206-1900,Mountain View Moffett Field Naval Air Station,"Mountain View, California, US",12.0,9.0,-9999.0,-9999.0,-9999.0,5.4,-9999,0,-9999.0,85.0,53.6,81.9
20240206-2000,Mountain View Moffett Field Naval Air Station,"Mountain View, California, US",12.0,7.0,-9999.0,-9999.0,-9999.0,9.360000000000001,350,-9999,-9999.0,75.0,53.6,71.5
20240206-2100,Mountain View Moffett Field Naval Air Station,"Mountain View, California, US",13.0,7.0,-9999.0,-9999.0,-9999.0,11.16,350,25,-9999.0,70.0,55.4,66.9
20240206-2200,Mountain View Moffett Field Naval Air Station,"Mountain View, California, US",14.0,6.0,-9999.0,-9999.0,-9999.0,16.56,350,0,-9999.0,60.0,57.2,58.5
20240206-2300,Mountain View Moffett Field Naval Air Station,"Mountain View, California, US",13.0,4.0,-9999.0,-9999.0,-9999.0,20.520000000000003,340,0,-9999.0,55.0,55.4,54.3
20240207-0000,Mountain View Moffett Field Naval Air Station,"Mountain View, California, US",14.0,4.0,-9999.0,-9999.0,-9999.0,16.56,340,0,-9999.0,50.0,57.2,50.9
20240207-0100,Mountain View Moffett Field Naval Air Station,"Mountain View, California, US",13.0,6.0,-9999.0,-9999.0,-9999.0,14.76,330,0,-9999.0,65.0,55.4,62.5
20240207-0200,Mountain View Moffett Field Naval Air Station,"Mountain View, California, US",12.0,5.0,-9999.0,-9999.0,-9999.0,9.360000000000001,-9999,0,-9999.0,65.0,53.6,62.2
20240207-0300,Mountain View Moffett Field Naval Air Station,"Mountain View, California, US",11.0,5.0,-9999.0,-9999.0,-9999.0,5.4,260,-9999,-9999.0,70.0,51.8,66.5
20240207-0400,Mountain View Moffett Field Naval Air Station,"Mountain View, California, US",10.0,6.0,-9999.0,-9999.0,-9999.0,5.4,260,50,-9999.0,80.0,50.0,76.2
20240207-0500,Mountain View Moffett Field Naval Air Station,"Mountain View, California, US",10.0,6.0,-9999.0,-9999.0,-9999.0,0.0,0,-9999,-9999.0,80.0,50.0,76.2
20240207-0600,Mountain View Moffett Field Naval Air Station,"Mountain View, California, US",10.0,6.0,-9999.0,-9999.0,-9999.0,0.0,0,-9999,-9999.0,80.0,50.0,76.2
20240207-0700,Mountain View Moffett Field Naval Air Station,"Mountain View, California, US",9.0,6.0,-9999.0,-9999.0,-9999.0,7.5600000000000005,-9999,-9999,-9999.0,85.0,48.2,81.5
20240207-0800,Mountain View Moffett Field Naval Air Station,"Mountain View, California, US",10.0,6.0,-9999.0,-9999.0,-9999.0,0.0,0,-9999,-9999.0,80.0,50.0,76.2
20240207-0900,Mountain View Moffett Field Naval Air Station,"Mountain View, California, US",11.0,6.0,-9999.0,-9999.0,-9999.0,7.5600000000000005,280,-9999,-9999.0,75.0,51.8,71.3
20240207-1000,Mountain View Moffett Field Naval Air Station,"Mountain View, California, US",10.0,5.0,-9999.0,-9999.0,-9999.0,11.16,270,25,-9999.0,75.0,50.0,71.1
20240207-1100,Mountain View Moffett Field Naval Air Station,"Mountain View, California, US",10.0,5.0,-9999.0,-9999.0,-9999.0,7.5600000000000005,270,50,-9999.0,75.0,50.0,71.1
20240207-1200,Mountain View Moffett Field Naval Air Station,"Mountain View, California, US",10.0,6.0,-9999.0,-9999.0,-9999.0,7.5600000000000005,240,-9999,-9999.0,80.0,50.0,76.2
20240207-1300,Mountain View Moffett Field Naval Air Station,"Mountain View, California, US",10.0,6.0,-9999.0,-9999.0,-9999.0,0.0,0,-9999,-9999.0,80.0,50.0,76.2
20240207-1400,Mountain View Moffett Field Naval Air Station,"Mountain View, California, US",10.0,6.0,-9999.0,-9999.0,-9999.0,0.0,0,-9999,-9999.0,80.0,50.0,76.2
20240207-1500,Mountain View Moffett Field Naval Air Station,"Mountain View, California, US",10.0,5.0,-9999.0,-9999.0,-9999.0,0.0,0,-9999,-9999.0,75.0,50.0,71.1
20240207-1600,Mountain View Moffett Field Naval Air Station,"Mountain View, California, US",10.0,6.0,-9999.0,-9999.0,-9999.0,7.5600000000000005,140,-9999,-9999.0,80.0,50.0,76.2
20240207-1700,Mountain View Moffett Field Naval Air Station,"Mountain View, California, US",10.0,7.0,-9999.0,-9999.0,-9999.0,9.360000000000001,150,-9999,-9999.0,85.0,50.0,81.6
20240207-1800,Mountain View Moffett Field Naval Air Station,"Mountain View, California, US",10.0,7.0,-9999.0,0.8,-9999.0,14.76,140,-9999,-9999.0,85.0,50.0,81.6
20240207-1900,Mountain View Moffett Field Naval Air Station,"Mountain View, California, US",9.0,8.0,-9999.0,-9999.0,-9999.0,16.56,140,-9999,-9999.0,95.0,48.2,93.4
20240207-2000,Mountain View Moffett Field Naval Air Station,"Mountain View, California, US",9.0,8.0,-9999.0,1.5,-9999.0,18.36,230,-9999,-9999.0,95.0,48.2,93.4
20240207-2100,Mountain View Moffett Field Naval Air Station,"Mountain View, California, US",9.0,7.0,-9999.0,4.1,-9999.0,9.360000000000001,210,-9999,-9999.0,90.0,48.2,87.3
20240207-2200,Mountain View Moffett Field Naval Air Station,"Mountain View, California, US",9.0,7.0,-9999.0,1.5,-9999.0,7.5600000000000005,260,-9999,-9999.0,90.0,48.2,87.3
20240207-2300,Mountain View Moffett Field Naval Air Station,"Mountain View, California, US",12.0,8.0,-9999.0,0.3,-9999.0,20.520000000000003,280,-9999,-9999.0,80.0,53.6,76.5
20240208-0000,Mountain View Moffett Field Naval Air Station,"Mountain View, California, US",10.0,5.0,-9999.0,-9999.0,-9999.0,14.76,280,-9999,-9999.0,75.0,50.0,71.1
20240208-0100,Mountain View Moffett Field Naval Air Station,"Mountain View, California, US",11.0,3.0,-9999.0,-9999.0,-9999.0,12.959999999999999,290,-9999,-9999.0,60.0,51.8,57.8
20240208-0200,Mountain View Moffett Field Naval Air Station,"Mountain View, California, US",9.0,3.0,-9999.0,-9999.0,-9999.0,16.56,270,-9999,-9999.0,70.0,48.2,66.0
20240208-0300,Mountain View Moffett Field Naval Air Station,"Mountain View, California, US",9.0,4.0,-9999.0,-9999.0,-9999.0,12.959999999999999,260,-9999,-9999.0,75.0,48.2,70.9
20240208-0400,Mountain View Moffett Field Naval Air Station,"Mountain View, California, US",9.0,4.0,-9999.0,-9999.0,-9999.0,9.360000000000001,250,-9999,-9999.0,75.0,48.2,70.9
20240208-0500,Mountain View Moffett Field Naval Air Station,"Mountain View, California, US",9.0,4.0,-9999.0,-9999.0,-9999.0,7.5600000000000005,280,-9999,-9999.0,75.0,48.2,70.9
20240208-0600,Mountain View Moffett Field Naval Air Station,"Mountain View, California, US",10.0,3.0,-9999.0,-9999.0,-9999.0,16.56,310,-9999,-9999.0,65.0,50.0,61.8
20240208-0700,Mountain View Moffett Field Naval Air Station,"Mountain View, California, US",10.0,4.0,-9999.0,-9999.0,-9999.0,18.36,320,-9999,-9999.0,70.0,50.0,66.3
20240208-0800,Mountain View Moffett Field Naval Air Station,"Mountain View, California, US",9.0,3.0,-9999.0,-9999.0,-9999.0,12.959999999999999,310,-9999,-9999.0,70.0,48.2,66.0
20240208-0900,Mountain View Moffett Field Naval Air Station,"Mountain View, California, US",8.0,3.0,-9999.0,-9999.0,-9999.0,0.0,0,50,-9999.0,75.0,46.4,70.7
20240208-1000,Mountain View Moffett Field Naval Air Station,"Mountain View, California, US",7.0,3.0,-9999.0,-9999.0,-9999.0,0.0,0,50,-9999.0,80.0,44.6,75.7
20240208-1100,Mountain View Moffett Field Naval Air Station,"Mountain View, California, US",6.0,4.0,-9999.0,-9999.0,-9999.0,5.4,240,0,-9999.0,90.0,42.8,87.0
20240208-1200,Mountain View Moffett Field Naval Air Station,"Mountain View, California, US",5.0,4.0,-9999.0,-9999.0,-9999.0,5.4,220,0,-9999.0,95.0,41.0,93.2
20240208-1300,Mountain View Moffett Field Naval Air Station,"Mountain View, California, US",5.0,3.0,-9999.0,-9999.0,-9999.0,0.0,0,25,-9999.0,90.0,41.0,86.9
20240208-1400,Mountain View Moffett Field Naval Air Station,"Mountain View, California, US",4.0,4.0,-9999.0,-9999.0,-9999.0,0.0,0,25,-9999.0,100.0,39.2,100.0
20240208-1600,Mountain View Moffett Field Naval Air Station,"Mountain View, California, US",5.0,3.0,-9999.0,-9999.0,-9999.0,0.0,0,0,-9999.0,90.0,41.0,86.9
20240208-1700,Mountain View Moffett Field Naval Air Station,"Mountain View, California, US",7.0,5.0,-9999.0,-9999.0,-9999.0,7.5600000000000005,110,0,-9999.0,90.0,44.6,87.1
20240208-1800,Mountain View Moffett Field Naval Air Station,"Mountain View, California, US",9.0,4.0,-9999.0,-9999.0,-9999.0,7.5600000000000005,170,0,-9999.0,75.0,48.2,70.9
20240208-1900,Mountain View Moffett Field Naval Air Station,"Mountain View, California, US",11.0,4.0,-9999.0,-9999.0,-9999.0,5.4,40,0,-9999.0,65.0,51.8,62.0
20240208-2000,Mountain View Moffett Field Naval Air Station,"Mountain View, California, US",13.0,5.0,-9999.0,-9999.0,-9999.0,0.0,0,0,-9999.0,60.0,55.4,58.3
20240208-2100,Mountain View Moffett Field Naval Air Station,"Mountain View, California, US",13.0,6.0,-9999.0,-9999.0,-9999.0,11.16,20,50,-9999.0,65.0,55.4,62.5
20240208-2200,Mountain View Moffett Field Naval Air Station,"Mountain View, California, US",12.0,6.0,-9999.0,-9999.0,-9999.0,11.16,360,-9999,-9999.0,70.0,53.6,66.7
20240208-2300,Mountain View Moffett Field Naval Air Station,"Mountain View, California, US",11.0,6.0,-9999.0,-9999.0,-9999.0,11.16,340,50,-9999.0,75.0,51.8,71.3
20240209-0000,Mountain View Moffett Field Naval Air Station,"Mountain View, California, US",11.0,6.0,-9999.0,-9999.0,-9999.0,11.16,350,-9999,-9999.0,75.0,51.8,71.3
20240209-0100,Mountain View Moffett Field Naval Air Station,"Mountain View, California, US",12.0,6.0,-9999.0,-9999.0,-9999.0,12.959999999999999,320,-9999,-9999.0,70.0,53.6,66.7
20240209-0200,Mountain View Moffett Field Naval Air Station,"Mountain View, California, US",11.0,5.0,-9999.0,-9999.0,-9999.0,7.5600000000000005,290,50,-9999.0,70.0,51.8,66.5
20240209-0300,Mountain View Moffett Field Naval Air Station,"Mountain View, California, US",10.0,6.0,-9999.0,-9999.0,-9999.0,14.76,20,-9999,-9999.0,80.0,50.0,76.2
20240209-0400,Mountain View Moffett Field Naval Air Station,"Mountain View, California, US",9.0,6.0,-9999.0,-9999.0,-9999.0,9.360000000000001,-9999,50,-9999.0,85.0,48.2,81.5
20240209-0500,Mountain View Moffett Field Naval Air Station,"Mountain View, California, US",9.0,5.0,-9999.0,-9999.0,-9999.0,0.0,0,50,-9999.0,80.0,48.2,76.0
20240209-1400,Mountain View Moffett Field Naval Air Station,"Mountain View, California, US",4.0,3.0,-9999.0,-9999.0,-9999.0,0.0,0,0,-9999.0,95.0,39.2,93.2
20240209-1500,Mountain View Moffett Field Naval Air Station,"Mountain View, California, US",4.0,4.0,-9999.0,-9999.0,-9999.0,0.0,0,0,-9999.0,100.0,39.2,100.0
20240209-1600,Mountain View Moffett Field Naval Air Station,"Mountain View, California, US",4.0,3.0,-9999.0,-9999.0,-9999.0,0.0,0,0,-9999.0,95.0,39.2,93.2
20240209-1700,Mountain View Moffett Field Naval Air Station,"Mountain View, California, US",7.0,5.0,-9999.0,-9999.0,-9999.0,5.4,360,0,-9999.0,90.0,44.6,87.1
20240209-1800,Mountain View Moffett Field Naval Air Station,"Mountain View, California, US",8.0,6.0,-9999.0,-9999.0,-9999.0,0.0,0,25,-9999.0,90.0,46.4,87.2
20240209-1900,Mountain View Moffett Field Naval Air Station,"Mountain View, California, US",10.0,6.0,-9999.0,-9999.0,-9999.0,0.0,0,0,-9999.0,80.0,50.0,76.2
20240209-2000,Mountain View Moffett Field Naval Air Station,"Mountain View, California, US",11.0,6.0,-9999.0,-9999.0,-9999.0,11.16,20,0,-9999.0,75.0,51.8,71.3
20240209-2100,Mountain View Moffett Field Naval Air Station,"Mountain View, California, US",12.0,5.0,-9999.0,-9999.0,-9999.0,9.360000000000001,360,0,-9999.0,65.0,53.6,62.2
20240209-2200,Mountain View Moffett Field Naval Air Station,"Mountain View, California, US",12.0,5.0,-9999.0,-9999.0,-9999.0,11.16,350,0,-9999.0,65.0,53.6,62.2
20240209-2300,Mountain View Moffett Field Naval Air Station,"Mountain View, California, US",13.0,6.0,-9999.0,-9999.0,-9999.0,16.56,350,0,-9999.0,65.0,55.4,62.5
20240210-0000,Mountain View Moffett Field Naval Air Station,"Mountain View, California, US",13.0,6.0,-9999.0,-9999.0,-9999.0,12.959999999999999,330,0,-9999.0,65.0,55.4,62.5
20240210-0100,Mountain View Moffett Field Naval Air Station,"Mountain View, California, US",12.0,6.0,-9999.0,-9999.0,-9999.0,14.76,340,0,-9999.0,70.0,53.6,66.7
20240210-0200,Mountain View Moffett Field Naval Air Station,"Mountain View, California, US",11.0,6.0,-9999.0,-9999.0,-9999.0,12.959999999999999,310,0,-9999.0,75.0,51.8,71.3
20240210-0300,Mountain View Moffett Field Naval Air Station,"Mountain View, California, US",11.0,6.0,-9999.0,-9999.0,-9999.0,11.16,290,25,-9999.0,75.0,51.8,71.3
20240210-0400,Mountain View Moffett Field Naval Air Station,"Mountain View, California, US",10.0,6.0,-9999.0,-9999.0,-9999.0,0.0,0,0,-9999.0,80.0,50.0,76.2
20240210-0500,Mountain View Moffett Field Naval Air Station,"Mountain View, California, US",10.0,6.0,-9999.0,-9999.0,-9999.0,7.5600000000000005,270,0,-9999.0,80.0,50.0,76.2
20240210-0600,Mountain View Moffett Field Naval Air Station,"Mountain View, California, US",9.0,6.0,-9999.0,-9999.0,-9999.0,5.4,280,0,-9999.0,85.0,48.2,81.5
20240210-0700,Mountain View Moffett Field Naval Air Station,"Mountain View, California, US",9.0,6.0,-9999.0,-9999.0,-9999.0,7.5600000000000005,260,0,-9999.0,85.0,48.2,81.5
20240210-0800,Mountain View Moffett Field Naval Air Station,"Mountain View, California, US",8.0,6.0,-9999.0,-9999.0,-9999.0,5.4,270,0,-9999.0,90.0,46.4,87.2
20240210-0900,Mountain View Moffett Field Naval Air Station,"Mountain View, California, US",8.0,6.0,-9999.0,-9999.0,-9999.0,0.0,0,0,-9999.0,90.0,46.4,87.2
20240210-1000,Mountain View Moffett Field Naval Air Station,"Mountain View, California, US",7.0,5.0,-9999.0,-9999.0,-9999.0,5.4,270,0,-9999.0,90.0,44.6,87.1
20240210-1100,Mountain View Moffett Field Naval Air Station,"Mountain View, California, US",7.0,6.0,-9999.0,-9999.0,-9999.0,7.5600000000000005,250,0,-9999.0,95.0,44.6,93.3
20240210-1200,Mountain View Moffett Field Naval Air Station,"Mountain View, California, US",7.0,5.0,-9999.0,-9999.0,-9999.0,0.0,0,0,-9999.0,90.0,44.6,87.1
20240210-1300,Mountain View Moffett Field Naval Air Station,"Mountain View, California, US",7.0,5.0,-9999.0,-9999.0,-9999.0,7.5600000000000005,280,0,-9999.0,90.0,44.6,87.1
20240210-1400,Mountain View Moffett Field Naval Air Station,"Mountain View, California, US",7.0,5.0,-9999.0,-9999.0,-9999.0,0.0,0,0,-9999.0,90.0,44.6,87.1
20240210-1500,Mountain View Moffett Field Naval Air Station,"Mountain View, California, US",6.0,4.0,-9999.0,-9999.0,-9999.0,0.0,0,0,-9999.0,90.0,42.8,87.0
20240210-1600,Mountain View Moffett Field Naval Air Station,"Mountain View, California, US",8.0,5.0,-9999.0,-9999.0,-9999.0,0.0,0,0,-9999.0,85.0,46.4,81.3
20240210-1700,Mountain View Moffett Field Naval Air Station,"Mountain View, California, US",11.0,4.0,-9999.0,-9999.0,-9999.0,9.360000000000001,290,0,-9999.0,65.0,51.8,62.0
20240210-1800,Mountain View Moffett Field Naval Air Station,"Mountain View, California, US",12.0,4.0,-9999.0,-9999.0,-9999.0,11.16,-9999,0,-9999.0,60.0,53.6,58.0
20240210-1900,Mountain View Moffett Field Naval Air Station,"Mountain View, California, US",13.0,3.0,-9999.0,-9999.0,-9999.0,12.959999999999999,320,0,-9999.0,50.0,55.4,50.6
20240210-2000,Mountain View Moffett Field Naval Air Station,"Mountain View, California, US",14.0,2.0,-9999.0,-9999.0,-9999.0,7.5600000000000005,-9999,0,-9999.0,40.0,57.2,44.2
20240210-2100,Mountain View Moffett Field Naval Air Station,"Mountain View, California, US",15.0,2.0,-9999.0,-9999.0,-9999.0,5.4,-9999,0,-9999.0,35.0,59.0,41.4
20240210-2200,Mountain View Moffett Field Naval Air Station,"Mountain View, California, US",17.0,2.0,-9999.0,-9999.0,-9999.0,7.5600000000000005,-9999,0,-9999.0,25.0,62.6,36.5
20240210-2300,Mountain View Moffett Field Naval Air Station,"Mountain View, California, US",16.0,1.0,-9999.0,-9999.0,-9999.0,5.4,-9999,0,-9999.0,25.0,60.8,36.2
20240211-0000,Mountain View Moffett Field Naval Air Station,"Mountain View, California, US",16.0,2.0,-9999.0,-9999.0,-9999.0,9.360000000000001,10,0,-9999.0,30.0,60.8,38.8
20240211-0100,Mountain View Moffett Field Naval Air Station,"Mountain View, California, US",14.0,7.0,-9999.0,-9999.0,-9999.0,11.16,360,0,-9999.0,65.0,57.2,62.7
20240211-0200,Mountain View Moffett Field Naval Air Station,"Mountain View, California, US",13.0,9.0,-9999.0,-9999.0,-9999.0,14.76,350,0,-9999.0,80.0,55.4,76.7
20240211-0300,Mountain View Moffett Field Naval Air Station,"Mountain View, California, US",11.0,9.0,-9999.0,-9999.0,-9999.0,11.16,350,0,-9999.0,90.0,51.8,87.5
20240211-0400,Mountain View Moffett Field Naval Air Station,"Mountain View, California, US",11.0,9.0,-9999.0,-9999.0,-9999.0,11.16,360,0,-9999.0,90.0,51.8,87.5
20240211-0500,Mountain View Moffett Field Naval Air Station,"Mountain View, California, US",10.0,9.0,-9999.0,-9999.0,-9999.0,0.0,0,0,-9999.0,95.0,50.0,93.5
20240211-0600,Mountain View Moffett Field Naval Air Station,"Mountain View, California, US",9.0,8.0,-9999.0,-9999.0,-9999.0,0.0,0,0,-9999.0,95.0,48.2,93.4
20240211-0700,Mountain View Moffett Field Naval Air Station,"Mountain View, California, US",9.0,6.0,-9999.0,-9999.0,-9999.0,0.0,0,0,-9999.0,85.0,48.2,81.5
20240211-0800,Mountain View Moffett Field Naval Air Station,"Mountain View, California, US",8.0,5.0,-9999.0,-9999.0,-9999.0,0.0,0,0,-9999.0,85.0,46.4,81.3
20240211-0900,Mountain View Moffett Field Naval Air Station,"Mountain View, California, US",7.0,5.0,-9999.0,-9999.0,-9999.0,0.0,0,0,-9999.0,90.0,44.6,87.1
20240211-1000,Mountain View Moffett Field Naval Air Station,"Mountain View, California, US",6.0,5.0,-9999.0,-9999.0,-9999.0,0.0,0,-9999,-9999.0,95.0,42.8,93.3
20240211-1100,Mountain View Moffett Field Naval Air Station,"Mountain View, California, US",6.0,5.0,-9999.0,-9999.0,-9999.0,0.0,0,0,-9999.0,95.0,42.8,93.3
20240211-1200,Mountain View Moffett Field Naval Air Station,"Mountain View, California, US",6.0,5.0,-9999.0,-9999.0,-9999.0,0.0,0,0,-9999.0,95.0,42.8,93.3
20240211-1300,Mountain View Moffett Field Naval Air Station,"Mountain View, California, US",6.0,5.0,-9999.0,-9999.0,-9999.0,0.0,0,-9999,-9999.0,95.0,42.8,93.3
20240211-1400,Mountain View Moffett Field Naval Air Station,"Mountain View, California, US",6.0,4.0,-9999.0,-9999.0,-9999.0,0.0,0,-9999,-9999.0,90.0,42.8,87.0
20240211-1500,Mountain View Moffett Field Naval Air Station,"Mountain View, California, US",7.0,5.0,-9999.0,-9999.0,-9999.0,0.0,0,-9999,-9999.0,90.0,44.6,87.1
20240211-1600,Mountain View Moffett Field Naval Air Station,"Mountain View, California, US",8.0,6.0,-9999.0,-9999.0,-9999.0,5.4,120,50,-9999.0,90.0,46.4,87.2
20240211-1700,Mountain View Moffett Field Naval Air Station,"Mountain View, California, US",10.0,7.0,-9999.0,-9999.0,-9999.0,0.0,0,0,-9999.0,85.0,50.0,81.6
20240211-1800,Mountain View Moffett Field Naval Air Station,"Mountain View, California, US",11.0,8.0,-9999.0,-9999.0,-9999.0,0.0,0,0,-9999.0,85.0,51.8,81.7
20240211-1900,Mountain View Moffett Field Naval Air Station,"Mountain View, California, US",12.0,8.0,-9999.0,-9999.0,-9999.0,0.0,0,0,-9999.0,80.0,53.6,76.5
20240211-2000,Mountain View Moffett Field Naval Air Station,"Mountain View, California, US",13.0,9.0,-9999.0,-9999.0,-9999.0,11.16,350,0,-9999.0,80.0,55.4,76.7
20240211-2100,Mountain View Moffett Field Naval Air Station,"Mountain View, California, US",13.0,8.0,-9999.0,-9999.0,-9999.0,7.5600000000000005,10,0,-9999.0,75.0,55.4,71.6
20240211-2200,Mountain View Moffett Field Naval Air Station,"Mountain View, California, US",14.0,7.0,-9999.0,-9999.0,-9999.0,9.360000000000001,340,0,-9999.0,65.0,57.2,62.7
20240211-2300,Mountain View Moffett Field Naval Air Station,"Mountain View, California, US",14.0,8.0,-9999.0,-9999.0,-9999.0,14.76,350,0,-9999.0,70.0,57.2,67.1
20240212-0000,Mountain View Moffett Field Naval Air Station,"Mountain View, California, US",14.0,7.0,-9999.0,-9999.0,-9999.0,12.959999999999999,330,0,-9999.0,65.0,57.2,62.7
20240212-0100,Mountain View Moffett Field Naval Air Station,"Mountain View, California, US",14.0,8.0,-9999.0,-9999.0,-9999.0,11.16,320,0,-9999.0,70.0,57.2,67.1
20240212-0200,Mountain View Moffett Field Naval Air Station,"Mountain View, California, US",13.0,9.0,-9999.0,-9999.0,-9999.0,0.0,0,0,-9999.0,80.0,55.4,76.7
20240212-0300,Mountain View Moffett Field Naval Air Station,"Mountain View, California, US",11.0,9.0,-9999.0,-9999.0,-9999.0,7.5600000000000005,350,-9999,-9999.0,90.0,51.8,87.5
20240212-0400,Mountain View Moffett Field Naval Air Station,"Mountain View, California, US",11.0,10.0,-9999.0,-9999.0,-9999.0,0.0,0,0,-9999.0,95.0,51.8,93.5
20240212-0500,Mountain View Moffett Field Naval Air Station,"Mountain View, California, US",10.0,7.0,-9999.0,-9999.0,-9999.0,0.0,0,0,-9999.0,85.0,50.0,81.6
20240212-0600,Mountain View Moffett Field Naval Air Station,"Mountain View, California, US",9.0,6.0,-9999.0,-9999.0,-9999.0,0.0,0,0,-9999.0,85.0,48.2,81.5
20240212-0700,Mountain View Moffett Field Naval Air Station,"Mountain View, California, US",8.0,6.0,-9999.0,-9999.0,-9999.0,0.0,0,0,-9999.0,90.0,46.4,87.2
20240212-0800,Mountain View Moffett Field Naval Air Station,"Mountain View, California, US",8.0,5.0,-9999.0,-9999.0,-9999.0,0.0,0,0,-9999.0,85.0,46.4,81.3
20240212-0900,Mountain View Moffett Field Naval Air Station,"Mountain View, California, US",7.0,5.0,-9999.0,-9999.0,-9999.0,0.0,0,0,-9999.0,90.0,44.6,87.1
20240212-1000,Mountain View Moffett Field Naval Air Station,"Mountain View, California, US",7.0,5.0,-9999.0,-9999.0,-9999.0,0.0,0,-9999,-9999.0,90.0,44.6,87.1
20240212-1100,Mountain View Moffett Field Naval Air Station,"Mountain View, California, US",6.0,5.0,-9999.0,-9999.0,-9999.0,0.0,0,0,-9999.0,95.0,42.8,93.3
20240212-1200,Mountain View Moffett Field Naval Air Station,"Mountain View, California, US",6.0,5.0,-9999.0,-9999.0,-9999.0,0.0,0,-9999,-9999.0,95.0,42.8,93.3
20240212-1300,Mountain View Moffett Field Naval Air Station,"Mountain View, California, US",7.0,6.0,-9999.0,-9999.0,-9999.0,0.0,0,-9999,-9999.0,95.0,44.6,93.3
20240212-1400,Mountain View Moffett Field Naval Air Station,"Mountain View, California, US",8.0,7.0,-9999.0,-9999.0,-9999.0,0.0,0,-9999,-9999.0,95.0,46.4,93.4
20240212-1500,Mountain View Moffett Field Naval Air Station,"Mountain View, California, US",9.0,8.0,-9999.0,-9999.0,-9999.0,0.0,0,-9999,-9999.0,95.0,48.2,93.4
20240212-1600,Mountain View Moffett Field Naval Air Station,"Mountain View, California, US",9.0,8.0,-9999.0,-9999.0,-9999.0,0.0,0,-9999,-9999.0,95.0,48.2,93.4
20240212-1700,Mountain View Moffett Field Naval Air Station,"Mountain View, California, US",9.0,8.0,-9999.0,-9999.0,-9999.0,5.4,-9999,-9999,-9999.0,95.0,48.2,93.4
20240212-1800,Mountain View Moffett Field Naval Air Station,"Mountain View, California, US",10.0,8.0,-9999.0,-9999.0,-9999.0,0.0,0,-9999,-9999.0,90.0,50.0,87.4
20240212-1900,Mountain View Moffett Field Naval Air Station,"Mountain View, California, US",11.0,8.0,-9999.0,-9999.0,-9999.0,0.0,0,-9999,-9999.0,85.0,51.8,81.7
20240212-2000,Mountain View Moffett Field Naval Air Station,"Mountain View, California, US",12.0,9.0,-9999.0,-9999.0,-9999.0,5.4,360,0,-9999.0,85.0,53.6,81.9
20240212-2100,Mountain View Moffett Field Naval Air Station,"Mountain View, California, US",13.0,9.0,-9999.0,-9999.0,-9999.0,12.959999999999999,350,0,-9999.0,80.0,55.4,76.7
20240212-2200,Mountain View Moffett Field Naval Air Station,"Mountain View, California, US",14.0,8.0,-9999.0,-9999.0,-9999.0,9.360000000000001,360,0,-9999.0,70.0,57.2,67.1
20240212-2300,Mountain View Moffett Field Naval Air Station,"Mountain View, California, US",14.0,7.0,-9999.0,-9999.0,-9999.0,9.360000000000001,320,0,-9999.0,65.0,57.2,62.7
20240213-0000,Mountain View Moffett Field Naval Air Station,"Mountain View, California, US",14.0,7.0,-9999.0,-9999.0,-9999.0,14.76,350,0,-9999.0,65.0,57.2,62.7
20240213-0100,Mountain View Moffett Field Naval Air Station,"Mountain View, California, US",14.0,8.0,-9999.0,-9999.0,-9999.0,9.360000000000001,320,0,-9999.0,70.0,57.2,67.1
20240213-0200,Mountain View Moffett Field Naval Air Station,"Mountain View, California, US",13.0,7.0,-9999.0,-9999.0,-9999.0,0.0,0,0,-9999.0,70.0,55.4,66.9
20240213-0300,Mountain View Moffett Field Naval Air Station,"Mountain View, California, US",12.0,7.0,-9999.0,-9999.0,-9999.0,0.0,0,-9999,-9999.0,75.0,53.6,71.5
20240213-0400,Mountain View Moffett Field Naval Air Station,"Mountain View, California, US",11.0,9.0,-9999.0,-9999.0,-9999.0,0.0,0,-9999,-9999.0,90.0,51.8,87.5
20240213-0500,Mountain View Moffett Field Naval Air Station,"Mountain View, California, US",11.0,8.0,-9999.0,-9999.0,-9999.0,0.0,0,-9999,-9999.0,85.0,51.8,81.7
20240213-0600,Mountain View Moffett Field Naval Air Station,"Mountain View, California, US",9.0,7.0,-9999.0,-9999.0,-9999.0,0.0,0,0,-9999.0,90.0,48.2,87.3
20240213-0700,Mountain View Moffett Field Naval Air Station,"Mountain View, California, US",9.0,6.0,-9999.0,-9999.0,-9999.0,0.0,0,-9999,-9999.0,85.0,48.2,81.5
20240213-0800,Mountain View Moffett Field Naval Air Station,"Mountain View, California, US",8.0,6.0,-9999.0,-9999.0,-9999.0,0.0,0,-9999,-9999.0,90.0,46.4,87.2
20240213-0900,Mountain View Moffett Field Naval Air Station,"Mountain View, California, US",8.0,6.0,-9999.0,-9999.0,-9999.0,0.0,0,-9999,-9999.0,90.0,46.4,87.2
20240213-1000,Mountain View Moffett Field Naval Air Station,"Mountain View, California, US",8.0,6.0,-9999.0,-9999.0,-9999.0,0.0,0,-9999,-9999.0,90.0,46.4,87.2
20240213-1100,Mountain View Moffett Field Naval Air Station,"Mountain View, California, US",7.0,5.0,-9999.0,-9999.0,-9999.0,0.0,0,-9999,-9999.0,90.0,44.6,87.1
20240213-1200,Mountain View Moffett Field Naval Air Station,"Mountain View, California, US",6.0,5.0,-9999.0,-9999.0,-9999.0,7.5600000000000005,140,-9999,-9999.0,95.0,42.8,93.3
20240213-1400,Mountain View Moffett Field Naval Air Station,"Mountain View, California, US",8.0,6.0,-9999.0,-9999.0,-9999.0,0.0,0,-9999,-9999.0,90.0,46.4,87.2
20240213-1500,Mountain View Moffett Field Naval Air Station,"Mountain View, California, US",8.0,6.0,-9999.0,-9999.0,-9999.0,0.0,0,25,-9999.0,90.0,46.4,87.2
20240213-1600,Mountain View Moffett Field Naval Air Station,"Mountain View, California, US",9.0,7.0,-9999.0,-9999.0,-9999.0,0.0,0,-9999,-9999.0,90.0,48.2,87.3
20240213-1700,Mountain View Moffett Field Naval Air Station,"Mountain View, California, US",10.0,7.0,-9999.0,-9999.0,-9999.0,7.5600000000000005,170,25,-9999.0,85.0,50.0,81.6
20240213-1800,Mountain View Moffett Field Naval Air Station,"Mountain View, California, US",12.0,8.0,-9999.0,-9999.0,-9999.0,7.5600000000000005,160,25,-9999.0,80.0,53.6,76.5
20240213-1900,Mountain View Moffett Field Naval Air Station,"Mountain View, California, US",13.0,9.0,-9999.0,-9999.0,-9999.0,0.0,0,-9999,-9999.0,80.0,55.4,76.7
20240213-2000,Mountain View Moffett Field Naval Air Station,"Mountain View, California, US",14.0,8.0,-9999.0,-9999.0,-9999.0,14.76,10,0,-9999.0,70.0,57.2,67.1
20240213-2100,Mountain View Moffett Field Naval Air Station,"Mountain View, California, US",15.0,8.0,-9999.0,-9999.0,-9999.0,11.16,350,0,-9999.0,65.0,59.0,62.9
20240213-2200,Mountain View Moffett Field Naval Air Station,"Mountain View, California, US",15.0,8.0,-9999.0,-9999.0,-9999.0,18.36,350,0,-9999.0,65.0,59.0,62.9
20240213-2300,Mountain View Moffett Field Naval Air Station,"Mountain View, California, US",14.0,8.0,-9999.0,-9999.0,-9999.0,22.32,340,50,-9999.0,70.0,57.2,67.1
20240214-0000,Mountain View Moffett Field Naval Air Station,"Mountain View, California, US",14.0,9.0,-9999.0,-9999.0,-9999.0,18.36,350,0,-9999.0,75.0,57.2,71.8
20240214-0100,Mountain View Moffett Field Naval Air Station,"Mountain View, California, US",13.0,8.0,-9999.0,-9999.0,-9999.0,18.36,340,0,-9999.0,75.0,55.4,71.6
20240214-0200,Mountain View Moffett Field Naval Air Station,"Mountain View, California, US",13.0,8.0,-9999.0,-9999.0,-9999.0,11.16,340,0,-9999.0,75.0,55.4,71.6
20240214-0300,Mountain View Moffett Field Naval Air Station,"Mountain View, California, US",11.0,9.0,-9999.0,-9999.0,-9999.0,7.5600000000000005,10,0,-9999.0,90.0,51.8,87.5
20240214-0400,Mountain View Moffett Field Naval Air Station,"Mountain View, California, US",11.0,9.0,-9999.0,-9999.0,-9999.0,0.0,0,0,-9999.0,90.0,51.8,87.5
20240214-0500,Mountain View Moffett Field Naval Air Station,"Mountain View, California, US",11.0,8.0,-9999.0,-9999.0,-9999.0,0.0,0,0,-9999.0,85.0,51.8,81.7
20240214-0600,Mountain View Moffett Field Naval Air Station,"Mountain View, California, US",10.0,8.0,-9999.0,-9999.0,-9999.0,0.0,0,0,-9999.0,90.0,50.0,87.4
20240214-0700,Mountain View Moffett Field Naval Air Station,"Mountain View, California, US",10.0,7.0,-9999.0,-9999.0,-9999.0,0.0,0,0,-9999.0,85.0,50.0,81.6
20240214-0800,Mountain View Moffett Field Naval Air Station,"Mountain View, California, US",9.0,7.0,-9999.0,-9999.0,-9999.0,0.0,0,25,-9999.0,90.0,48.2,87.3
20240214-0900,Mountain View Moffett Field Naval Air Station,"Mountain View, California, US",9.0,7.0,-9999.0,-9999.0,-9999.0,5.4,120,-9999,-9999.0,90.0,48.2,87.3
20240214-1000,Mountain View Moffett Field Naval Air Station,"Mountain View, California, US",9.0,7.0,-9999.0,-9999.0,-9999.0,0.0,0,-9999,-9999.0,90.0,48.2,87.3
20240214-1100,Mountain View Moffett Field Naval Air Station,"Mountain View, California, US",9.0,7.0,-9999.0,-9999.0,-9999.0,7.5600000000000005,160,-9999,-9999.0,90.0,48.2,87.3
20240214-1200,Mountain View Moffett Field Naval Air Station,"Mountain View, California, US",9.0,7.0,-9999.0,-9999.0,-9999.0,0.0,0,-9999,-9999.0,90.0,48.2,87.3
20240214-1300,Mountain View Moffett Field Naval Air Station,"Mountain View, California, US",9.0,7.0,-9999.0,-9999.0,-9999.0,0.0,0,-9999,-9999.0,90.0,48.2,87.3
20240214-1400,Mountain View Moffett Field Naval Air Station,"Mountain View, California, US",9.0,7.0,-9999.0,-9999.0,-9999.0,5.4,90,-9999,-9999.0,90.0,48.2,87.3
20240214-1500,Mountain View Moffett Field Naval Air Station,"Mountain View, California, US",9.0,7.0,-9999.0,-9999.0,-9999.0,5.4,130,0,-9999.0,90.0,48.2,87.3
20240214-1600,Mountain View Moffett Field Naval Air Station,"Mountain View, California, US",10.0,8.0,-9999.0,-9999.0,-9999.0,5.4,-9999,0,-9999.0,90.0,50.0,87.4
20240214-1700,Mountain View Moffett Field Naval Air Station,"Mountain View, California, US",12.0,9.0,-9999.0,-9999.0,-9999.0,16.56,140,0,-9999.0,85.0,53.6,81.9
20240214-1800,Mountain View Moffett Field Naval Air Station,"Mountain View, California, US",13.0,9.0,-9999.0,-9999.0,-9999.0,14.76,160,0,-9999.0,80.0,55.4,76.7
20240214-1900,Mountain View Moffett Field Naval Air Station,"Mountain View, California, US",14.0,9.0,-9999.0,-9999.0,-9999.0,24.12,130,-9999,-9999.0,75.0,57.2,71.8
20240214-2000,Mountain View Moffett Field Naval Air Station,"Mountain View, California, US",15.0,9.0,-9999.0,-9999.0,-9999.0,24.12,150,-9999,-9999.0,70.0,59.0,67.3
20240214-2100,Mountain View Moffett Field Naval Air Station,"Mountain View, California, US",14.0,9.0,-9999.0,-9999.0,-9999.0,25.919999999999998,140,-9999,-9999.0,75.0,57.2,71.8
20240214-2200,Mountain View Moffett Field Naval Air Station,"Mountain View, California, US",14.0,9.0,-9999.0,-9999.0,-9999.0,20.520000000000003,160,50,-9999.0,75.0,57.2,71.8
20240214-2300,Mountain View Moffett Field Naval Air Station,"Mountain View, California, US",14.0,9.0,-9999.0,-9999.0,-9999.0,16.56,160,-9999,-9999.0,75.0,57.2,71.8
20240215-0000,Mountain View Moffett Field Naval Air Station,"Mountain View, California, US",13.0,10.0,-9999.0,0.8,-9999.0,16.56,170,-9999,-9999.0,85.0,55.4,82.0
20240215-0100,Mountain View Moffett Field Naval Air Station,"Mountain View, California, US",14.0,9.0,-9999.0,-9999.0,-9999.0,27.72,170,-9999,-9999.0,75.0,57.2,71.8
20240215-0200,Mountain View Moffett Field Naval Air Station,"Mountain View, California, US",13.0,10.0,-9999.0,-9999.0,-9999.0,22.32,180,-9999,-9999.0,85.0,55.4,82.0
20240215-0300,Mountain View Moffett Field Naval Air Station,"Mountain View, California, US",13.0,10.0,-9999.0,-9999.0,-9999.0,9.360000000000001,190,-9999,-9999.0,85.0,55.4,82.0
20240215-0400,Mountain View Moffett Field Naval Air Station,"Mountain View, California, US",12.0,11.0,-9999.0,3.8,-9999.0,9.360000000000001,120,-9999,-9999.0,95.0,53.6,93.6
20240215-0500,Mountain View Moffett Field Naval Air Station,"Mountain View, California, US",12.0,11.0,-9999.0,0.3,-9999.0,0.0,0,-9999,-9999.0,95.0,53.6,93.6
20240215-0600,Mountain View Moffett Field Naval Air Station,"Mountain View, California, US",11.0,11.0,-9999.0,-9999.0,-9999.0,7.5600000000000005,120,-9999,-9999.0,100.0,51.8,100.0
20240215-0700,Mountain View Moffett Field Naval Air Station,"Mountain View, California, US",11.0,11.0,-9999.0,-9999.0,-9999.0,0.0,0,-9999,-9999.0,100.0,51.8,100.0
20240215-0800,Mountain View Moffett Field Naval Air Station,"Mountain View, California, US",11.0,10.0,-9999.0,-9999.0,-9999.0,7.5600000000000005,130,-9999,-9999.0,95.0,51.8,93.5
20240215-0900,Mountain View Moffett Field Naval Air Station,"Mountain View, California, US",11.0,10.0,-9999.0,-9999.0,-9999.0,9.360000000000001,200,0,-9999.0,95.0,51.8,93.5
20240215-1000,Mountain View Moffett Field Naval Air Station,"Mountain View, California, US",10.0,10.0,-9999.0,-9999.0,-9999.0,7.5600000000000005,200,-9999,-9999.0,100.0,50.0,100.0
20240215-1100,Mountain View Moffett Field Naval Air Station,"Mountain View, California, US",10.0,9.0,-9999.0,-9999.0,-9999.0,7.5600000000000005,120,-9999,-9999.0,95.0,50.0,93.5
20240215-1200,Mountain View Moffett Field Naval Air Station,"Mountain View, California, US",9.0,8.0,-9999.0,-9999.0,-9999.0,7.5600000000000005,150,-9999,-9999.0,95.0,48.2,93.4
20240215-1300,Mountain View Moffett Field Naval Air Station,"Mountain View, California, US",9.0,8.0,-9999.0,-9999.0,-9999.0,12.959999999999999,140,-9999,-9999.0,95.0,48.2,93.4
20240215-1400,Mountain View Moffett Field Naval Air Station,"Mountain View, California, US",9.0,8.0,-9999.0,-9999.0,-9999.0,5.4,160,-9999,-9999.0,95.0,48.2,93.4
20240215-1500,Mountain View Moffett Field Naval Air Station,"Mountain View, California, US",9.0,8.0,-9999.0,-9999.0,-9999.0,9.360000000000001,140,-9999,-9999.0,95.0,48.2,93.4
20240215-1600,Mountain View Moffett Field Naval Air Station,"Mountain View, California, US",9.0,8.0,-9999.0,-9999.0,-9999.0,11.16,130,-9999,-9999.0,95.0,48.2,93.4
20240215-1700,Mountain View Moffett Field Naval Air Station,"Mountain View, California, US",11.0,9.0,-9999.0,-9999.0,-9999.0,7.5600000000000005,130,-9999,-9999.0,90.0,51.8,87.5
20240215-1800,Mountain View Moffett Field Naval Air Station,"Mountain View, California, US",14.0,10.0,-9999.0,-9999.0,-9999.0,0.0,0,-9999,-9999.0,80.0,57.2,76.8
20240215-1900,Mountain View Moffett Field Naval Air Station,"Mountain View, California, US",15.0,9.0,-9999.0,-9999.0,-9999.0,-9999.0,-9999,25,-9999.0,70.0,59.0,67.3
20240215-2000,Mountain View Moffett Field Naval Air Station,"Mountain View, California, US",16.0,8.0,-9999.0,-9999.0,-9999.0,0.0,0,-9999,-9999.0,60.0,60.8,59.0
20240215-2100,Mountain View Moffett Field Naval Air Station,"Mountain View, California, US",17.0,7.0,-9999.0,-9999.0,-9999.0,0.0,0,-9999,-9999.0,50.0,62.6,51.7
20240215-2200,Mountain View Moffett Field Naval Air Station,"Mountain View, California, US",17.0,7.0,-9999.0,-9999.0,-9999.0,9.360000000000001,330,0,-9999.0,50.0,62.6,51.7
20240215-2300,Mountain View Moffett Field Naval Air Station,"Mountain View, California, US",17.0,7.0,-9999.0,-9999.0,-9999.0,11.16,350,0,-9999.0,50.0,62.6,51.7
20240216-0000,Mountain View Moffett Field Naval Air Station,"Mountain View, California, US",16.0,8.0,-9999.0,-9999.0,-9999.0,18.36,340,0,-9999.0,60.0,60.8,59.0
20240216-0100,Mountain View Moffett Field Naval Air Station,"Mountain View, California, US",15.0,10.0,-9999.0,-9999.0,-9999.0,20.520000000000003,340,25,-9999.0,75.0,59.0,72.0
20240216-0200,Mountain View Moffett Field Naval Air Station,"Mountain View, California, US",14.0,11.0,-9999.0,-9999.0,-9999.0,16.56,340,-9999,-9999.0,85.0,57.2,82.1
20240216-0300,Mountain View Moffett Field Naval Air Station,"Mountain View, California, US",13.0,11.0,-9999.0,-9999.0,-9999.0,7.5600000000000005,330,50,-9999.0,90.0,55.4,87.6
20240216-0400,Mountain View Moffett Field Naval Air Station,"Mountain View, California, US",13.0,10.0,-9999.0,-9999.0,-9999.0,5.4,300,0,-9999.0,85.0,55.4,82.0
20240216-0500,Mountain View Moffett Field Naval Air Station,"Mountain View, California, US",12.0,10.0,-9999.0,-9999.0,-9999.0,0.0,0,0,-9999.0,90.0,53.6,87.6
20240216-0600,Mountain View Moffett Field Naval Air Station,"Mountain View, California, US",11.0,9.0,-9999.0,-9999.0,-9999.0,0.0,0,0,-9999.0,90.0,51.8,87.5
20240216-0700,Mountain View Moffett Field Naval Air Station,"Mountain View, California, US",11.0,9.0,-9999.0,-9999.0,-9999.0,0.0,0,0,-9999.0,90.0,51.8,87.5
20240216-0800,Mountain View Moffett Field Naval Air Station,"Mountain View, California, US",10.0,8.0,-9999.0,-9999.0,-9999.0,0.0,0,0,-9999.0,90.0,50.0,87.4
20240216-0900,Mountain View Moffett Field Naval Air Station,"Mountain View, California, US",9.0,8.0,-9999.0,-9999.0,-9999.0,0.0,0,0,-9999.0,95.0,48.2,93.4
20240216-1000,Mountain View Moffett Field Naval Air Station,"Mountain View, California, US",9.0,8.0,-9999.0,-9999.0,-9999.0,0.0,0,0,-9999.0,95.0,48.2,93.4
20240216-1100,Mountain View Moffett Field Naval Air Station,"Mountain View, California, US",9.0,8.0,-9999.0,-9999.0,-9999.0,0.0,0,0,-9999.0,95.0,48.2,93.4
20240216-1200,Mountain View Moffett Field Naval Air Station,"Mountain View, California, US",9.0,8.0,-9999.0,-9999.0,-9999.0,0.0,0,0,-9999.0,95.0,48.2,93.4
20240216-1300,Mountain View Moffett Field Naval Air Station,"Mountain View, California, US",9.0,7.0,-9999.0,-9999.0,-9999.0,0.0,0,0,-9999.0,90.0,48.2,87.3
20240216-1400,Mountain View Moffett Field Naval Air Station,"Mountain View, California, US",9.0,7.0,-9999.0,-9999.0,-9999.0,7.5600000000000005,110,0,-9999.0,90.0,48.2,87.3
20240216-1500,Mountain View Moffett Field Naval Air Station,"Mountain View, California, US",9.0,8.0,-9999.0,-9999.0,-9999.0,0.0,0,0,-9999.0,95.0,48.2,93.4
20240216-1600,Mountain View Moffett Field Naval Air Station,"Mountain View, California, US",9.0,8.0,-9999.0,-9999.0,-9999.0,0.0,0,0,-9999.0,95.0,48.2,93.4
20240216-1700,Mountain View Moffett Field Naval Air Station,"Mountain View, California, US",11.0,8.0,-9999.0,-9999.0,-9999.0,7.5600000000000005,200,0,-9999.0,85.0,51.8,81.7
20240216-1800,Mountain View Moffett Field Naval Air Station,"Mountain View, California, US",12.0,9.0,-9999.0,-9999.0,-9999.0,0.0,0,0,-9999.0,85.0,53.6,81.9
20240216-1900,Mountain View Moffett Field Naval Air Station,"Mountain View, California, US",13.0,9.0,-9999.0,-9999.0,-9999.0,0.0,0,0,-9999.0,80.0,55.4,76.7
20240216-2000,Mountain View Moffett Field Naval Air Station,"Mountain View, California, US",14.0,9.0,-9999.0,-9999.0,-9999.0,0.0,0,0,-9999.0,75.0,57.2,71.8
20240216-2100,Mountain View Moffett Field Naval Air Station,"Mountain View, California, US",15.0,9.0,-9999.0,-9999.0,-9999.0,0.0,0,0,-9999.0,70.0,59.0,67.3
20240216-2200,Mountain View Moffett Field Naval Air Station,"Mountain View, California, US",15.0,9.0,-9999.0,-9999.0,-9999.0,0.0,0,0,-9999.0,70.0,59.0,67.3
20240216-2300,Mountain View Moffett Field Naval Air Station,"Mountain View, California, US",15.0,9.0,-9999.0,-9999.0,-9999.0,0.0,0,0,-9999.0,70.0,59.0,67.3
20240217-0000,Mountain View Moffett Field Naval Air Station,"Mountain View, California, US",15.0,9.0,-9999.0,-9999.0,-9999.0,7.5600000000000005,340,0,-9999.0,70.0,59.0,67.3
20240217-0100,Mountain View Moffett Field Naval Air Station,"Mountain View, California, US",14.0,10.0,-9999.0,-9999.0,-9999.0,9.360000000000001,340,0,-9999.0,80.0,57.2,76.8
20240217-0200,Mountain View Moffett Field Naval Air Station,"Mountain View, California, US",14.0,9.0,-9999.0,-9999.0,-9999.0,0.0,0,0,-9999.0,75.0,57.2,71.8
20240217-0300,Mountain View Moffett Field Naval Air Station,"Mountain View, California, US",14.0,9.0,-9999.0,-9999.0,-9999.0,0.0,0,0,-9999.0,75.0,57.2,71.8
20240217-0400,Mountain View Moffett Field Naval Air Station,"Mountain View, California, US",13.0,9.0,-9999.0,-9999.0,-9999.0,0.0,0,25,-9999.0,80.0,55.4,76.7
20240217-0500,Mountain View Moffett Field Naval Air Station,"Mountain View, California, US",13.0,10.0,-9999.0,-9999.0,-9999.0,0.0,0,-9999,-9999.0,85.0,55.4,82.0
20240217-0600,Mountain View Moffett Field Naval Air Station,"Mountain View, California, US",12.0,10.0,-9999.0,-9999.0,-9999.0,0.0,0,25,-9999.0,90.0,53.6,87.6
20240217-0700,Mountain View Moffett Field Naval Air Station,"Mountain View, California, US",12.0,10.0,-9999.0,-9999.0,-9999.0,0.0,0,50,-9999.0,90.0,53.6,87.6
20240217-0800,Mountain View Moffett Field Naval Air Station,"Mountain View, California, US",12.0,10.0,-9999.0,-9999.0,-9999.0,5.4,-9999,50,-9999.0,90.0,53.6,87.6
20240217-0900,Mountain View Moffett Field Naval Air Station,"Mountain View, California, US",12.0,9.0,-9999.0,-9999.0,-9999.0,5.4,270,0,-9999.0,85.0,53.6,81.9
20240217-1000,Mountain View Moffett Field Naval Air Station,"Mountain View, California, US",12.0,9.0,-9999.0,-9999.0,-9999.0,0.0,0,25,-9999.0,85.0,53.6,81.9
20240217-1100,Mountain View Moffett Field Naval Air Station,"Mountain View, California, US",11.0,8.0,-9999.0,-9999.0,-9999.0,0.0,0,0,-9999.0,85.0,51.8,81.7
20240217-1200,Mountain View Moffett Field Naval Air Station,"Mountain View, California, US",13.0,6.0,-9999.0,-9999.0,-9999.0,0.0,0,-9999,-9999.0,65.0,55.4,62.5
20240217-1300,Mountain View Moffett Field Naval Air Station,"Mountain View, California, US",12.0,7.0,-9999.0,-9999.0,-9999.0,0.0,0,-9999,-9999.0,75.0,53.6,71.5
20240217-1400,Mountain View Moffett Field Naval Air Station,"Mountain View, California, US",13.0,6.0,-9999.0,-9999.0,-9999.0,5.4,-9999,-9999,-9999.0,65.0,55.4,62.5
20240217-1500,Mountain View Moffett Field Naval Air Station,"Mountain View, California, US",14.0,7.0,-9999.0,-9999.0,-9999.0,16.56,180,-9999,-9999.0,65.0,57.2,62.7
20240217-1600,Mountain View Moffett Field Naval Air Station,"Mountain View, California, US",14.0,8.0,-9999.0,-9999.0,-9999.0,11.16,160,-9999,-9999.0,70.0,57.2,67.1
20240217-1700,Mountain View Moffett Field Naval Air Station,"Mountain View, California, US",12.0,9.0,-9999.0,0.3,-9999.0,16.56,150,-9999,-9999.0,85.0,53.6,81.9
20240217-1800,Mountain View Moffett Field Naval Air Station,"Mountain View, California, US",12.0,10.0,-9999.0,1.3,-9999.0,11.16,100,-9999,-9999.0,90.0,53.6,87.6
20240217-1900,Mountain View Moffett Field Naval Air Station,"Mountain View, California, US",13.0,10.0,-9999.0,-9999.0,-9999.0,22.32,140,-9999,-9999.0,85.0,55.4,82.0
20240217-2000,Mountain View Moffett Field Naval Air Station,"Mountain View, California, US",14.0,10.0,-9999.0,0.3,-9999.0,22.32,130,-9999,-9999.0,80.0,57.2,76.8
20240217-2100,Mountain View Moffett Field Naval Air Station,"Mountain View, California, US",14.0,9.0,-9999.0,-9999.0,-9999.0,24.12,160,-9999,-9999.0,75.0,57.2,71.8
20240217-2200,Mountain View Moffett Field Naval Air Station,"Mountain View, California, US",15.0,10.0,-9999.0,-9999.0,-9999.0,22.32,140,0,-9999.0,75.0,59.0,72.0
20240217-2300,Mountain View Moffett Field Naval Air Station,"Mountain View, California, US",14.0,10.0,-9999.0,-9999.0,-9999.0,16.56,160,-9999,-9999.0,80.0,57.2,76.8
20240218-0000,Mountain View Moffett Field Naval Air Station,"Mountain View, California, US",13.0,11.0,-9999.0,0.8,-9999.0,25.919999999999998,150,-9999,-9999.0,90.0,55.4,87.6
20240218-0100,Mountain View Moffett Field Naval Air Station,"Mountain View, California, US",13.0,11.0,-9999.0,0.3,-9999.0,25.919999999999998,150,-9999,-9999.0,90.0,55.4,87.6
20240218-0200,Mountain View Moffett Field Naval Air Station,"Mountain View, California, US",13.0,11.0,-9999.0,0.5,-9999.0,16.56,150,-9999,-9999.0,90.0,55.4,87.6
20240218-0300,Mountain View Moffett Field Naval Air Station,"Mountain View, California, US",12.0,11.0,-9999.0,-9999.0,-9999.0,22.32,130,-9999,-9999.0,95.0,53.6,93.6
20240218-0400,Mountain View Moffett Field Naval Air Station,"Mountain View, California, US",12.0,11.0,-9999.0,1.5,-9999.0,11.16,140,-9999,-9999.0,95.0,53.6,93.6
20240218-0500,Mountain View Moffett Field Naval Air Station,"Mountain View, California, US",12.0,11.0,-9999.0,-9999.0,-9999.0,12.959999999999999,110,-9999,-9999.0,95.0,53.6,93.6
20240218-0600,Mountain View Moffett Field Naval Air Station,"Mountain View, California, US",12.0,11.0,-9999.0,-9999.0,-9999.0,7.5600000000000005,140,-9999,-9999.0,95.0,53.6,93.6
20240218-0700,Mountain View Moffett Field Naval Air Station,"Mountain View, California, US",12.0,11.0,-9999.0,-9999.0,-9999.0,9.360000000000001,130,-9999,-9999.0,95.0,53.6,93.6
20240218-0800,Mountain View Moffett Field Naval Air Station,"Mountain View, California, US",11.0,11.0,-9999.0,-9999.0,-9999.0,11.16,140,-9999,-9999.0,100.0,51.8,100.0
20240218-0900,Mountain View Moffett Field Naval Air Station,"Mountain View, California, US",12.0,11.0,-9999.0,-9999.0,-9999.0,7.5600000000000005,170,-9999,-9999.0,95.0,53.6,93.6
20240218-1000,Mountain View Moffett Field Naval Air Station,"Mountain View, California, US",11.0,11.0,-9999.0,-9999.0,-9999.0,7.5600000000000005,140,-9999,-9999.0,100.0,51.8,100.0
20240218-1100,Mountain View Moffett Field Naval Air Station,"Mountain View, California, US",11.0,10.0,-9999.0,-9999.0,-9999.0,0.0,0,-9999,-9999.0,95.0,51.8,93.5
20240218-1200,Mountain View Moffett Field Naval Air Station,"Mountain View, California, US",11.0,10.0,-9999.0,-9999.0,-9999.0,0.0,0,25,-9999.0,95.0,51.8,93.5
20240218-1300,Mountain View Moffett Field Naval Air Station,"Mountain View, California, US",11.0,10.0,-9999.0,-9999.0,-9999.0,11.16,140,-9999,-9999.0,95.0,51.8,93.5
20240218-1400,Mountain View Moffett Field Naval Air Station,"Mountain View, California, US",12.0,10.0,-9999.0,-9999.0,-9999.0,9.360000000000001,140,-9999,-9999.0,90.0,53.6,87.6
20240218-1500,Mountain View Moffett Field Naval Air Station,"Mountain View, California, US",12.0,10.0,-9999.0,-9999.0,-9999.0,11.16,130,-9999,-9999.0,90.0,53.6,87.6
20240218-1600,Mountain View Moffett Field Naval Air Station,"Mountain View, California, US",13.0,10.0,-9999.0,-9999.0,-9999.0,11.16,140,50,-9999.0,85.0,55.4,82.0
20240218-1700,Mountain View Moffett Field Naval Air Station,"Mountain View, California, US",14.0,11.0,-9999.0,-9999.0,-9999.0,12.959999999999999,120,25,-9999.0,85.0,57.2,82.1
20240218-1800,Mountain View Moffett Field Naval Air Station,"Mountain View, California, US",16.0,10.0,-9999.0,-9999.0,-9999.0,18.36,140,0,-9999.0,70.0,60.8,67.5
20240218-1900,Mountain View Moffett Field Naval Air Station,"Mountain View, California, US",17.0,11.0,-9999.0,-9999.0,-9999.0,29.52,140,0,-9999.0,70.0,62.6,67.7
20240218-2000,Mountain View Moffett Field Naval Air Station,"Mountain View, California, US",18.0,10.0,-9999.0,-9999.0,-9999.0,31.68,130,0,-9999.0,60.0,64.4,59.5
20240218-2100,Mountain View Moffett Field Naval Air Station,"Mountain View, California, US",20.0,10.0,-9999.0,-9999.0,-9999.0,24.12,130,-9999,-9999.0,50.0,68.0,52.5
20240218-2200,Mountain View Moffett Field Naval Air Station,"Mountain View, California, US",18.0,11.0,-9999.0,-9999.0,-9999.0,25.919999999999998,140,-9999,-9999.0,65.0,64.4,63.6
20240218-2300,Mountain View Moffett Field Naval Air Station,"Mountain View, California, US",17.0,13.0,-9999.0,-9999.0,-9999.0,16.56,150,-9999,-9999.0,80.0,62.6,77.3
20240219-0000,Mountain View Moffett Field Naval Air Station,"Mountain View, California, US",16.0,13.0,-9999.0,-9999.0,-9999.0,27.72,130,-9999,-9999.0,85.0,60.8,82.4
20240219-0100,Mountain View Moffett Field Naval Air Station,"Mountain View, California, US",16.0,14.0,-9999.0,0.3,-9999.0,11.16,150,-9999,-9999.0,90.0,60.8,87.9
20240219-0200,Mountain View Moffett Field Naval Air Station,"Mountain View, California, US",15.0,14.0,-9999.0,0.8,-9999.0,11.16,150,-9999,-9999.0,95.0,59.0,93.7
20240219-0300,Mountain View Moffett Field Naval Air Station,"Mountain View, California, US",15.0,14.0,-9999.0,3.6,-9999.0,12.959999999999999,160,-9999,-9999.0,95.0,59.0,93.7
20240219-0400,Mountain View Moffett Field Naval Air Station,"Mountain View, California, US",15.0,14.0,-9999.0,1.0,-9999.0,11.16,110,-9999,-9999.0,95.0,59.0,93.7
20240219-0500,Mountain View Moffett Field Naval Air Station,"Mountain View, California, US",15.0,13.0,-9999.0,0.8,-9999.0,0.0,0,-9999,-9999.0,90.0,59.0,87.8
20240219-0600,Mountain View Moffett Field Naval Air Station,"Mountain View, California, US",13.0,12.0,-9999.0,1.8,-9999.0,0.0,0,-9999,-9999.0,95.0,55.4,93.6
20240219-0700,Mountain View Moffett Field Naval Air Station,"Mountain View, California, US",14.0,12.0,-9999.0,0.3,-9999.0,9.360000000000001,120,-9999,-9999.0,90.0,57.2,87.7
20240219-0800,Mountain View Moffett Field Naval Air Station,"Mountain View, California, US",13.0,12.0,-9999.0,-9999.0,-9999.0,7.5600000000000005,140,-9999,-9999.0,95.0,55.4,93.6
20240219-0900,Mountain View Moffett Field Naval Air Station,"Mountain View, California, US",13.0,10.0,-9999.0,0.3,-9999.0,9.360000000000001,130,-9999,-9999.0,85.0,55.4,82.0
20240219-1000,Mountain View Moffett Field Naval Air Station,"Mountain View, California, US",13.0,11.0,-9999.0,0.5,-9999.0,14.76,120,-9999,-9999.0,90.0,55.4,87.6
20240219-1100,Mountain View Moffett Field Naval Air Station,"Mountain View, California, US",12.0,11.0,-9999.0,0.3,-9999.0,14.76,140,50,-9999.0,95.0,53.6,93.6
20240219-1200,Mountain View Moffett Field Naval Air Station,"Mountain View, California, US",13.0,11.0,-9999.0,-9999.0,-9999.0,12.959999999999999,110,-9999,-9999.0,90.0,55.4,87.6
20240219-1300,Mountain View Moffett Field Naval Air Station,"Mountain View, California, US",13.0,11.0,-9999.0,-9999.0,-9999.0,20.520000000000003,120,-9999,-9999.0,90.0,55.4,87.6
20240219-1400,Mountain View Moffett Field Naval Air Station,"Mountain View, California, US",13.0,11.0,-9999.0,-9999.0,-9999.0,18.36,130,-9999,-9999.0,90.0,55.4,87.6
20240219-1500,Mountain View Moffett Field Naval Air Station,"Mountain View, California, US",14.0,10.0,-9999.0,-9999.0,-9999.0,16.56,110,-9999,-9999.0,80.0,57.2,76.8
20240219-1600,Mountain View Moffett Field Naval Air Station,"Mountain View, California, US",14.0,10.0,-9999.0,-9999.0,-9999.0,20.520000000000003,140,-9999,-9999.0,80.0,57.2,76.8
20240219-1700,Mountain View Moffett Field Naval Air Station,"Mountain View, California, US",14.0,10.0,-9999.0,-9999.0,-9999.0,18.36,130,-9999,-9999.0,80.0,57.2,76.8
20240219-1800,Mountain View Moffett Field Naval Air Station,"Mountain View, California, US",15.0,11.0,-9999.0,-9999.0,-9999.0,18.36,130,-9999,-9999.0,80.0,59.0,77.0
20240219-1900,Mountain View Moffett Field Naval Air Station,"Mountain View, California, US",16.0,10.0,-9999.0,-9999.0,-9999.0,14.76,120,-9999,-9999.0,70.0,60.8,67.5
20240219-2000,Mountain View Moffett Field Naval Air Station,"Mountain View, California, US",16.0,12.0,-9999.0,-9999.0,-9999.0,12.959999999999999,170,-9999,-9999.0,80.0,60.8,77.1
20240219-2100,Mountain View Moffett Field Naval Air Station,"Mountain View, California, US",16.0,12.0,-9999.0,-9999.0,-9999.0,20.520000000000003,160,-9999,-9999.0,80.0,60.8,77.1
20240219-2200,Mountain View Moffett Field Naval Air Station,"Mountain View, California, US",16.0,11.0,-9999.0,0.3,-9999.0,7.5600000000000005,-9999,-9999,-9999.0,75.0,60.8,72.2
20240219-2300,Mountain View Moffett Field Naval Air Station,"Mountain View, California, US",16.0,11.0,-9999.0,-9999.0,-9999.0,12.959999999999999,180,-9999,-9999.0,75.0,60.8,72.2
20240220-0000,Mountain View Moffett Field Naval Air Station,"Mountain View, California, US",15.0,12.0,-9999.0,0.3,-9999.0,11.16,-9999,-9999,-9999.0,85.0,59.0,82.2
20240220-0100,Mountain View Moffett Field Naval Air Station,"Mountain View, California, US",14.0,11.0,-9999.0,0.3,-9999.0,9.360000000000001,190,-9999,-9999.0,85.0,57.2,82.1
20240220-0200,Mountain View Moffett Field Naval Air Station,"Mountain View, California, US",14.0,11.0,-9999.0,0.8,-9999.0,7.5600000000000005,-9999,-9999,-9999.0,85.0,57.2,82.1
20240220-0300,Mountain View Moffett Field Naval Air Station,"Mountain View, California, US",14.0,11.0,-9999.0,0.3,-9999.0,9.360000000000001,150,-9999,-9999.0,85.0,57.2,82.1
20240220-0400,Mountain View Moffett Field Naval Air Station,"Mountain View, California, US",14.0,11.0,-9999.0,-9999.0,-9999.0,9.360000000000001,130,-9999,-9999.0,85.0,57.2,82.1
20240220-0500,Mountain View Moffett Field Naval Air Station,"Mountain View, California, US",15.0,10.0,-9999.0,-9999.0,-9999.0,14.76,160,-9999,-9999.0,75.0,59.0,72.0
20240220-0600,Mountain View Moffett Field Naval Air Station,"Mountain View, California, US",15.0,9.0,-9999.0,-9999.0,-9999.0,24.12,170,-9999,-9999.0,70.0,59.0,67.3
20240220-0700,Mountain View Moffett Field Naval Air Station,"Mountain View, California, US",15.0,9.0,-9999.0,-9999.0,-9999.0,24.12,190,-9999,-9999.0,70.0,59.0,67.3
20240220-0800,Mountain View Moffett Field Naval Air Station,"Mountain View, California, US",15.0,8.0,-9999.0,-9999.0,-9999.0,14.76,160,0,-9999.0,65.0,59.0,62.9
20240220-0900,Mountain View Moffett Field Naval Air Station,"Mountain View, California, US",13.0,10.0,-9999.0,-9999.0,-9999.0,12.959999999999999,130,-9999,-9999.0,85.0,55.4,82.0
20240220-1000,Mountain View Moffett Field Naval Air Station,"Mountain View, California, US",13.0,10.0,-9999.0,-9999.0,-9999.0,9.360000000000001,150,0,-9999.0,85.0,55.4,82.0
20240220-1100,Mountain View Moffett Field Naval Air Station,"Mountain View, California, US",13.0,10.0,-9999.0,-9999.0,-9999.0,11.16,150,-9999,-9999.0,85.0,55.4,82.0
20240220-1200,Mountain View Moffett Field Naval Air Station,"Mountain View, California, US",12.0,10.0,-9999.0,-9999.0,-9999.0,16.56,130,50,-9999.0,90.0,53.6,87.6
20240220-1300,Mountain View Moffett Field Naval Air Station,"Mountain View, California, US",12.0,10.0,-9999.0,-9999.0,-9999.0,16.56,130,50,-9999.0,90.0,53.6,87.6
20240220-1400,Mountain View Moffett Field Naval Air Station,"Mountain View, California, US",12.0,9.0,-9999.0,-9999.0,-9999.0,9.360000000000001,150,0,-9999.0,85.0,53.6,81.9
20240220-1500,Mountain View Moffett Field Naval Air Station,"Mountain View, California, US",12.0,9.0,-9999.0,-9999.0,-9999.0,9.360000000000001,140,0,-9999.0,85.0,53.6,81.9
20240220-1600,Mountain View Moffett Field Naval Air Station,"Mountain View, California, US",12.0,10.0,-9999.0,-9999.0,-9999.0,7.5600000000000005,-9999,0,-9999.0,90.0,53.6,87.6
20240220-1700,Mountain View Moffett Field Naval Air Station,"Mountain View, California, US",13.0,10.0,-9999.0,-9999.0,-9999.0,9.360000000000001,140,0,-9999.0,85.0,55.4,82.0
20240220-1800,Mountain View Moffett Field Naval Air Station,"Mountain View, California, US",15.0,10.0,-9999.0,-9999.0,-9999.0,12.959999999999999,150,0,-9999.0,75.0,59.0,72.0
20240220-1900,Mountain View Moffett Field Naval Air Station,"Mountain View, California, US",16.0,9.0,-9999.0,-9999.0,-9999.0,12.959999999999999,140,25,-9999.0,65.0,60.8,63.1
20240220-2000,Mountain View Moffett Field Naval Air Station,"Mountain View, California, US",16.0,7.0,-9999.0,-9999.0,-9999.0,11.16,-9999,25,-9999.0,55.0,60.8,55.1
20240220-2100,Mountain View Moffett Field Naval Air Station,"Mountain View, California, US",16.0,7.0,-9999.0,-9999.0,-9999.0,14.76,190,-9999,-9999.0,55.0,60.8,55.1
20240220-2200,Mountain View Moffett Field Naval Air Station,"Mountain View, California, US",14.0,9.0,-9999.0,-9999.0,-9999.0,18.36,260,-9999,-9999.0,75.0,57.2,71.8
20240220-2300,Mountain View Moffett Field Naval Air Station,"Mountain View, California, US",11.0,10.0,-9999.0,4.1,-9999.0,5.4,330,-9999,-9999.0,95.0,51.8,93.5
20240221-0000,Mountain View Moffett Field Naval Air Station,"Mountain View, California, US",11.0,10.0,-9999.0,-9999.0,-9999.0,14.76,80,-9999,-9999.0,95.0,51.8,93.5
20240221-0100,Mountain View Moffett Field Naval Air Station,"Mountain View, California, US",12.0,10.0,-9999.0,-9999.0,-9999.0,12.959999999999999,140,50,-9999.0,90.0,53.6,87.6
20240221-0200,Mountain View Moffett Field Naval Air Station,"Mountain View, California, US",12.0,9.0,-9999.0,-9999.0,-9999.0,7.5600000000000005,130,50,-9999.0,85.0,53.6,81.9
20240221-0300,Mountain View Moffett Field Naval Air Station,"Mountain View, California, US",12.0,10.0,-9999.0,-9999.0,-9999.0,7.5600000000000005,150,-9999,-9999.0,90.0,53.6,87.6
20240221-0400,Mountain View Moffett Field Naval Air Station,"Mountain View, California, US",12.0,10.0,-9999.0,-9999.0,-9999.0,9.360000000000001,180,-9999,-9999.0,90.0,53.6,87.6
20240221-0500,Mountain View Moffett Field Naval Air Station,"Mountain View, California, US",11.0,10.0,-9999.0,-9999.0,-9999.0,0.0,0,-9999,-9999.0,95.0,51.8,93.5
20240221-0600,Mountain View Moffett Field Naval Air Station,"Mountain View, California, US",11.0,10.0,-9999.0,-9999.0,-9999.0,0.0,0,-9999,-9999.0,95.0,51.8,93.5
20240221-0700,Mountain View Moffett Field Naval Air Station,"Mountain View, California, US",11.0,10.0,-9999.0,-9999.0,-9999.0,0.0,0,-9999,-9999.0,95.0,51.8,93.5
20240221-0800,Mountain View Moffett Field Naval Air Station,"Mountain View, California, US",10.0,9.0,-9999.0,-9999.0,-9999.0,5.4,250,25,-9999.0,95.0,50.0,93.5
20240221-0900,Mountain View Moffett Field Naval Air Station,"Mountain View, California, US",9.0,9.0,-9999.0,-9999.0,-9999.0,0.0,0,0,-9999.0,100.0,48.2,100.0
20240221-1000,Mountain View Moffett Field Naval Air Station,"Mountain View, California, US",8.0,8.0,-9999.0,-9999.0,-9999.0,0.0,0,50,-9999.0,100.0,46.4,100.0
20240221-1100,Mountain View Moffett Field Naval Air Station,"Mountain View, California, US",8.0,8.0,-9999.0,-9999.0,-9999.0,0.0,0,-9999,-9999.0,100.0,46.4,100.0
20240221-1200,Mountain View Moffett Field Naval Air Station,"Mountain View, California, US",8.0,7.0,-9999.0,-9999.0,-9999.0,0.0,0,0,-9999.0,95.0,46.4,93.4
20240221-1300,Mountain View Moffett Field Naval Air Station,"Mountain View, California, US",7.0,7.0,-9999.0,-9999.0,-9999.0,0.0,0,-9999,-9999.0,100.0,44.6,100.0
20240221-1400,Mountain View Moffett Field Naval Air Station,"Mountain View, California, US",7.0,7.0,-9999.0,-9999.0,-9999.0,5.4,200,-9999,-9999.0,100.0,44.6,100.0
20240221-1500,Mountain View Moffett Field Naval Air Station,"Mountain View, California, US",8.0,7.0,-9999.0,-9999.0,-9999.0,5.4,160,0,-9999.0,95.0,46.4,93.4
20240221-1600,Mountain View Moffett Field Naval Air Station,"Mountain View, California, US",8.0,8.0,-9999.0,-9999.0,-9999.0,0.0,0,0,-9999.0,100.0,46.4,100.0
20240221-1700,Mountain View Moffett Field Naval Air Station,"Mountain View, California, US",11.0,9.0,-9999.0,-9999.0,-9999.0,0.0,0,0,-9999.0,90.0,51.8,87.5
20240221-1800,Mountain View Moffett Field Naval Air Station,"Mountain View, California, US",14.0,9.0,-9999.0,-9999.0,-9999.0,9.360000000000001,140,0,-9999.0,75.0,57.2,71.8
20240221-1900,Mountain View Moffett Field Naval Air Station,"Mountain View, California, US",15.0,8.0,-9999.0,-9999.0,-9999.0,7.5600000000000005,-9999,25,-9999.0,65.0,59.0,62.9
20240221-2000,Mountain View Moffett Field Naval Air Station,"Mountain View, California, US",15.0,8.0,-9999.0,-9999.0,-9999.0,7.5600000000000005,50,50,-9999.0,65.0,59.0,62.9
20240221-2100,Mountain View Moffett Field Naval Air Station,"Mountain View, California, US",16.0,9.0,-9999.0,-9999.0,-9999.0,9.360000000000001,360,-9999,-9999.0,65.0,60.8,63.1
20240221-2200,Mountain View Moffett Field Naval Air Station,"Mountain View, California, US",15.0,8.0,-9999.0,-9999.0,-9999.0,16.56,350,50,-9999.0,65.0,59.0,62.9
20240221-2300,Mountain View Moffett Field Naval Air Station,"Mountain View, California, US",15.0,9.0,-9999.0,-9999.0,-9999.0,20.520000000000003,360,-9999,-9999.0,70.0,59.0,67.3
20240222-0000,Mountain View Moffett Field Naval Air Station,"Mountain View, California, US",16.0,9.0,-9999.0,-9999.0,-9999.0,7.5600000000000005,-9999,-9999,-9999.0,65.0,60.8,63.1
20240222-0100,Mountain View Moffett Field Naval Air Station,"Mountain View, California, US",15.0,8.0,-9999.0,-9999.0,-9999.0,5.4,-9999,-9999,-9999.0,65.0,59.0,62.9
20240222-0200,Mountain View Moffett Field Naval Air Station,"Mountain View, California, US",14.0,8.0,-9999.0,-9999.0,-9999.0,9.360000000000001,300,0,-9999.0,70.0,57.2,67.1
20240222-0300,Mountain View Moffett Field Naval Air Station,"Mountain View, California, US",13.0,8.0,-9999.0,-9999.0,-9999.0,0.0,0,-9999,-9999.0,75.0,55.4,71.6
20240222-0400,Mountain View Moffett Field Naval Air Station,"Mountain View, California, US",11.0,9.0,-9999.0,-9999.0,-9999.0,0.0,0,50,-9999.0,90.0,51.8,87.5
20240222-0500,Mountain View Moffett Field Naval Air Station,"Mountain View, California, US",11.0,8.0,-9999.0,-9999.0,-9999.0,0.0,0,-9999,-9999.0,85.0,51.8,81.7
20240222-0600,Mountain View Moffett Field Naval Air Station,"Mountain View, California, US",11.0,8.0,-9999.0,-9999.0,-9999.0,0.0,0,-9999,-9999.0,85.0,51.8,81.7
20240222-0700,Mountain View Moffett Field Naval Air Station,"Mountain View, California, US",10.0,8.0,-9999.0,-9999.0,-9999.0,0.0,0,-9999,-9999.0,90.0,50.0,87.4
20240222-0800,Mountain View Moffett Field Naval Air Station,"Mountain View, California, US",10.0,8.0,-9999.0,-9999.0,-9999.0,0.0,0,25,-9999.0,90.0,50.0,87.4
20240222-0900,Mountain View Moffett Field Naval Air Station,"Mountain View, California, US",9.0,7.0,-9999.0,-9999.0,-9999.0,0.0,0,0,-9999.0,90.0,48.2,87.3
20240222-1000,Mountain View Moffett Field Naval Air Station,"Mountain View, California, US",8.0,7.0,-9999.0,-9999.0,-9999.0,0.0,0,0,-9999.0,95.0,46.4,93.4
20240222-1100,Mountain View Moffett Field Naval Air Station,"Mountain View, California, US",8.0,7.0,-9999.0,-9999.0,-9999.0,0.0,0,50,-9999.0,95.0,46.4,93.4
20240222-1200,Mountain View Moffett Field Naval Air Station,"Mountain View, California, US",7.0,6.0,-9999.0,-9999.0,-9999.0,0.0,0,50,-9999.0,95.0,44.6,93.3
20240222-1300,Mountain View Moffett Field Naval Air Station,"Mountain View, California, US",7.0,6.0,-9999.0,-9999.0,-9999.0,0.0,0,0,-9999.0,95.0,44.6,93.3
20240222-1400,Mountain View Moffett Field Naval Air Station,"Mountain View, California, US",7.0,6.0,-9999.0,-9999.0,-9999.0,5.4,130,0,-9999.0,95.0,44.6,93.3
20240222-1500,Mountain View Moffett Field Naval Air Station,"Mountain View, California, US",7.0,6.0,-9999.0,-9999.0,-9999.0,0.0,0,0,-9999.0,95.0,44.6,93.3
20240222-1600,Mountain View Moffett Field Naval Air Station,"Mountain View, California, US",8.0,7.0,-9999.0,-9999.0,-9999.0,0.0,0,0,-9999.0,95.0,46.4,93.4
20240222-1700,Mountain View Moffett Field Naval Air Station,"Mountain View, California, US",11.0,8.0,-9999.0,-9999.0,-9999.0,0.0,0,0,-9999.0,85.0,51.8,81.7
20240222-1800,Mountain View Moffett Field Naval Air Station,"Mountain View, California, US",12.0,9.0,-9999.0,-9999.0,-9999.0,0.0,0,0,-9999.0,85.0,53.6,81.9
20240222-1900,Mountain View Moffett Field Naval Air Station,"Mountain View, California, US",13.0,10.0,-9999.0,-9999.0,-9999.0,0.0,0,0,-9999.0,85.0,55.4,82.0
20240222-2000,Mountain View Moffett Field Naval Air Station,"Mountain View, California, US",15.0,9.0,-9999.0,-9999.0,-9999.0,5.4,-9999,0,-9999.0,70.0,59.0,67.3
20240222-2100,Mountain View Moffett Field Naval Air Station,"Mountain View, California, US",15.0,10.0,-9999.0,-9999.0,-9999.0,9.360000000000001,350,0,-9999.0,75.0,59.0,72.0
20240222-2200,Mountain View Moffett Field Naval Air Station,"Mountain View, California, US",16.0,10.0,-9999.0,-9999.0,-9999.0,16.56,350,0,-9999.0,70.0,60.8,67.5
20240222-2300,Mountain View Moffett Field Naval Air Station,"Mountain View, California, US",16.0,9.0,-9999.0,-9999.0,-9999.0,16.56,340,0,-9999.0,65.0,60.8,63.1
20240223-0000,Mountain View Moffett Field Naval Air Station,"Mountain View, California, US",16.0,9.0,-9999.0,-9999.0,-9999.0,16.56,340,0,-9999.0,65.0,60.8,63.1
20240223-0100,Mountain View Moffett Field Naval Air Station,"Mountain View, California, US",15.0,9.0,-9999.0,-9999.0,-9999.0,9.360000000000001,310,0,-9999.0,70.0,59.0,67.3
20240223-0200,Mountain View Moffett Field Naval Air Station,"Mountain View, California, US",14.0,10.0,-9999.0,-9999.0,-9999.0,7.5600000000000005,330,0,-9999.0,80.0,57.2,76.8
20240223-0300,Mountain View Moffett Field Naval Air Station,"Mountain View, California, US",14.0,9.0,-9999.0,-9999.0,-9999.0,9.360000000000001,290,0,-9999.0,75.0,57.2,71.8
20240223-0400,Mountain View Moffett Field Naval Air Station,"Mountain View, California, US",13.0,9.0,-9999.0,-9999.0,-9999.0,0.0,0,0,-9999.0,80.0,55.4,76.7
20240223-0500,Mountain View Moffett Field Naval Air Station,"Mountain View, California, US",12.0,9.0,-9999.0,-9999.0,-9999.0,0.0,0,0,-9999.0,85.0,53.6,81.9
20240223-0600,Mountain View Moffett Field Naval Air Station,"Mountain View, California, US",11.0,8.0,-9999.0,-9999.0,-9999.0,0.0,0,0,-9999.0,85.0,51.8,81.7
20240223-0700,Mountain View Moffett Field Naval Air Station,"Mountain View, California, US",10.0,8.0,-9999.0,-9999.0,-9999.0,0.0,0,0,-9999.0,90.0,50.0,87.4
20240223-0800,Mountain View Moffett Field Naval Air Station,"Mountain View, California, US",9.0,8.0,-9999.0,-9999.0,-9999.0,0.0,0,0,-9999.0,95.0,48.2,93.4
20240223-0900,Mountain View Moffett Field Naval Air Station,"Mountain View, California, US",8.0,7.0,-9999.0,-9999.0,-9999.0,0.0,0,0,-9999.0,95.0,46.4,93.4
20240223-1000,Mountain View Moffett Field Naval Air Station,"Mountain View, California, US",8.0,7.0,-9999.0,-9999.0,-9999.0,0.0,0,0,-9999.0,95.0,46.4,93.4
20240223-1100,Mountain View Moffett Field Naval Air Station,"Mountain View, California, US",8.0,7.0,-9999.0,-9999.0,-9999.0,0.0,0,0,-9999.0,95.0,46.4,93.4
20240223-1200,Mountain View Moffett Field Naval Air Station,"Mountain View, California, US",7.0,6.0,-9999.0,-9999.0,-9999.0,0.0,0,0,-9999.0,95.0,44.6,93.3
20240223-1300,Mountain View Moffett Field Naval Air Station,"Mountain View, California, US",7.0,6.0,-9999.0,-9999.0,-9999.0,0.0,0,0,-9999.0,95.0,44.6,93.3
20240223-1400,Mountain View Moffett Field Naval Air Station,"Mountain View, California, US",7.0,7.0,-9999.0,-9999.0,-9999.0,0.0,0,0,-9999.0,100.0,44.6,100.0
20240223-1500,Mountain View Moffett Field Naval Air Station,"Mountain View, California, US",7.0,6.0,-9999.0,-9999.0,-9999.0,0.0,0,0,-9999.0,95.0,44.6,93.3
20240223-1600,Mountain View Moffett Field Naval Air Station,"Mountain View, California, US",8.0,7.0,-9999.0,-9999.0,-9999.0,0.0,0,0,-9999.0,95.0,46.4,93.4
20240223-1700,Mountain View Moffett Field Naval Air Station,"Mountain View, California, US",11.0,8.0,-9999.0,-9999.0,-9999.0,0.0,0,0,-9999.0,85.0,51.8,81.7
20240223-1800,Mountain View Moffett Field Naval Air Station,"Mountain View, California, US",13.0,8.0,-9999.0,-9999.0,-9999.0,7.5600000000000005,290,0,-9999.0,75.0,55.4,71.6
20240223-1900,Mountain View Moffett Field Naval Air Station,"Mountain View, California, US",14.0,8.0,-9999.0,-9999.0,-9999.0,0.0,0,0,-9999.0,70.0,57.2,67.1
20240223-2000,Mountain View Moffett Field Naval Air Station,"Mountain View, California, US",15.0,8.0,-9999.0,-9999.0,-9999.0,0.0,0,0,-9999.0,65.0,59.0,62.9
20240223-2100,Mountain View Moffett Field Naval Air Station,"Mountain View, California, US",16.0,8.0,-9999.0,-9999.0,-9999.0,0.0,0,0,-9999.0,60.0,60.8,59.0
20240223-2200,Mountain View Moffett Field Naval Air Station,"Mountain View, California, US",17.0,7.0,-9999.0,-9999.0,-9999.0,9.360000000000001,10,0,-9999.0,50.0,62.6,51.7
20240223-2300,Mountain View Moffett Field Naval Air Station,"Mountain View, California, US",18.0,8.0,-9999.0,-9999.0,-9999.0,11.16,20,0,-9999.0,50.0,64.4,52.0
20240224-0000,Mountain View Moffett Field Naval Air Station,"Mountain View, California, US",17.0,9.0,-9999.0,-9999.0,-9999.0,11.16,320,0,-9999.0,60.0,62.6,59.3
20240224-0100,Mountain View Moffett Field Naval Air Station,"Mountain View, California, US",17.0,8.0,-9999.0,-9999.0,-9999.0,7.5600000000000005,-9999,0,-9999.0,55.0,62.6,55.4
20240224-0200,Mountain View Moffett Field Naval Air Station,"Mountain View, California, US",16.0,8.0,-9999.0,-9999.0,-9999.0,16.56,360,0,-9999.0,60.0,60.8,59.0
20240224-0300,Mountain View Moffett Field Naval Air Station,"Mountain View, California, US",16.0,9.0,-9999.0,-9999.0,-9999.0,9.360000000000001,300,0,-9999.0,65.0,60.8,63.1
20240224-0400,Mountain View Moffett Field Naval Air Station,"Mountain View, California, US",14.0,8.0,-9999.0,-9999.0,-9999.0,9.360000000000001,340,0,-9999.0,70.0,57.2,67.1
20240224-0500,Mountain View Moffett Field Naval Air Station,"Mountain View, California, US",14.0,8.0,-9999.0,-9999.0,-9999.0,0.0,0,0,-9999.0,70.0,57.2,67.1
20240224-0600,Mountain View Moffett Field Naval Air Station,"Mountain View, California, US",13.0,8.0,-9999.0,-9999.0,-9999.0,0.0,0,0,-9999.0,75.0,55.4,71.6
20240224-0700,Mountain View Moffett Field Naval Air Station,"Mountain View, California, US",12.0,7.0,-9999.0,-9999.0,-9999.0,7.5600000000000005,120,0,-9999.0,75.0,53.6,71.5
20240224-0800,Mountain View Moffett Field Naval Air Station,"Mountain View, California, US",12.0,7.0,-9999.0,-9999.0,-9999.0,5.4,190,0,-9999.0,75.0,53.6,71.5
20240224-0900,Mountain View Moffett Field Naval Air Station,"Mountain View, California, US",11.0,7.0,-9999.0,-9999.0,-9999.0,0.0,0,0,-9999.0,80.0,51.8,76.3
20240224-1000,Mountain View Moffett Field Naval Air Station,"Mountain View, California, US",10.0,8.0,-9999.0,-9999.0,-9999.0,0.0,0,0,-9999.0,90.0,50.0,87.4
20240224-1100,Mountain View Moffett Field Naval Air Station,"Mountain View, California, US",10.0,7.0,-9999.0,-9999.0,-9999.0,0.0,0,0,-9999.0,85.0,50.0,81.6
20240224-1200,Mountain View Moffett Field Naval Air Station,"Mountain View, California, US",9.0,7.0,-9999.0,-9999.0,-9999.0,0.0,0,0,-9999.0,90.0,48.2,87.3
20240224-1300,Mountain View Moffett Field Naval Air Station,"Mountain View, California, US",9.0,7.0,-9999.0,-9999.0,-9999.0,0.0,0,0,-9999.0,90.0,48.2,87.3
20240224-1400,Mountain View Moffett Field Naval Air Station,"Mountain View, California, US",8.0,6.0,-9999.0,-9999.0,-9999.0,0.0,0,0,-9999.0,90.0,46.4,87.2
20240224-1500,Mountain View Moffett Field Naval Air Station,"Mountain View, California, US",8.0,6.0,-9999.0,-9999.0,-9999.0,0.0,0,0,-9999.0,90.0,46.4,87.2
20240224-1600,Mountain View Moffett Field Naval Air Station,"Mountain View, California, US",9.0,7.0,-9999.0,-9999.0,-9999.0,0.0,0,0,-9999.0,90.0,48.2,87.3
20240224-1700,Mountain View Moffett Field Naval Air Station,"Mountain View, California, US",12.0,8.0,-9999.0,-9999.0,-9999.0,0.0,0,0,-9999.0,80.0,53.6,76.5
20240224-1800,Mountain View Moffett Field Naval Air Station,"Mountain View, California, US",15.0,8.0,-9999.0,-9999.0,-9999.0,0.0,0,0,-9999.0,65.0,59.0,62.9
20240224-1900,Mountain View Moffett Field Naval Air Station,"Mountain View, California, US",17.0,8.0,-9999.0,-9999.0,-9999.0,0.0,0,0,-9999.0,55.0,62.6,55.4
20240224-2000,Mountain View Moffett Field Naval Air Station,"Mountain View, California, US",18.0,9.0,-9999.0,-9999.0,-9999.0,0.0,0,0,-9999.0,55.0,64.4,55.6
20240224-2100,Mountain View Moffett Field Naval Air Station,"Mountain View, California, US",19.0,9.0,-9999.0,-9999.0,-9999.0,5.4,10,0,-9999.0,50.0,66.2,52.2
20240224-2200,Mountain View Moffett Field Naval Air Station,"Mountain View, California, US",21.0,7.0,-9999.0,-9999.0,-9999.0,7.5600000000000005,-9999,0,-9999.0,30.0,69.8,40.3
20240224-2300,Mountain View Moffett Field Naval Air Station,"Mountain View, California, US",21.0,9.0,-9999.0,-9999.0,-9999.0,9.360000000000001,350,0,-9999.0,40.0,69.8,46.2
20240225-0000,Mountain View Moffett Field Naval Air Station,"Mountain View, California, US",20.0,10.0,-9999.0,-9999.0,-9999.0,12.959999999999999,350,0,-9999.0,50.0,68.0,52.5
20240225-0100,Mountain View Moffett Field Naval Air Station,"Mountain View, California, US",19.0,8.0,-9999.0,-9999.0,-9999.0,11.16,350,0,-9999.0,45.0,66.2,48.8
20240225-0200,Mountain View Moffett Field Naval Air Station,"Mountain View, California, US",18.0,8.0,-9999.0,-9999.0,-9999.0,9.360000000000001,350,0,-9999.0,50.0,64.4,52.0
20240225-0300,Mountain View Moffett Field Naval Air Station,"Mountain View, California, US",18.0,6.0,-9999.0,-9999.0,-9999.0,0.0,0,0,-9999.0,40.0,64.4,45.3
20240225-0400,Mountain View Moffett Field Naval Air Station,"Mountain View, California, US",17.0,7.0,-9999.0,-9999.0,-9999.0,0.0,0,0,-9999.0,50.0,62.6,51.7
20240225-0500,Mountain View Moffett Field Naval Air Station,"Mountain View, California, US",15.0,8.0,-9999.0,-9999.0,-9999.0,0.0,0,0,-9999.0,65.0,59.0,62.9
20240225-0600,Mountain View Moffett Field Naval Air Station,"Mountain View, California, US",14.0,8.0,-9999.0,-9999.0,-9999.0,0.0,0,0,-9999.0,70.0,57.2,67.1
20240225-0700,Mountain View Moffett Field Naval Air Station,"Mountain View, California, US",13.0,8.0,-9999.0,-9999.0,-9999.0,0.0,0,0,-9999.0,75.0,55.4,71.6
20240225-0800,Mountain View Moffett Field Naval Air Station,"Mountain View, California, US",12.0,8.0,-9999.0,-9999.0,-9999.0,0.0,0,0,-9999.0,80.0,53.6,76.5
20240225-0900,Mountain View Moffett Field Naval Air Station,"Mountain View, California, US",11.0,8.0,-9999.0,-9999.0,-9999.0,0.0,0,0,-9999.0,85.0,51.8,81.7
20240225-1000,Mountain View Moffett Field Naval Air Station,"Mountain View, California, US",10.0,7.0,-9999.0,-9999.0,-9999.0,0.0,0,0,-9999.0,85.0,50.0,81.6
20240225-1100,Mountain View Moffett Field Naval Air Station,"Mountain View, California, US",10.0,7.0,-9999.0,-9999.0,-9999.0,0.0,0,0,-9999.0,85.0,50.0,81.6
20240225-1200,Mountain View Moffett Field Naval Air Station,"Mountain View, California, US",9.0,7.0,-9999.0,-9999.0,-9999.0,0.0,0,0,-9999.0,90.0,48.2,87.3
20240225-1300,Mountain View Moffett Field Naval Air Station,"Mountain View, California, US",9.0,7.0,-9999.0,-9999.0,-9999.0,0.0,0,0,-9999.0,90.0,48.2,87.3
20240225-1400,Mountain View Moffett Field Naval Air Station,"Mountain View, California, US",9.0,6.0,-9999.0,-9999.0,-9999.0,7.5600000000000005,170,0,-9999.0,85.0,48.2,81.5
20240225-1500,Mountain View Moffett Field Naval Air Station,"Mountain View, California, US",8.0,6.0,-9999.0,-9999.0,-9999.0,0.0,0,0,-9999.0,90.0,46.4,87.2
20240225-1600,Mountain View Moffett Field Naval Air Station,"Mountain View, California, US",10.0,7.0,-9999.0,-9999.0,-9999.0,0.0,0,0,-9999.0,85.0,50.0,81.6
20240225-1700,Mountain View Moffett Field Naval Air Station,"Mountain View, California, US",13.0,8.0,-9999.0,-9999.0,-9999.0,0.0,0,0,-9999.0,75.0,55.4,71.6
20240225-1800,Mountain View Moffett Field Naval Air Station,"Mountain View, California, US",15.0,9.0,-9999.0,-9999.0,-9999.0,5.4,20,0,-9999.0,70.0,59.0,67.3
20240225-1900,Mountain View Moffett Field Naval Air Station,"Mountain View, California, US",15.0,10.0,-9999.0,-9999.0,-9999.0,7.5600000000000005,10,0,-9999.0,75.0,59.0,72.0
20240225-2000,Mountain View Moffett Field Naval Air Station,"Mountain View, California, US",16.0,10.0,-9999.0,-9999.0,-9999.0,12.959999999999999,10,0,-9999.0,70.0,60.8,67.5
20240225-2100,Mountain View Moffett Field Naval Air Station,"Mountain View, California, US",17.0,10.0,-9999.0,-9999.0,-9999.0,12.959999999999999,350,0,-9999.0,65.0,62.6,63.4
20240225-2200,Mountain View Moffett Field Naval Air Station,"Mountain View, California, US",18.0,11.0,-9999.0,-9999.0,-9999.0,14.76,340,0,-9999.0,65.0,64.4,63.6
20240225-2300,Mountain View Moffett Field Naval Air Station,"Mountain View, California, US",17.0,11.0,-9999.0,-9999.0,-9999.0,18.36,340,0,-9999.0,70.0,62.6,67.7
20240226-0000,Mountain View Moffett Field Naval Air Station,"Mountain View, California, US",18.0,11.0,-9999.0,-9999.0,-9999.0,12.959999999999999,340,0,-9999.0,65.0,64.4,63.6
20240226-0100,Mountain View Moffett Field Naval Air Station,"Mountain View, California, US",16.0,11.0,-9999.0,-9999.0,-9999.0,14.76,320,0,-9999.0,75.0,60.8,72.2
20240226-0200,Mountain View Moffett Field Naval Air Station,"Mountain View, California, US",15.0,9.0,-9999.0,-9999.0,-9999.0,0.0,0,0,-9999.0,70.0,59.0,67.3
20240226-0300,Mountain View Moffett Field Naval Air Station,"Mountain View, California, US",14.0,8.0,-9999.0,-9999.0,-9999.0,16.56,340,50,-9999.0,70.0,57.2,67.1
20240226-0400,Mountain View Moffett Field Naval Air Station,"Mountain View, California, US",13.0,9.0,-9999.0,-9999.0,-9999.0,14.76,340,0,-9999.0,80.0,55.4,76.7
20240226-0500,Mountain View Moffett Field Naval Air Station,"Mountain View, California, US",12.0,9.0,-9999.0,-9999.0,-9999.0,0.0,0,50,-9999.0,85.0,53.6,81.9
20240226-0600,Mountain View Moffett Field Naval Air Station,"Mountain View, California, US",13.0,10.0,-9999.0,-9999.0,-9999.0,0.0,0,-9999,-9999.0,85.0,55.4,82.0
20240226-0700,Mountain View Moffett Field Naval Air Station,"Mountain View, California, US",13.0,10.0,-9999.0,-9999.0,-9999.0,0.0,0,-9999,-9999.0,85.0,55.4,82.0
20240226-0800,Mountain View Moffett Field Naval Air Station,"Mountain View, California, US",13.0,9.0,-9999.0,-9999.0,-9999.0,0.0,0,-9999,-9999.0,80.0,55.4,76.7
20240226-0900,Mountain View Moffett Field Naval Air Station,"Mountain View, California, US",12.0,9.0,-9999.0,-9999.0,-9999.0,0.0,0,0,-9999.0,85.0,53.6,81.9
20240226-1000,Mountain View Moffett Field Naval Air Station,"Mountain View, California, US",11.0,8.0,-9999.0,-9999.0,-9999.0,0.0,0,0,-9999.0,85.0,51.8,81.7
20240226-1100,Mountain View Moffett Field Naval Air Station,"Mountain View, California, US",10.0,7.0,-9999.0,-9999.0,-9999.0,5.4,240,0,-9999.0,85.0,50.0,81.6
20240226-1200,Mountain View Moffett Field Naval Air Station,"Mountain View, California, US",10.0,7.0,-9999.0,-9999.0,-9999.0,0.0,0,0,-9999.0,85.0,50.0,81.6
20240226-1300,Mountain View Moffett Field Naval Air Station,"Mountain View, California, US",10.0,7.0,-9999.0,-9999.0,-9999.0,5.4,170,-9999,-9999.0,85.0,50.0,81.6
20240226-1400,Mountain View Moffett Field Naval Air Station,"Mountain View, California, US",10.0,7.0,-9999.0,-9999.0,-9999.0,0.0,0,50,-9999.0,85.0,50.0,81.6
20240226-1500,Mountain View Moffett Field Naval Air Station,"Mountain View, California, US",9.0,7.0,-9999.0,-9999.0,-9999.0,0.0,0,-9999,-9999.0,90.0,48.2,87.3
20240226-1600,Mountain View Moffett Field Naval Air Station,"Mountain View, California, US",11.0,8.0,-9999.0,-9999.0,-9999.0,0.0,0,-9999,-9999.0,85.0,51.8,81.7
20240226-1700,Mountain View Moffett Field Naval Air Station,"Mountain View, California, US",12.0,10.0,-9999.0,-9999.0,-9999.0,9.360000000000001,130,50,-9999.0,90.0,53.6,87.6
20240226-1800,Mountain View Moffett Field Naval Air Station,"Mountain View, California, US",15.0,9.0,-9999.0,-9999.0,-9999.0,0.0,0,0,-9999.0,70.0,59.0,67.3
20240226-1900,Mountain View Moffett Field Naval Air Station,"Mountain View, California, US",15.0,9.0,-9999.0,-9999.0,-9999.0,9.360000000000001,10,-9999,-9999.0,70.0,59.0,67.3
20240226-2000,Mountain View Moffett Field Naval Air Station,"Mountain View, California, US",15.0,11.0,-9999.0,-9999.0,-9999.0,14.76,340,-9999,-9999.0,80.0,59.0,77.0
20240226-2100,Mountain View Moffett Field Naval Air Station,"Mountain View, California, US",13.0,12.0,-9999.0,-9999.0,-9999.0,12.959999999999999,320,-9999,-9999.0,95.0,55.4,93.6
20240226-2200,Mountain View Moffett Field Naval Air Station,"Mountain View, California, US",15.0,11.0,-9999.0,-9999.0,-9999.0,9.360000000000001,320,-9999,-9999.0,80.0,59.0,77.0
20240226-2300,Mountain View Moffett Field Naval Air Station,"Mountain View, California, US",17.0,11.0,-9999.0,-9999.0,-9999.0,0.0,0,50,-9999.0,70.0,62.6,67.7
20240227-0000,Mountain View Moffett Field Naval Air Station,"Mountain View, California, US",16.0,11.0,-9999.0,-9999.0,-9999.0,14.76,10,-9999,-9999.0,75.0,60.8,72.2
20240227-0100,Mountain View Moffett Field Naval Air Station,"Mountain View, California, US",15.0,11.0,-9999.0,-9999.0,-9999.0,14.76,340,-9999,-9999.0,80.0,59.0,77.0
20240227-0200,Mountain View Moffett Field Naval Air Station,"Mountain View, California, US",14.0,10.0,-9999.0,-9999.0,-9999.0,14.76,320,-9999,-9999.0,80.0,57.2,76.8
20240227-0300,Mountain View Moffett Field Naval Air Station,"Mountain View, California, US",13.0,9.0,-9999.0,-9999.0,-9999.0,12.959999999999999,300,-9999,-9999.0,80.0,55.4,76.7
20240227-0400,Mountain View Moffett Field Naval Air Station,"Mountain View, California, US",12.0,8.0,-9999.0,-9999.0,-9999.0,7.5600000000000005,290,0,-9999.0,80.0,53.6,76.5
20240227-0500,Mountain View Moffett Field Naval Air Station,"Mountain View, California, US",11.0,8.0,-9999.0,-9999.0,-9999.0,7.5600000000000005,280,0,-9999.0,85.0,51.8,81.7
20240227-0600,Mountain View Moffett Field Naval Air Station,"Mountain View, California, US",11.0,7.0,-9999.0,-9999.0,-9999.0,0.0,0,-9999,-9999.0,80.0,51.8,76.3
20240227-0700,Mountain View Moffett Field Naval Air Station,"Mountain View, California, US",11.0,8.0,-9999.0,-9999.0,-9999.0,0.0,0,50,-9999.0,85.0,51.8,81.7
20240227-0800,Mountain View Moffett Field Naval Air Station,"Mountain View, California, US",10.0,7.0,-9999.0,-9999.0,-9999.0,0.0,0,0,-9999.0,85.0,50.0,81.6
20240227-0900,Mountain View Moffett Field Naval Air Station,"Mountain View, California, US",9.0,7.0,-9999.0,-9999.0,-9999.0,0.0,0,0,-9999.0,90.0,48.2,87.3
20240227-1000,Mountain View Moffett Field Naval Air Station,"Mountain View, California, US",8.0,6.0,-9999.0,-9999.0,-9999.0,0.0,0,25,-9999.0,90.0,46.4,87.2
20240227-1100,Mountain View Moffett Field Naval Air Station,"Mountain View, California, US",8.0,6.0,-9999.0,-9999.0,-9999.0,0.0,0,0,-9999.0,90.0,46.4,87.2
20240227-1200,Mountain View Moffett Field Naval Air Station,"Mountain View, California, US",8.0,6.0,-9999.0,-9999.0,-9999.0,0.0,0,-9999,-9999.0,90.0,46.4,87.2
20240227-1300,Mountain View Moffett Field Naval Air Station,"Mountain View, California, US",7.0,5.0,-9999.0,-9999.0,-9999.0,0.0,0,0,-9999.0,90.0,44.6,87.1
20240227-1400,Mountain View Moffett Field Naval Air Station,"Mountain View, California, US",6.0,4.0,-9999.0,-9999.0,-9999.0,0.0,0,0,-9999.0,90.0,42.8,87.0
20240227-1500,Mountain View Moffett Field Naval Air Station,"Mountain View, California, US",6.0,4.0,-9999.0,-9999.0,-9999.0,0.0,0,0,-9999.0,90.0,42.8,87.0
20240227-1600,Mountain View Moffett Field Naval Air Station,"Mountain View, California, US",10.0,5.0,-9999.0,-9999.0,-9999.0,12.959999999999999,320,0,-9999.0,75.0,50.0,71.1
20240227-1700,Mountain View Moffett Field Naval Air Station,"Mountain View, California, US",11.0,2.0,-9999.0,-9999.0,-9999.0,12.959999999999999,360,0,-9999.0,55.0,51.8,53.8
20240227-1800,Mountain View Moffett Field Naval Air Station,"Mountain View, California, US",11.0,0.0,-9999.0,-9999.0,-9999.0,9.360000000000001,-9999,0,-9999.0,45.0,51.8,46.6
20240227-1900,Mountain View Moffett Field Naval Air Station,"Mountain View, California, US",13.0,1.0,-9999.0,-9999.0,-9999.0,9.360000000000001,-9999,0,-9999.0,40.0,55.4,43.9
20240227-2000,Mountain View Moffett Field Naval Air Station,"Mountain View, California, US",14.0,2.0,-9999.0,-9999.0,-9999.0,0.0,0,0,-9999.0,40.0,57.2,44.2
20240227-2100,Mountain View Moffett Field Naval Air Station,"Mountain View, California, US",15.0,3.0,-9999.0,-9999.0,-9999.0,12.959999999999999,310,0,-9999.0,40.0,59.0,44.5
20240227-2200,Mountain View Moffett Field Naval Air Station,"Mountain View, California, US",16.0,3.0,-9999.0,-9999.0,-9999.0,16.56,350,0,-9999.0,35.0,60.8,41.7
20240227-2300,Mountain View Moffett Field Naval Air Station,"Mountain View, California, US",16.0,3.0,-9999.0,-9999.0,-9999.0,14.76,350,0,-9999.0,35.0,60.8,41.7
20240228-0000,Mountain View Moffett Field Naval Air Station,"Mountain View, California, US",16.0,3.0,-9999.0,-9999.0,-9999.0,20.520000000000003,350,0,-9999.0,35.0,60.8,41.7
20240228-0100,Mountain View Moffett Field Naval Air Station,"Mountain View, California, US",15.0,3.0,-9999.0,-9999.0,-9999.0,16.56,340,0,-9999.0,40.0,59.0,44.5
20240228-0200,Mountain View Moffett Field Naval Air Station,"Mountain View, California, US",14.0,6.0,-9999.0,-9999.0,-9999.0,12.959999999999999,340,0,-9999.0,60.0,57.2,58.5
20240228-0300,Mountain View Moffett Field Naval Air Station,"Mountain View, California, US",13.0,5.0,-9999.0,-9999.0,-9999.0,12.959999999999999,340,0,-9999.0,60.0,55.4,58.3
20240228-0400,Mountain View Moffett Field Naval Air Station,"Mountain View, California, US",12.0,5.0,-9999.0,-9999.0,-9999.0,7.5600000000000005,320,0,-9999.0,65.0,53.6,62.2
20240228-0500,Mountain View Moffett Field Naval Air Station,"Mountain View, California, US",11.0,5.0,-9999.0,-9999.0,-9999.0,0.0,0,0,-9999.0,70.0,51.8,66.5
20240228-0600,Mountain View Moffett Field Naval Air Station,"Mountain View, California, US",10.0,4.0,-9999.0,-9999.0,-9999.0,0.0,0,0,-9999.0,70.0,50.0,66.3
20240228-0700,Mountain View Moffett Field Naval Air Station,"Mountain View, California, US",10.0,3.0,-9999.0,-9999.0,-9999.0,7.5600000000000005,180,0,-9999.0,65.0,50.0,61.8
20240228-0800,Mountain View Moffett Field Naval Air Station,"Mountain View, California, US",8.0,3.0,-9999.0,-9999.0,-9999.0,0.0,0,0,-9999.0,75.0,46.4,70.7
20240228-0900,Mountain View Moffett Field Naval Air Station,"Mountain View, California, US",8.0,3.0,-9999.0,-9999.0,-9999.0,0.0,0,0,-9999.0,75.0,46.4,70.7
20240228-1000,Mountain View Moffett Field Naval Air Station,"Mountain View, California, US",7.0,3.0,-9999.0,-9999.0,-9999.0,0.0,0,0,-9999.0,80.0,44.6,75.7
20240228-1100,Mountain View Moffett Field Naval Air Station,"Mountain View, California, US",7.0,3.0,-9999.0,-9999.0,-9999.0,0.0,0,0,-9999.0,80.0,44.6,75.7
20240228-1200,Mountain View Moffett Field Naval Air Station,"Mountain View, California, US",6.0,3.0,-9999.0,-9999.0,-9999.0,0.0,0,0,-9999.0,85.0,42.8,81.1
20240228-1300,Mountain View Moffett Field Naval Air Station,"Mountain View, California, US",6.0,3.0,-9999.0,-9999.0,-9999.0,0.0,0,0,-9999.0,85.0,42.8,81.1
20240228-1400,Mountain View Moffett Field Naval Air Station,"Mountain View, California, US",5.0,2.0,-9999.0,-9999.0,-9999.0,0.0,0,0,-9999.0,85.0,41.0,80.9
20240228-1500,Mountain View Moffett Field Naval Air Station,"Mountain View, California, US",6.0,3.0,-9999.0,-9999.0,-9999.0,0.0,0,0,-9999.0,85.0,42.8,81.1
20240228-1600,Mountain View Moffett Field Naval Air Station,"Mountain View, California, US",8.0,4.0,-9999.0,-9999.0,-9999.0,0.0,0,0,-9999.0,80.0,46.4,75.8
20240228-1700,Mountain View Moffett Field Naval Air Station,"Mountain View, California, US",11.0,3.0,-9999.0,-9999.0,-9999.0,5.4,130,0,-9999.0,60.0,51.8,57.8
20240228-1800,Mountain View Moffett Field Naval Air Station,"Mountain View, California, US",14.0,4.0,-9999.0,-9999.0,-9999.0,0.0,0,0,-9999.0,50.0,57.2,50.9
20240228-1900,Mountain View Moffett Field Naval Air Station,"Mountain View, California, US",15.0,5.0,-9999.0,-9999.0,-9999.0,7.5600000000000005,360,-9999,-9999.0,50.0,59.0,51.2
20240228-2000,Mountain View Moffett Field Naval Air Station,"Mountain View, California, US",15.0,5.0,-9999.0,-9999.0,-9999.0,9.360000000000001,360,0,-9999.0,50.0,59.0,51.2
20240228-2100,Mountain View Moffett Field Naval Air Station,"Mountain View, California, US",17.0,4.0,-9999.0,-9999.0,-9999.0,7.5600000000000005,340,-9999,-9999.0,35.0,62.6,42.0
20240228-2200,Mountain View Moffett Field Naval Air Station,"Mountain View, California, US",17.0,3.0,-9999.0,-9999.0,-9999.0,12.959999999999999,360,0,-9999.0,30.0,62.6,39.1
20240228-2300,Mountain View Moffett Field Naval Air Station,"Mountain View, California, US",19.0,-2.0,-9999.0,-9999.0,-9999.0,14.76,330,0,-9999.0,-5.0,66.2,24.0
20240229-0000,Mountain View Moffett Field Naval Air Station,"Mountain View, California, US",18.0,-2.0,-9999.0,-9999.0,-9999.0,14.76,350,0,-9999.0,0.0,64.4,25.6
20240229-0100,Mountain View Moffett Field Naval Air Station,"Mountain View, California, US",16.0,9.0,-9999.0,-9999.0,-9999.0,20.520000000000003,350,0,-9999.0,65.0,60.8,63.1
20240229-0200,Mountain View Moffett Field Naval Air Station,"Mountain View, California, US",15.0,10.0,-9999.0,-9999.0,-9999.0,22.32,340,0,-9999.0,75.0,59.0,72.0
20240229-0300,Mountain View Moffett Field Naval Air Station,"Mountain View, California, US",13.0,10.0,-9999.0,-9999.0,-9999.0,16.56,340,25,-9999.0,85.0,55.4,82.0
20240229-0400,Mountain View Moffett Field Naval Air Station,"Mountain View, California, US",12.0,9.0,-9999.0,-9999.0,-9999.0,9.360000000000001,360,0,-9999.0,85.0,53.6,81.9
20240229-0500,Mountain View Moffett Field Naval Air Station,"Mountain View, California, US",12.0,9.0,-9999.0,-9999.0,-9999.0,7.5600000000000005,30,25,-9999.0,85.0,53.6,81.9
20240229-0600,Mountain View Moffett Field Naval Air Station,"Mountain View, California, US",11.0,9.0,-9999.0,-9999.0,-9999.0,7.5600000000000005,60,0,-9999.0,90.0,51.8,87.5
20240229-0700,Mountain View Moffett Field Naval Air Station,"Mountain View, California, US",11.0,9.0,-9999.0,-9999.0,-9999.0,0.0,0,0,-9999.0,90.0,51.8,87.5
20240229-0800,Mountain View Moffett Field Naval Air Station,"Mountain View, California, US",10.0,9.0,-9999.0,-9999.0,-9999.0,0.0,0,0,-9999.0,95.0,50.0,93.5
20240229-0900,Mountain View Moffett Field Naval Air Station,"Mountain View, California, US",10.0,8.0,-9999.0,-9999.0,-9999.0,0.0,0,0,-9999.0,90.0,50.0,87.4
20240229-1000,Mountain View Moffett Field Naval Air Station,"Mountain View, California, US",9.0,7.0,-9999.0,-9999.0,-9999.0,0.0,0,0,-9999.0,90.0,48.2,87.3
20240229-1100,Mountain View Moffett Field Naval Air Station,"Mountain View, California, US",8.0,7.0,-9999.0,-9999.0,-9999.0,5.4,190,25,-9999.0,95.0,46.4,93.4
20240229-1200,Mountain View Moffett Field Naval Air Station,"Mountain View, California, US",8.0,6.0,-9999.0,-9999.0,-9999.0,0.0,0,0,-9999.0,90.0,46.4,87.2
20240229-1300,Mountain View Moffett Field Naval Air Station,"Mountain View, California, US",8.0,6.0,-9999.0,-9999.0,-9999.0,7.5600000000000005,120,0,-9999.0,90.0,46.4,87.2
20240229-1400,Mountain View Moffett Field Naval Air Station,"Mountain View, California, US",9.0,7.0,-9999.0,-9999.0,-9999.0,5.4,130,-9999,-9999.0,90.0,48.2,87.3
20240229-1500,Mountain View Moffett Field Naval Air Station,"Mountain View, California, US",10.0,7.0,-9999.0,-9999.0,-9999.0,14.76,140,25,-9999.0,85.0,50.0,81.6
20240229-1600,Mountain View Moffett Field Naval Air Station,"Mountain View, California, US",11.0,8.0,-9999.0,-9999.0,-9999.0,14.76,100,50,-9999.0,85.0,51.8,81.7
20240229-1700,Mountain View Moffett Field Naval Air Station,"Mountain View, California, US",13.0,9.0,-9999.0,-9999.0,-9999.0,12.959999999999999,170,0,-9999.0,80.0,55.4,76.7
20240229-1800,Mountain View Moffett Field Naval Air Station,"Mountain View, California, US",15.0,9.0,-9999.0,-9999.0,-9999.0,24.12,180,-9999,-9999.0,70.0,59.0,67.3
20240229-1900,Mountain View Moffett Field Naval Air Station,"Mountain View, California, US",15.0,9.0,-9999.0,-9999.0,-9999.0,22.32,180,-9999,-9999.0,70.0,59.0,67.3
20240229-2000,Mountain View Moffett Field Naval Air Station,"Mountain View, California, US",15.0,10.0,-9999.0,-9999.0,-9999.0,18.36,180,-9999,-9999.0,75.0,59.0,72.0
20240229-2100,Mountain View Moffett Field Naval Air Station,"Mountain View, California, US",13.0,11.0,-9999.0,-9999.0,-9999.0,12.959999999999999,170,-9999,-9999.0,90.0,55.4,87.6
20240229-2200,Mountain View Moffett Field Naval Air Station,"Mountain View, California, US",14.0,11.0,-9999.0,-9999.0,-9999.0,11.16,-9999,-9999,-9999.0,85.0,57.2,82.1
20240229-2300,Mountain View Moffett Field Naval Air Station,"Mountain View, California, US",14.0,11.0,-9999.0,0.2,-9999.0,14.76,170,-9999,-9999.0,85.0,57.2,82.1
20240301-0000,Mountain View Moffett Field Naval Air Station,"Mountain View, California, US",14.0,11.0,-9999.0,-9999.0,-9999.0,12.959999999999999,170,-9999,-9999.0,85.0,57.2,82.1
20240301-0100,Mountain View Moffett Field Naval Air Station,"Mountain View, California, US",14.0,11.0,-9999.0,-9999.0,-9999.0,12.959999999999999,180,-9999,-9999.0,85.0,57.2,82.1
20240301-0200,Mountain View Moffett Field Naval Air Station,"Mountain View, California, US",13.0,11.0,-9999.0,0.8,-9999.0,5.4,180,-9999,-9999.0,90.0,55.4,87.6
20240301-0300,Mountain View Moffett Field Naval Air Station,"Mountain View, California, US",11.0,11.0,-9999.0,1.8,-9999.0,0.0,0,-9999,-9999.0,100.0,51.8,100.0
20240301-0400,Mountain View Moffett Field Naval Air Station,"Mountain View, California, US",11.0,10.0,-9999.0,0.3,-9999.0,14.76,250,-9999,-9999.0,95.0,51.8,93.5
20240301-0500,Mountain View Moffett Field Naval Air Station,"Mountain View, California, US",11.0,10.0,-9999.0,-9999.0,-9999.0,14.76,230,-9999,-9999.0,95.0,51.8,93.5
20240301-0600,Mountain View Moffett Field Naval Air Station,"Mountain View, California, US",12.0,9.0,-9999.0,-9999.0,-9999.0,11.16,200,-9999,-9999.0,85.0,53.6,81.9
20240301-0700,Mountain View Moffett Field Naval Air Station,"Mountain View, California, US",13.0,8.0,-9999.0,-9999.0,-9999.0,14.76,230,-9999,-9999.0,75.0,55.4,71.6
20240301-0800,Mountain View Moffett Field Naval Air Station,"Mountain View, California, US",12.0,8.0,-9999.0,-9999.0,-9999.0,7.5600000000000005,210,-9999,-9999.0,80.0,53.6,76.5
20240301-0900,Mountain View Moffett Field Naval Air Station,"Mountain View, California, US",12.0,8.0,-9999.0,-9999.0,-9999.0,5.4,180,-9999,-9999.0,80.0,53.6,76.5
20240301-1000,Mountain View Moffett Field Naval Air Station,"Mountain View, California, US",11.0,9.0,-9999.0,0.5,-9999.0,5.4,300,-9999,-9999.0,90.0,51.8,87.5
20240301-1100,Mountain View Moffett Field Naval Air Station,"Mountain View, California, US",10.0,10.0,-9999.0,1.8,-9999.0,0.0,0,-9999,-9999.0,100.0,50.0,100.0
20240301-1200,Mountain View Moffett Field Naval Air Station,"Mountain View, California, US",11.0,10.0,-9999.0,0.3,-9999.0,9.360000000000001,210,-9999,-9999.0,95.0,51.8,93.5
20240301-1300,Mountain View Moffett Field Naval Air Station,"Mountain View, California, US",11.0,9.0,-9999.0,0.5,-9999.0,9.360000000000001,210,-9999,-9999.0,90.0,51.8,87.5
20240301-1400,Mountain View Moffett Field Naval Air Station,"Mountain View, California, US",11.0,9.0,-9999.0,-9999.0,-9999.0,11.16,190,-9999,-9999.0,90.0,51.8,87.5
20240301-1500,Mountain View Moffett Field Naval Air Station,"Mountain View, California, US",11.0,8.0,-9999.0,-9999.0,-9999.0,11.16,170,-9999,-9999.0,85.0,51.8,81.7
20240301-1600,Mountain View Moffett Field Naval Air Station,"Mountain View, California, US",12.0,8.0,-9999.0,-9999.0,-9999.0,7.5600000000000005,180,-9999,-9999.0,80.0,53.6,76.5
20240301-1700,Mountain View Moffett Field Naval Air Station,"Mountain View, California, US",12.0,8.0,-9999.0,0.3,-9999.0,12.959999999999999,230,-9999,-9999.0,80.0,53.6,76.5
20240301-1800,Mountain View Moffett Field Naval Air Station,"Mountain View, California, US",13.0,8.0,-9999.0,-9999.0,-9999.0,7.5600000000000005,-9999,-9999,-9999.0,75.0,55.4,71.6
20240301-1900,Mountain View Moffett Field Naval Air Station,"Mountain View, California, US",14.0,8.0,-9999.0,-9999.0,-9999.0,11.16,-9999,-9999,-9999.0,70.0,57.2,67.1
20240301-2000,Mountain View Moffett Field Naval Air Station,"Mountain View, California, US",15.0,7.0,-9999.0,-9999.0,-9999.0,16.56,170,-9999,-9999.0,60.0,59.0,58.8
20240301-2100,Mountain View Moffett Field Naval Air Station,"Mountain View, California, US",15.0,7.0,-9999.0,-9999.0,-9999.0,16.56,200,-9999,-9999.0,60.0,59.0,58.8
20240301-2200,Mountain View Moffett Field Naval Air Station,"Mountain View, California, US",14.0,7.0,-9999.0,-9999.0,-9999.0,20.520000000000003,150,-9999,-9999.0,65.0,57.2,62.7
20240301-2300,Mountain View Moffett Field Naval Air Station,"Mountain View, California, US",15.0,8.0,-9999.0,-9999.0,-9999.0,12.959999999999999,160,-9999,-9999.0,65.0,59.0,62.9
20240302-0000,Mountain View Moffett Field Naval Air Station,"Mountain View, California, US",15.0,7.0,-9999.0,-9999.0,-9999.0,18.36,180,-9999,-9999.0,60.0,59.0,58.8
20240302-0100,Mountain View Moffett Field Naval Air Station,"Mountain View, California, US",14.0,8.0,-9999.0,-9999.0,-9999.0,12.959999999999999,160,-9999,-9999.0,70.0,57.2,67.1
20240302-0200,Mountain View Moffett Field Naval Air Station,"Mountain View, California, US",12.0,8.0,-9999.0,1.0,-9999.0,16.56,210,-9999,-9999.0,80.0,53.6,76.5
20240302-0300,Mountain View Moffett Field Naval Air Station,"Mountain View, California, US",12.0,9.0,-9999.0,1.3,-9999.0,11.16,210,-9999,-9999.0,85.0,53.6,81.9
20240302-0400,Mountain View Moffett Field Naval Air Station,"Mountain View, California, US",12.0,8.0,-9999.0,0.3,-9999.0,14.76,180,-9999,-9999.0,80.0,53.6,76.5
20240302-0500,Mountain View Moffett Field Naval Air Station,"Mountain View, California, US",13.0,7.0,-9999.0,-9999.0,-9999.0,20.520000000000003,210,-9999,-9999.0,70.0,55.4,66.9
20240302-0600,Mountain View Moffett Field Naval Air Station,"Mountain View, California, US",12.0,8.0,-9999.0,-9999.0,-9999.0,12.959999999999999,230,-9999,-9999.0,80.0,53.6,76.5
20240302-0700,Mountain View Moffett Field Naval Air Station,"Mountain View, California, US",12.0,7.0,-9999.0,-9999.0,-9999.0,22.32,250,-9999,-9999.0,75.0,53.6,71.5
20240302-0800,Mountain View Moffett Field Naval Air Station,"Mountain View, California, US",10.0,7.0,-9999.0,2.0,-9999.0,18.36,240,-9999,-9999.0,85.0,50.0,81.6
20240302-0900,Mountain View Moffett Field Naval Air Station,"Mountain View, California, US",10.0,8.0,-9999.0,0.5,-9999.0,24.12,250,-9999,-9999.0,90.0,50.0,87.4
20240302-1000,Mountain View Moffett Field Naval Air Station,"Mountain View, California, US",9.0,7.0,-9999.0,1.3,-9999.0,16.56,260,-9999,-9999.0,90.0,48.2,87.3
20240302-1100,Mountain View Moffett Field Naval Air Station,"Mountain View, California, US",9.0,7.0,-9999.0,0.5,-9999.0,14.76,260,-9999,-9999.0,90.0,48.2,87.3
20240302-1200,Mountain View Moffett Field Naval Air Station,"Mountain View, California, US",9.0,6.0,-9999.0,-9999.0,-9999.0,14.76,240,-9999,-9999.0,85.0,48.2,81.5
20240302-1300,Mountain View Moffett Field Naval Air Station,"Mountain View, California, US",9.0,4.0,-9999.0,-9999.0,-9999.0,14.76,270,-9999,-9999.0,75.0,48.2,70.9
20240302-1400,Mountain View Moffett Field Naval Air Station,"Mountain View, California, US",9.0,5.0,-9999.0,-9999.0,-9999.0,9.360000000000001,230,-9999,-9999.0,80.0,48.2,76.0
20240302-1500,Mountain View Moffett Field Naval Air Station,"Mountain View, California, US",9.0,5.0,-9999.0,-9999.0,-9999.0,9.360000000000001,310,-9999,-9999.0,80.0,48.2,76.0
20240302-1600,Mountain View Moffett Field Naval Air Station,"Mountain View, California, US",8.0,5.0,-9999.0,1.0,-9999.0,7.5600000000000005,210,50,-9999.0,85.0,46.4,81.3
20240302-1700,Mountain View Moffett Field Naval Air Station,"Mountain View, California, US",10.0,5.0,-9999.0,-9999.0,-9999.0,11.16,240,0,-9999.0,75.0,50.0,71.1
20240302-1800,Mountain View Moffett Field Naval Air Station,"Mountain View, California, US",11.0,4.0,-9999.0,-9999.0,-9999.0,12.959999999999999,240,50,-9999.0,65.0,51.8,62.0
20240302-1900,Mountain View Moffett Field Naval Air Station,"Mountain View, California, US",8.0,6.0,-9999.0,0.8,-9999.0,0.0,0,-9999,-9999.0,90.0,46.4,87.2
20240302-2000,Mountain View Moffett Field Naval Air Station,"Mountain View, California, US",11.0,5.0,-9999.0,-9999.0,-9999.0,12.959999999999999,270,50,-9999.0,70.0,51.8,66.5
20240302-2100,Mountain View Moffett Field Naval Air Station,"Mountain View, California, US",12.0,3.0,-9999.0,-9999.0,-9999.0,11.16,-9999,-9999,-9999.0,55.0,53.6,54.1
20240302-2200,Mountain View Moffett Field Naval Air Station,"Mountain View, California, US",12.0,3.0,-9999.0,-9999.0,-9999.0,16.56,230,0,-9999.0,55.0,53.6,54.1
20240302-2300,Mountain View Moffett Field Naval Air Station,"Mountain View, California, US",11.0,5.0,-9999.0,-9999.0,-9999.0,16.56,180,50,-9999.0,70.0,51.8,66.5
20240303-0000,Mountain View Moffett Field Naval Air Station,"Mountain View, California, US",10.0,6.0,-9999.0,0.5,-9999.0,18.36,170,-9999,-9999.0,80.0,50.0,76.2
20240303-0100,Mountain View Moffett Field Naval Air Station,"Mountain View, California, US",10.0,6.0,-9999.0,-9999.0,-9999.0,12.959999999999999,180,-9999,-9999.0,80.0,50.0,76.2
20240303-0200,Mountain View Moffett Field Naval Air Station,"Mountain View, California, US",11.0,6.0,-9999.0,-9999.0,-9999.0,14.76,230,-9999,-9999.0,75.0,51.8,71.3
20240303-0300,Mountain View Moffett Field Naval Air Station,"Mountain View, California, US",11.0,4.0,-9999.0,-9999.0,-9999.0,14.76,230,-9999,-9999.0,65.0,51.8,62.0
20240303-0400,Mountain View Moffett Field Naval Air Station,"Mountain View, California, US",10.0,6.0,-9999.0,-9999.0,-9999.0,11.16,240,-9999,-9999.0,80.0,50.0,76.2
20240303-0500,Mountain View Moffett Field Naval Air Station,"Mountain View, California, US",10.0,5.0,-9999.0,-9999.0,-9999.0,9.360000000000001,250,-9999,-9999.0,75.0,50.0,71.1
20240303-0600,Mountain View Moffett Field Naval Air Station,"Mountain View, California, US",10.0,6.0,-9999.0,-9999.0,-9999.0,0.0,0,-9999,-9999.0,80.0,50.0,76.2
20240303-0700,Mountain View Moffett Field Naval Air Station,"Mountain View, California, US",8.0,6.0,-9999.0,1.8,-9999.0,0.0,0,-9999,-9999.0,90.0,46.4,87.2
20240303-0800,Mountain View Moffett Field Naval Air Station,"Mountain View, California, US",8.0,5.0,-9999.0,-9999.0,-9999.0,0.0,0,-9999,-9999.0,85.0,46.4,81.3
20240303-0900,Mountain View Moffett Field Naval Air Station,"Mountain View, California, US",8.0,6.0,-9999.0,0.3,-9999.0,5.4,190,-9999,-9999.0,90.0,46.4,87.2
20240303-1000,Mountain View Moffett Field Naval Air Station,"Mountain View, California, US",8.0,6.0,-9999.0,0.3,-9999.0,0.0,0,-9999,-9999.0,90.0,46.4,87.2
20240303-1100,Mountain View Moffett Field Naval Air Station,"Mountain View, California, US",7.0,6.0,-9999.0,1.3,-9999.0,5.4,190,-9999,-9999.0,95.0,44.6,93.3
20240303-1200,Mountain View Moffett Field Naval Air Station,"Mountain View, California, US",7.0,5.0,-9999.0,-9999.0,-9999.0,7.5600000000000005,130,-9999,-9999.0,90.0,44.6,87.1
20240303-1300,Mountain View Moffett Field Naval Air Station,"Mountain View, California, US",7.0,5.0,-9999.0,-9999.0,-9999.0,11.16,150,-9999,-9999.0,90.0,44.6,87.1
20240303-1400,Mountain View Moffett Field Naval Air Station,"Mountain View, California, US",7.0,6.0,-9999.0,-9999.0,-9999.0,12.959999999999999,150,-9999,-9999.0,95.0,44.6,93.3
20240303-1500,Mountain View Moffett Field Naval Air Station,"Mountain View, California, US",7.0,6.0,-9999.0,-9999.0,-9999.0,9.360000000000001,140,-9999,-9999.0,95.0,44.6,93.3
20240303-1600,Mountain View Moffett Field Naval Air Station,"Mountain View, California, US",8.0,6.0,-9999.0,-9999.0,-9999.0,9.360000000000001,150,-9999,-9999.0,90.0,46.4,87.2
20240303-1700,Mountain View Moffett Field Naval Air Station,"Mountain View, California, US",10.0,7.0,-9999.0,-9999.0,-9999.0,11.16,140,-9999,-9999.0,85.0,50.0,81.6
20240303-1800,Mountain View Moffett Field Naval Air Station,"Mountain View, California, US",10.0,5.0,-9999.0,0.3,-9999.0,0.0,0,-9999,-9999.0,75.0,50.0,71.1
20240303-1900,Mountain View Moffett Field Naval Air Station,"Mountain View, California, US",12.0,5.0,-9999.0,-9999.0,-9999.0,14.76,170,-9999,-9999.0,65.0,53.6,62.2
20240303-2000,Mountain View Moffett Field Naval Air Station,"Mountain View, California, US",13.0,4.0,-9999.0,-9999.0,-9999.0,9.360000000000001,-9999,-9999,-9999.0,55.0,55.4,54.3
20240303-2100,Mountain View Moffett Field Naval Air Station,"Mountain View, California, US",13.0,2.0,-9999.0,-9999.0,-9999.0,22.32,260,-9999,-9999.0,45.0,55.4,47.2
20240303-2200,Mountain View Moffett Field Naval Air Station,"Mountain View, California, US",13.0,4.0,-9999.0,-9999.0,-9999.0,18.36,240,-9999,-9999.0,55.0,55.4,54.3
20240303-2300,Mountain View Moffett Field Naval Air Station,"Mountain View, California, US",12.0,6.0,-9999.0,-9999.0,-9999.0,11.16,-9999,-9999,-9999.0,70.0,53.6,66.7
20240304-0000,Mountain View Moffett Field Naval Air Station,"Mountain View, California, US",12.0,7.0,-9999.0,-9999.0,-9999.0,9.360000000000001,210,-9999,-9999.0,75.0,53.6,71.5
20240304-0100,Mountain View Moffett Field Naval Air Station,"Mountain View, California, US",12.0,8.0,-9999.0,0.3,-9999.0,5.4,-9999,-9999,-9999.0,80.0,53.6,76.5
20240304-0200,Mountain View Moffett Field Naval Air Station,"Mountain View, California, US",11.0,7.0,-9999.0,-9999.0,-9999.0,12.959999999999999,240,-9999,-9999.0,80.0,51.8,76.3
20240304-0300,Mountain View Moffett Field Naval Air Station,"Mountain View, California, US",10.0,7.0,-9999.0,-9999.0,-9999.0,0.0,0,0,-9999.0,85.0,50.0,81.6
20240304-0400,Mountain View Moffett Field Naval Air Station,"Mountain View, California, US",9.0,7.0,-9999.0,-9999.0,-9999.0,0.0,0,50,-9999.0,90.0,48.2,87.3
20240304-0500,Mountain View Moffett Field Naval Air Station,"Mountain View, California, US",9.0,7.0,-9999.0,-9999.0,-9999.0,0.0,0,-9999,-9999.0,90.0,48.2,87.3
20240304-0600,Mountain View Moffett Field Naval Air Station,"Mountain View, California, US",9.0,6.0,-9999.0,-9999.0,-9999.0,0.0,0,-9999,-9999.0,85.0,48.2,81.5
20240304-0700,Mountain View Moffett Field Naval Air Station,"Mountain View, California, US",9.0,6.0,-9999.0,-9999.0,-9999.0,5.4,210,-9999,-9999.0,85.0,48.2,81.5
20240304-0800,Mountain View Moffett Field Naval Air Station,"Mountain View, California, US",8.0,6.0,-9999.0,-9999.0,-9999.0,7.5600000000000005,190,-9999,-9999.0,90.0,46.4,87.2
20240304-0900,Mountain View Moffett Field Naval Air Station,"Mountain View, California, US",8.0,6.0,-9999.0,-9999.0,-9999.0,0.0,0,-9999,-9999.0,90.0,46.4,87.2
20240304-1000,Mountain View Moffett Field Naval Air Station,"Mountain View, California, US",8.0,6.0,-9999.0,0.3,-9999.0,5.4,110,-9999,-9999.0,90.0,46.4,87.2
20240304-1100,Mountain View Moffett Field Naval Air Station,"Mountain View, California, US",8.0,7.0,-9999.0,-9999.0,-9999.0,0.0,0,-9999,-9999.0,95.0,46.4,93.4
20240304-1200,Mountain View Moffett Field Naval Air Station,"Mountain View, California, US",8.0,7.0,-9999.0,-9999.0,-9999.0,0.0,0,-9999,-9999.0,95.0,46.4,93.4
20240304-1300,Mountain View Moffett Field Naval Air Station,"Mountain View, California, US",8.0,6.0,-9999.0,-9999.0,-9999.0,5.4,140,-9999,-9999.0,90.0,46.4,87.2
20240304-1400,Mountain View Moffett Field Naval Air Station,"Mountain View, California, US",8.0,7.0,-9999.0,-9999.0,-9999.0,7.5600000000000005,190,-9999,-9999.0,95.0,46.4,93.4
20240304-1500,Mountain View Moffett Field Naval Air Station,"Mountain View, California, US",7.0,6.0,-9999.0,-9999.0,-9999.0,5.4,140,50,-9999.0,95.0,44.6,93.3
20240304-1600,Mountain View Moffett Field Naval Air Station,"Mountain View, California, US",8.0,6.0,-9999.0,-9999.0,-9999.0,0.0,0,0,-9999.0,90.0,46.4,87.2
20240304-1700,Mountain View Moffett Field Naval Air Station,"Mountain View, California, US",11.0,7.0,-9999.0,-9999.0,-9999.0,7.5600000000000005,130,0,-9999.0,80.0,51.8,76.3
20240304-1800,Mountain View Moffett Field Naval Air Station,"Mountain View, California, US",12.0,6.0,-9999.0,-9999.0,-9999.0,5.4,-9999,50,-9999.0,70.0,53.6,66.7
20240304-1900,Mountain View Moffett Field Naval Air Station,"Mountain View, California, US",13.0,5.0,-9999.0,-9999.0,-9999.0,5.4,80,-9999,-9999.0,60.0,55.4,58.3
20240304-2000,Mountain View Moffett Field Naval Air Station,"Mountain View, California, US",13.0,5.0,-9999.0,-9999.0,-9999.0,0.0,0,-9999,-9999.0,60.0,55.4,58.3
20240304-2100,Mountain View Moffett Field Naval Air Station,"Mountain View, California, US",15.0,5.0,-9999.0,-9999.0,-9999.0,0.0,0,50,-9999.0,50.0,59.0,51.2
20240304-2200,Mountain View Moffett Field Naval Air Station,"Mountain View, California, US",14.0,5.0,-9999.0,-9999.0,-9999.0,11.16,50,-9999,-9999.0,55.0,57.2,54.6
20240304-2300,Mountain View Moffett Field Naval Air Station,"Mountain View, California, US",14.0,5.0,-9999.0,-9999.0,-9999.0,7.5600000000000005,220,-9999,-9999.0,55.0,57.2,54.6
20240305-0000,Mountain View Moffett Field Naval Air Station,"Mountain View, California, US",13.0,5.0,-9999.0,-9999.0,-9999.0,12.959999999999999,350,50,-9999.0,60.0,55.4,58.3
20240305-0100,Mountain View Moffett Field Naval Air Station,"Mountain View, California, US",13.0,6.0,-9999.0,-9999.0,-9999.0,7.5600000000000005,350,-9999,-9999.0,65.0,55.4,62.5
20240305-0200,Mountain View Moffett Field Naval Air Station,"Mountain View, California, US",13.0,6.0,-9999.0,-9999.0,-9999.0,7.5600000000000005,330,0,-9999.0,65.0,55.4,62.5
20240305-0300,Mountain View Moffett Field Naval Air Station,"Mountain View, California, US",11.0,7.0,-9999.0,-9999.0,-9999.0,0.0,0,-9999,-9999.0,80.0,51.8,76.3
20240305-0400,Mountain View Moffett Field Naval Air Station,"Mountain View, California, US",11.0,7.0,-9999.0,-9999.0,-9999.0,0.0,0,0,-9999.0,80.0,51.8,76.3
20240305-0500,Mountain View Moffett Field Naval Air Station,"Mountain View, California, US",11.0,7.0,-9999.0,-9999.0,-9999.0,0.0,0,-9999,-9999.0,80.0,51.8,76.3
20240305-0600,Mountain View Moffett Field Naval Air Station,"Mountain View, California, US",10.0,7.0,-9999.0,-9999.0,-9999.0,0.0,0,25,-9999.0,85.0,50.0,81.6
20240305-0700,Mountain View Moffett Field Naval Air Station,"Mountain View, California, US",10.0,7.0,-9999.0,-9999.0,-9999.0,0.0,0,0,-9999.0,85.0,50.0,81.6
20240305-0800,Mountain View Moffett Field Naval Air Station,"Mountain View, California, US",9.0,7.0,-9999.0,-9999.0,-9999.0,0.0,0,-9999,-9999.0,90.0,48.2,87.3
20240305-0900,Mountain View Moffett Field Naval Air Station,"Mountain View, California, US",9.0,6.0,-9999.0,-9999.0,-9999.0,7.5600000000000005,140,0,-9999.0,85.0,48.2,81.5
20240305-1000,Mountain View Moffett Field Naval Air Station,"Mountain View, California, US",9.0,6.0,-9999.0,-9999.0,-9999.0,11.16,160,25,-9999.0,85.0,48.2,81.5
20240305-1100,Mountain View Moffett Field Naval Air Station,"Mountain View, California, US",9.0,6.0,-9999.0,-9999.0,-9999.0,9.360000000000001,150,25,-9999.0,85.0,48.2,81.5
20240305-1200,Mountain View Moffett Field Naval Air Station,"Mountain View, California, US",9.0,6.0,-9999.0,-9999.0,-9999.0,7.5600000000000005,150,-9999,-9999.0,85.0,48.2,81.5
20240305-1300,Mountain View Moffett Field Naval Air Station,"Mountain View, California, US",9.0,6.0,-9999.0,-9999.0,-9999.0,14.76,130,-9999,-9999.0,85.0,48.2,81.5
20240305-1400,Mountain View Moffett Field Naval Air Station,"Mountain View, California, US",9.0,6.0,-9999.0,-9999.0,-9999.0,12.959999999999999,130,-9999,-9999.0,85.0,48.2,81.5
20240305-1500,Mountain View Moffett Field Naval Air Station,"Mountain View, California, US",9.0,6.0,-9999.0,-9999.0,-9999.0,12.959999999999999,140,-9999,-9999.0,85.0,48.2,81.5
20240305-1600,Mountain View Moffett Field Naval Air Station,"Mountain View, California, US",10.0,7.0,-9999.0,-9999.0,-9999.0,11.16,140,-9999,-9999.0,85.0,50.0,81.6
20240305-1700,Mountain View Moffett Field Naval Air Station,"Mountain View, California, US",12.0,7.0,-9999.0,-9999.0,-9999.0,18.36,130,-9999,-9999.0,75.0,53.6,71.5
20240305-1800,Mountain View Moffett Field Naval Air Station,"Mountain View, California, US",13.0,7.0,-9999.0,-9999.0,-9999.0,16.56,140,-9999,-9999.0,70.0,55.4,66.9
20240305-1900,Mountain View Moffett Field Naval Air Station,"Mountain View, California, US",14.0,8.0,-9999.0,-9999.0,-9999.0,18.36,130,-9999,-9999.0,70.0,57.2,67.1
20240305-2000,Mountain View Moffett Field Naval Air Station,"Mountain View, California, US",15.0,8.0,-9999.0,-9999.0,-9999.0,20.520000000000003,160,-9999,-9999.0,65.0,59.0,62.9
20240305-2100,Mountain View Moffett Field Naval Air Station,"Mountain View, California, US",15.0,9.0,-9999.0,-9999.0,-9999.0,16.56,160,-9999,-9999.0,70.0,59.0,67.3
20240305-2200,Mountain View Moffett Field Naval Air Station,"Mountain View, California, US",15.0,10.0,-9999.0,-9999.0,-9999.0,18.36,140,-9999,-9999.0,75.0,59.0,72.0
20240305-2300,Mountain View Moffett Field Naval Air Station,"Mountain View, California, US",15.0,9.0,-9999.0,-9999.0,-9999.0,12.959999999999999,170,-9999,-9999.0,70.0,59.0,67.3
20240306-0000,Mountain View Moffett Field Naval Air Station,"Mountain View, California, US",15.0,10.0,-9999.0,-9999.0,-9999.0,12.959999999999999,150,-9999,-9999.0,75.0,59.0,72.0
20240306-0100,Mountain View Moffett Field Naval Air Station,"Mountain View, California, US",15.0,9.0,-9999.0,-9999.0,-9999.0,9.360000000000001,-9999,-9999,-9999.0,70.0,59.0,67.3
20240306-0200,Mountain View Moffett Field Naval Air Station,"Mountain View, California, US",14.0,10.0,-9999.0,-9999.0,-9999.0,11.16,160,-9999,-9999.0,80.0,57.2,76.8
20240306-0300,Mountain View Moffett Field Naval Air Station,"Mountain View, California, US",14.0,10.0,-9999.0,-9999.0,-9999.0,11.16,180,-9999,-9999.0,80.0,57.2,76.8
20240306-0400,Mountain View Moffett Field Naval Air Station,"Mountain View, California, US",13.0,10.0,-9999.0,-9999.0,-9999.0,9.360000000000001,150,-9999,-9999.0,85.0,55.4,82.0
20240306-0500,Mountain View Moffett Field Naval Air Station,"Mountain View, California, US",13.0,10.0,-9999.0,-9999.0,-9999.0,11.16,170,-9999,-9999.0,85.0,55.4,82.0
20240306-0600,Mountain View Moffett Field Naval Air Station,"Mountain View, California, US",12.0,10.0,-9999.0,-9999.0,-9999.0,9.360000000000001,140,0,-9999.0,90.0,53.6,87.6
20240306-0700,Mountain View Moffett Field Naval Air Station,"Mountain View, California, US",12.0,9.0,-9999.0,-9999.0,-9999.0,12.959999999999999,140,0,-9999.0,85.0,53.6,81.9
20240306-0800,Mountain View Moffett Field Naval Air Station,"Mountain View, California, US",12.0,9.0,-9999.0,-9999.0,-9999.0,0.0,0,25,-9999.0,85.0,53.6,81.9
20240306-0900,Mountain View Moffett Field Naval Air Station,"Mountain View, California, US",12.0,9.0,-9999.0,-9999.0,-9999.0,0.0,0,-9999,-9999.0,85.0,53.6,81.9
20240306-1000,Mountain View Moffett Field Naval Air Station,"Mountain View, California, US",12.0,10.0,-9999.0,-9999.0,-9999.0,0.0,0,-9999,-9999.0,90.0,53.6,87.6
20240306-1100,Mountain View Moffett Field Naval Air Station,"Mountain View, California, US",12.0,10.0,-9999.0,-9999.0,-9999.0,0.0,0,-9999,-9999.0,90.0,53.6,87.6
20240306-1200,Mountain View Moffett Field Naval Air Station,"Mountain View, California, US",11.0,10.0,-9999.0,-9999.0,-9999.0,0.0,0,-9999,-9999.0,95.0,51.8,93.5
20240306-1300,Mountain View Moffett Field Naval Air Station,"Mountain View, California, US",11.0,10.0,-9999.0,-9999.0,-9999.0,0.0,0,-9999,-9999.0,95.0,51.8,93.5
20240306-1400,Mountain View Moffett Field Naval Air Station,"Mountain View, California, US",11.0,11.0,-9999.0,0.8,-9999.0,0.0,0,-9999,-9999.0,100.0,51.8,100.0
20240306-1500,Mountain View Moffett Field Naval Air Station,"Mountain View, California, US",11.0,11.0,-9999.0,0.5,-9999.0,0.0,0,-9999,-9999.0,100.0,51.8,100.0
20240306-1600,Mountain View Moffett Field Naval Air Station,"Mountain View, California, US",11.0,11.0,-9999.0,4.1,-9999.0,7.5600000000000005,130,-9999,-9999.0,100.0,51.8,100.0
20240306-1700,Mountain View Moffett Field Naval Air Station,"Mountain View, California, US",12.0,11.0,-9999.0,1.5,-9999.0,7.5600000000000005,60,-9999,-9999.0,95.0,53.6,93.6
20240306-1800,Mountain View Moffett Field Naval Air Station,"Mountain View, California, US",13.0,11.0,-9999.0,0.3,-9999.0,0.0,0,-9999,-9999.0,90.0,55.4,87.6
20240306-1900,Mountain View Moffett Field Naval Air Station,"Mountain View, California, US",14.0,11.0,-9999.0,-9999.0,-9999.0,5.4,10,-9999,-9999.0,85.0,57.2,82.1
20240306-2000,Mountain View Moffett Field Naval Air Station,"Mountain View, California, US",14.0,11.0,-9999.0,-9999.0,-9999.0,16.56,340,0,-9999.0,85.0,57.2,82.1
20240306-2100,Mountain View Moffett Field Naval Air Station,"Mountain View, California, US",14.0,11.0,-9999.0,-9999.0,-9999.0,14.76,320,25,-9999.0,85.0,57.2,82.1
20240306-2200,Mountain View Moffett Field Naval Air Station,"Mountain View, California, US",15.0,10.0,-9999.0,-9999.0,-9999.0,12.959999999999999,330,-9999,-9999.0,75.0,59.0,72.0
20240306-2300,Mountain View Moffett Field Naval Air Station,"Mountain View, California, US",14.0,11.0,-9999.0,-9999.0,-9999.0,11.16,300,-9999,-9999.0,85.0,57.2,82.1
20240307-0000,Mountain View Moffett Field Naval Air Station,"Mountain View, California, US",13.0,11.0,-9999.0,-9999.0,-9999.0,7.5600000000000005,270,-9999,-9999.0,90.0,55.4,87.6
20240307-0100,Mountain View Moffett Field Naval Air Station,"Mountain View, California, US",13.0,11.0,-9999.0,0.3,-9999.0,0.0,0,-9999,-9999.0,90.0,55.4,87.6
20240307-0200,Mountain View Moffett Field Naval Air Station,"Mountain View, California, US",13.0,10.0,-9999.0,-9999.0,-9999.0,14.76,360,-9999,-9999.0,85.0,55.4,82.0
20240307-0300,Mountain View Moffett Field Naval Air Station,"Mountain View, California, US",12.0,10.0,-9999.0,-9999.0,-9999.0,9.360000000000001,320,-9999,-9999.0,90.0,53.6,87.6
20240307-0400,Mountain View Moffett Field Naval Air Station,"Mountain View, California, US",12.0,9.0,-9999.0,-9999.0,-9999.0,7.5600000000000005,290,-9999,-9999.0,85.0,53.6,81.9
20240307-0500,Mountain View Moffett Field Naval Air Station,"Mountain View, California, US",11.0,9.0,-9999.0,-9999.0,-9999.0,5.4,270,-9999,-9999.0,90.0,51.8,87.5
20240307-0600,Mountain View Moffett Field Naval Air Station,"Mountain View, California, US",10.0,9.0,-9999.0,-9999.0,-9999.0,0.0,0,-9999,-9999.0,95.0,50.0,93.5
20240307-0700,Mountain View Moffett Field Naval Air Station,"Mountain View, California, US",10.0,8.0,-9999.0,-9999.0,-9999.0,0.0,0,50,-9999.0,90.0,50.0,87.4
20240307-0800,Mountain View Moffett Field Naval Air Station,"Mountain View, California, US",9.0,8.0,-9999.0,-9999.0,-9999.0,0.0,0,-9999,-9999.0,95.0,48.2,93.4
20240307-0900,Mountain View Moffett Field Naval Air Station,"Mountain View, California, US",9.0,8.0,-9999.0,-9999.0,-9999.0,0.0,0,0,-9999.0,95.0,48.2,93.4
20240307-1000,Mountain View Moffett Field Naval Air Station,"Mountain View, California, US",8.0,7.0,-9999.0,-9999.0,-9999.0,0.0,0,-9999,-9999.0,95.0,46.4,93.4
20240307-1100,Mountain View Moffett Field Naval Air Station,"Mountain View, California, US",8.0,7.0,-9999.0,-9999.0,-9999.0,0.0,0,-9999,-9999.0,95.0,46.4,93.4
20240307-1200,Mountain View Moffett Field Naval Air Station,"Mountain View, California, US",9.0,8.0,-9999.0,-9999.0,-9999.0,5.4,200,-9999,-9999.0,95.0,48.2,93.4
20240307-1300,Mountain View Moffett Field Naval Air Station,"Mountain View, California, US",10.0,8.0,-9999.0,-9999.0,-9999.0,5.4,220,-9999,-9999.0,90.0,50.0,87.4
20240307-1400,Mountain View Moffett Field Naval Air Station,"Mountain View, California, US",10.0,8.0,-9999.0,-9999.0,-9999.0,5.4,260,-9999,-9999.0,90.0,50.0,87.4
20240307-1500,Mountain View Moffett Field Naval Air Station,"Mountain View, California, US",11.0,8.0,-9999.0,-9999.0,-9999.0,0.0,0,-9999,-9999.0,85.0,51.8,81.7
20240307-1600,Mountain View Moffett Field Naval Air Station,"Mountain View, California, US",11.0,6.0,-9999.0,-9999.0,-9999.0,9.360000000000001,-9999,-9999,-9999.0,75.0,51.8,71.3
20240307-1700,Mountain View Moffett Field Naval Air Station,"Mountain View, California, US",11.0,7.0,-9999.0,-9999.0,-9999.0,7.5600000000000005,300,-9999,-9999.0,80.0,51.8,76.3
20240307-1800,Mountain View Moffett Field Naval Air Station,"Mountain View, California, US",10.0,8.0,-9999.0,-9999.0,-9999.0,0.0,0,-9999,-9999.0,90.0,50.0,87.4
20240307-1900,Mountain View Moffett Field Naval Air Station,"Mountain View, California, US",11.0,8.0,-9999.0,-9999.0,-9999.0,0.0,0,-9999,-9999.0,85.0,51.8,81.7
20240307-2000,Mountain View Moffett Field Naval Air Station,"Mountain View, California, US",12.0,8.0,-9999.0,-9999.0,-9999.0,12.959999999999999,20,-9999,-9999.0,80.0,53.6,76.5
20240307-2100,Mountain View Moffett Field Naval Air Station,"Mountain View, California, US",14.0,9.0,-9999.0,-9999.0,-9999.0,12.959999999999999,360,50,-9999.0,75.0,57.2,71.8
20240307-2200,Mountain View Moffett Field Naval Air Station,"Mountain View, California, US",14.0,8.0,-9999.0,-9999.0,-9999.0,16.56,350,0,-9999.0,70.0,57.2,67.1
20240307-2300,Mountain View Moffett Field Naval Air Station,"Mountain View, California, US",15.0,8.0,-9999.0,-9999.0,-9999.0,14.76,360,0,-9999.0,65.0,59.0,62.9
20240308-0000,Mountain View Moffett Field Naval Air Station,"Mountain View, California, US",15.0,7.0,-9999.0,-9999.0,-9999.0,14.76,330,0,-9999.0,60.0,59.0,58.8
20240308-0100,Mountain View Moffett Field Naval Air Station,"Mountain View, California, US",15.0,8.0,-9999.0,-9999.0,-9999.0,20.520000000000003,340,0,-9999.0,65.0,59.0,62.9
20240308-0200,Mountain View Moffett Field Naval Air Station,"Mountain View, California, US",13.0,6.0,-9999.0,-9999.0,-9999.0,12.959999999999999,320,0,-9999.0,65.0,55.4,62.5
20240308-0300,Mountain View Moffett Field Naval Air Station,"Mountain View, California, US",13.0,6.0,-9999.0,-9999.0,-9999.0,5.4,280,0,-9999.0,65.0,55.4,62.5
20240308-0400,Mountain View Moffett Field Naval Air Station,"Mountain View, California, US",11.0,6.0,-9999.0,-9999.0,-9999.0,0.0,0,0,-9999.0,75.0,51.8,71.3
20240308-0500,Mountain View Moffett Field Naval Air Station,"Mountain View, California, US",11.0,6.0,-9999.0,-9999.0,-9999.0,0.0,0,0,-9999.0,75.0,51.8,71.3
20240308-0600,Mountain View Moffett Field Naval Air Station,"Mountain View, California, US",10.0,7.0,-9999.0,-9999.0,-9999.0,0.0,0,0,-9999.0,85.0,50.0,81.6
20240308-0700,Mountain View Moffett Field Naval Air Station,"Mountain View, California, US",9.0,7.0,-9999.0,-9999.0,-9999.0,0.0,0,0,-9999.0,90.0,48.2,87.3
20240308-0800,Mountain View Moffett Field Naval Air Station,"Mountain View, California, US",8.0,6.0,-9999.0,-9999.0,-9999.0,0.0,0,0,-9999.0,90.0,46.4,87.2
20240308-0900,Mountain View Moffett Field Naval Air Station,"Mountain View, California, US",7.0,6.0,-9999.0,-9999.0,-9999.0,0.0,0,0,-9999.0,95.0,44.6,93.3
20240308-1000,Mountain View Moffett Field Naval Air Station,"Mountain View, California, US",6.0,5.0,-9999.0,-9999.0,-9999.0,0.0,0,0,-9999.0,95.0,42.8,93.3
20240308-1100,Mountain View Moffett Field Naval Air Station,"Mountain View, California, US",7.0,5.0,-9999.0,-9999.0,-9999.0,0.0,0,0,-9999.0,90.0,44.6,87.1
20240308-1200,Mountain View Moffett Field Naval Air Station,"Mountain View, California, US",6.0,5.0,-9999.0,-9999.0,-9999.0,0.0,0,0,-9999.0,95.0,42.8,93.3
20240308-1300,Mountain View Moffett Field Naval Air Station,"Mountain View, California, US",5.0,4.0,-9999.0,-9999.0,-9999.0,0.0,0,0,-9999.0,95.0,41.0,93.2
20240308-1400,Mountain View Moffett Field Naval Air Station,"Mountain View, California, US",6.0,4.0,-9999.0,-9999.0,-9999.0,0.0,0,0,-9999.0,90.0,42.8,87.0
20240308-1500,Mountain View Moffett Field Naval Air Station,"Mountain View, California, US",6.0,4.0,-9999.0,-9999.0,-9999.0,0.0,0,0,-9999.0,90.0,42.8,87.0
20240308-1600,Mountain View Moffett Field Naval Air Station,"Mountain View, California, US",8.0,5.0,-9999.0,-9999.0,-9999.0,0.0,0,0,-9999.0,85.0,46.4,81.3
20240308-1700,Mountain View Moffett Field Naval Air Station,"Mountain View, California, US",11.0,7.0,-9999.0,-9999.0,-9999.0,0.0,0,0,-9999.0,80.0,51.8,76.3
20240308-1800,Mountain View Moffett Field Naval Air Station,"Mountain View, California, US",14.0,6.0,-9999.0,-9999.0,-9999.0,9.360000000000001,320,0,-9999.0,60.0,57.2,58.5
20240308-1900,Mountain View Moffett Field Naval Air Station,"Mountain View, California, US",15.0,3.0,-9999.0,-9999.0,-9999.0,11.16,350,0,-9999.0,40.0,59.0,44.5
20240308-2000,Mountain View Moffett Field Naval Air Station,"Mountain View, California, US",16.0,4.0,-9999.0,-9999.0,-9999.0,5.4,-9999,0,-9999.0,40.0,60.8,44.8
20240308-2100,Mountain View Moffett Field Naval Air Station,"Mountain View, California, US",17.0,4.0,-9999.0,-9999.0,-9999.0,9.360000000000001,360,0,-9999.0,35.0,62.6,42.0
20240308-2200,Mountain View Moffett Field Naval Air Station,"Mountain View, California, US",18.0,4.0,-9999.0,-9999.0,-9999.0,9.360000000000001,-9999,0,-9999.0,30.0,64.4,39.4
20240308-2300,Mountain View Moffett Field Naval Air Station,"Mountain View, California, US",18.0,7.0,-9999.0,-9999.0,-9999.0,12.959999999999999,360,0,-9999.0,45.0,64.4,48.6
20240309-0000,Mountain View Moffett Field Naval Air Station,"Mountain View, California, US",18.0,5.0,-9999.0,-9999.0,-9999.0,12.959999999999999,350,0,-9999.0,35.0,64.4,42.3
20240309-0100,Mountain View Moffett Field Naval Air Station,"Mountain View, California, US",17.0,6.0,-9999.0,-9999.0,-9999.0,11.16,340,0,-9999.0,45.0,62.6,48.3
20240309-0200,Mountain View Moffett Field Naval Air Station,"Mountain View, California, US",15.0,7.0,-9999.0,-9999.0,-9999.0,5.4,320,0,-9999.0,60.0,59.0,58.8
20240309-0300,Mountain View Moffett Field Naval Air Station,"Mountain View, California, US",13.0,10.0,-9999.0,-9999.0,-9999.0,9.360000000000001,350,0,-9999.0,85.0,55.4,82.0
20240309-0400,Mountain View Moffett Field Naval Air Station,"Mountain View, California, US",12.0,10.0,-9999.0,-9999.0,-9999.0,14.76,360,0,-9999.0,90.0,53.6,87.6
20240309-0500,Mountain View Moffett Field Naval Air Station,"Mountain View, California, US",12.0,10.0,-9999.0,-9999.0,-9999.0,7.5600000000000005,320,25,-9999.0,90.0,53.6,87.6
20240309-0600,Mountain View Moffett Field Naval Air Station,"Mountain View, California, US",11.0,9.0,-9999.0,-9999.0,-9999.0,0.0,0,0,-9999.0,90.0,51.8,87.5
20240309-0700,Mountain View Moffett Field Naval Air Station,"Mountain View, California, US",11.0,8.0,-9999.0,-9999.0,-9999.0,0.0,0,0,-9999.0,85.0,51.8,81.7
20240309-0800,Mountain View Moffett Field Naval Air Station,"Mountain View, California, US",11.0,7.0,-9999.0,-9999.0,-9999.0,0.0,0,-9999,-9999.0,80.0,51.8,76.3
20240309-0900,Mountain View Moffett Field Naval Air Station,"Mountain View, California, US",11.0,8.0,-9999.0,-9999.0,-9999.0,0.0,0,-9999,-9999.0,85.0,51.8,81.7
20240309-1000,Mountain View Moffett Field Naval Air Station,"Mountain View, California, US",11.0,8.0,-9999.0,-9999.0,-9999.0,7.5600000000000005,220,-9999,-9999.0,85.0,51.8,81.7
20240309-1100,Mountain View Moffett Field Naval Air Station,"Mountain View, California, US",10.0,8.0,-9999.0,-9999.0,-9999.0,7.5600000000000005,230,-9999,-9999.0,90.0,50.0,87.4
20240309-1200,Mountain View Moffett Field Naval Air Station,"Mountain View, California, US",10.0,7.0,-9999.0,-9999.0,-9999.0,5.4,220,-9999,-9999.0,85.0,50.0,81.6
20240309-1300,Mountain View Moffett Field Naval Air Station,"Mountain View, California, US",11.0,6.0,-9999.0,-9999.0,-9999.0,0.0,0,-9999,-9999.0,75.0,51.8,71.3
20240309-1400,Mountain View Moffett Field Naval Air Station,"Mountain View, California, US",10.0,7.0,-9999.0,-9999.0,-9999.0,7.5600000000000005,180,-9999,-9999.0,85.0,50.0,81.6
20240309-1500,Mountain View Moffett Field Naval Air Station,"Mountain View, California, US",9.0,7.0,-9999.0,-9999.0,-9999.0,0.0,0,0,-9999.0,90.0,48.2,87.3
20240309-1600,Mountain View Moffett Field Naval Air Station,"Mountain View, California, US",10.0,7.0,-9999.0,-9999.0,-9999.0,11.16,140,0,-9999.0,85.0,50.0,81.6
20240309-1700,Mountain View Moffett Field Naval Air Station,"Mountain View, California, US",12.0,8.0,-9999.0,-9999.0,-9999.0,9.360000000000001,140,0,-9999.0,80.0,53.6,76.5
20240309-1800,Mountain View Moffett Field Naval Air Station,"Mountain View, California, US",14.0,7.0,-9999.0,-9999.0,-9999.0,7.5600000000000005,100,0,-9999.0,65.0,57.2,62.7
20240309-1900,Mountain View Moffett Field Naval Air Station,"Mountain View, California, US",15.0,7.0,-9999.0,-9999.0,-9999.0,-9999.0,-9999,0,-9999.0,60.0,59.0,58.8
20240309-2000,Mountain View Moffett Field Naval Air Station,"Mountain View, California, US",16.0,8.0,-9999.0,-9999.0,-9999.0,11.16,100,25,-9999.0,60.0,60.8,59.0
20240309-2100,Mountain View Moffett Field Naval Air Station,"Mountain View, California, US",16.0,8.0,-9999.0,-9999.0,-9999.0,-9999.0,-9999,-9999,-9999.0,60.0,60.8,59.0
20240309-2200,Mountain View Moffett Field Naval Air Station,"Mountain View, California, US",17.0,9.0,-9999.0,-9999.0,-9999.0,14.76,350,25,-9999.0,60.0,62.6,59.3
20240309-2300,Mountain View Moffett Field Naval Air Station,"Mountain View, California, US",16.0,9.0,-9999.0,-9999.0,-9999.0,12.959999999999999,10,0,-9999.0,65.0,60.8,63.1
20240310-0000,Mountain View Moffett Field Naval Air Station,"Mountain View, California, US",15.0,9.0,-9999.0,-9999.0,-9999.0,20.520000000000003,340,0,-9999.0,70.0,59.0,67.3
20240310-0100,Mountain View Moffett Field Naval Air Station,"Mountain View, California, US",15.0,10.0,-9999.0,-9999.0,-9999.0,24.12,360,0,-9999.0,75.0,59.0,72.0
20240310-0200,Mountain View Moffett Field Naval Air Station,"Mountain View, California, US",14.0,9.0,-9999.0,-9999.0,-9999.0,16.56,340,0,-9999.0,75.0,57.2,71.8
20240310-0300,Mountain View Moffett Field Naval Air Station,"Mountain View, California, US",13.0,9.0,-9999.0,-9999.0,-9999.0,11.16,340,25,-9999.0,80.0,55.4,76.7
20240310-0400,Mountain View Moffett Field Naval Air Station,"Mountain View, California, US",12.0,9.0,-9999.0,-9999.0,-9999.0,9.360000000000001,330,25,-9999.0,85.0,53.6,81.9
20240310-0500,Mountain View Moffett Field Naval Air Station,"Mountain View, California, US",13.0,10.0,-9999.0,-9999.0,-9999.0,12.959999999999999,340,-9999,-9999.0,85.0,55.4,82.0
20240310-0600,Mountain View Moffett Field Naval Air Station,"Mountain View, California, US",12.0,10.0,-9999.0,-9999.0,-9999.0,11.16,330,-9999,-9999.0,90.0,53.6,87.6
20240310-0700,Mountain View Moffett Field Naval Air Station,"Mountain View, California, US",12.0,10.0,-9999.0,-9999.0,-9999.0,9.360000000000001,330,-9999,-9999.0,90.0,53.6,87.6
20240310-0800,Mountain View Moffett Field Naval Air Station,"Mountain View, California, US",12.0,10.0,-9999.0,-9999.0,-9999.0,7.5600000000000005,340,-9999,-9999.0,90.0,53.6,87.6
20240310-0900,Mountain View Moffett Field Naval Air Station,"Mountain View, California, US",12.0,9.0,-9999.0,-9999.0,-9999.0,0.0,0,-9999,-9999.0,85.0,53.6,81.9
20240310-1000,Mountain View Moffett Field Naval Air Station,"Mountain View, California, US",12.0,9.0,-9999.0,-9999.0,-9999.0,7.5600000000000005,310,-9999,-9999.0,85.0,53.6,81.9
20240310-1100,Mountain View Moffett Field Naval Air Station,"Mountain View, California, US",12.0,8.0,-9999.0,-9999.0,-9999.0,5.4,290,-9999,-9999.0,80.0,53.6,76.5
20240310-1200,Mountain View Moffett Field Naval Air Station,"Mountain View, California, US",11.0,8.0,-9999.0,-9999.0,-9999.0,0.0,0,-9999,-9999.0,85.0,51.8,81.7
20240310-1300,Mountain View Moffett Field Naval Air Station,"Mountain View, California, US",11.0,8.0,-9999.0,-9999.0,-9999.0,0.0,0,-9999,-9999.0,85.0,51.8,81.7
20240310-1400,Mountain View Moffett Field Naval Air Station,"Mountain View, California, US",11.0,9.0,-9999.0,-9999.0,-9999.0,0.0,0,-9999,-9999.0,90.0,51.8,87.5
20240310-1500,Mountain View Moffett Field Naval Air Station,"Mountain View, California, US",11.0,9.0,-9999.0,-9999.0,-9999.0,0.0,0,-9999,-9999.0,90.0,51.8,87.5
20240310-1600,Mountain View Moffett Field Naval Air Station,"Mountain View, California, US",11.0,8.0,-9999.0,-9999.0,-9999.0,0.0,0,0,-9999.0,85.0,51.8,81.7
20240310-1700,Mountain View Moffett Field Naval Air Station,"Mountain View, California, US",13.0,9.0,-9999.0,-9999.0,-9999.0,0.0,0,0,-9999.0,80.0,55.4,76.7
20240310-1800,Mountain View Moffett Field Naval Air Station,"Mountain View, California, US",14.0,8.0,-9999.0,-9999.0,-9999.0,5.4,30,50,-9999.0,70.0,57.2,67.1
20240310-1900,Mountain View Moffett Field Naval Air Station,"Mountain View, California, US",15.0,7.0,-9999.0,-9999.0,-9999.0,5.4,-9999,50,-9999.0,60.0,59.0,58.8
20240310-2000,Mountain View Moffett Field Naval Air Station,"Mountain View, California, US",16.0,8.0,-9999.0,-9999.0,-9999.0,11.16,-9999,-9999,-9999.0,60.0,60.8,59.0
20240310-2100,Mountain View Moffett Field Naval Air Station,"Mountain View, California, US",16.0,7.0,-9999.0,-9999.0,-9999.0,9.360000000000001,30,50,-9999.0,55.0,60.8,55.1
20240310-2200,Mountain View Moffett Field Naval Air Station,"Mountain View, California, US",17.0,8.0,-9999.0,-9999.0,-9999.0,7.5600000000000005,-9999,0,-9999.0,55.0,62.6,55.4
20240310-2300,Mountain View Moffett Field Naval Air Station,"Mountain View, California, US",16.0,5.0,-9999.0,-9999.0,-9999.0,5.4,360,0,-9999.0,45.0,60.8,48.0
20240311-0000,Mountain View Moffett Field Naval Air Station,"Mountain View, California, US",16.0,5.0,-9999.0,-9999.0,-9999.0,9.360000000000001,10,-9999,-9999.0,45.0,60.8,48.0
20240311-0100,Mountain View Moffett Field Naval Air Station,"Mountain View, California, US",16.0,5.0,-9999.0,-9999.0,-9999.0,9.360000000000001,340,-9999,-9999.0,45.0,60.8,48.0
20240311-0200,Mountain View Moffett Field Naval Air Station,"Mountain View, California, US",14.0,6.0,-9999.0,-9999.0,-9999.0,12.959999999999999,280,25,-9999.0,60.0,57.2,58.5
20240311-0300,Mountain View Moffett Field Naval Air Station,"Mountain View, California, US",14.0,4.0,-9999.0,-9999.0,-9999.0,12.959999999999999,220,-9999,-9999.0,50.0,57.2,50.9
20240311-0400,Mountain View Moffett Field Naval Air Station,"Mountain View, California, US",14.0,3.0,-9999.0,-9999.0,-9999.0,0.0,0,-9999,-9999.0,45.0,57.2,47.4
20240311-0500,Mountain View Moffett Field Naval Air Station,"Mountain View, California, US",13.0,5.0,-9999.0,-9999.0,-9999.0,7.5600000000000005,-9999,-9999,-9999.0,60.0,55.4,58.3
20240311-0600,Mountain View Moffett Field Naval Air Station,"Mountain View, California, US",13.0,6.0,-9999.0,-9999.0,-9999.0,9.360000000000001,150,-9999,-9999.0,65.0,55.4,62.5
20240311-0700,Mountain View Moffett Field Naval Air Station,"Mountain View, California, US",13.0,7.0,-9999.0,-9999.0,-9999.0,16.56,130,-9999,-9999.0,70.0,55.4,66.9
20240311-0800,Mountain View Moffett Field Naval Air Station,"Mountain View, California, US",13.0,7.0,-9999.0,-9999.0,-9999.0,12.959999999999999,140,-9999,-9999.0,70.0,55.4,66.9
20240311-0900,Mountain View Moffett Field Naval Air Station,"Mountain View, California, US",12.0,7.0,-9999.0,-9999.0,-9999.0,16.56,130,-9999,-9999.0,75.0,53.6,71.5
20240311-1000,Mountain View Moffett Field Naval Air Station,"Mountain View, California, US",12.0,8.0,-9999.0,-9999.0,-9999.0,11.16,150,-9999,-9999.0,80.0,53.6,76.5
20240311-1100,Mountain View Moffett Field Naval Air Station,"Mountain View, California, US",12.0,10.0,-9999.0,-9999.0,-9999.0,0.0,0,-9999,-9999.0,90.0,53.6,87.6
20240311-1200,Mountain View Moffett Field Naval Air Station,"Mountain View, California, US",11.0,10.0,-9999.0,1.8,-9999.0,7.5600000000000005,-9999,-9999,-9999.0,95.0,51.8,93.5
20240311-1300,Mountain View Moffett Field Naval Air Station,"Mountain View, California, US",10.0,10.0,-9999.0,0.3,-9999.0,9.360000000000001,290,-9999,-9999.0,100.0,50.0,100.0
20240311-1400,Mountain View Moffett Field Naval Air Station,"Mountain View, California, US",10.0,9.0,-9999.0,0.3,-9999.0,7.5600000000000005,290,-9999,-9999.0,95.0,50.0,93.5
20240311-1500,Mountain View Moffett Field Naval Air Station,"Mountain View, California, US",10.0,8.0,-9999.0,-9999.0,-9999.0,11.16,280,-9999,-9999.0,90.0,50.0,87.4
20240311-1600,Mountain View Moffett Field Naval Air Station,"Mountain View, California, US",11.0,8.0,-9999.0,-9999.0,-9999.0,0.0,0,-9999,-9999.0,85.0,51.8,81.7
20240311-1700,Mountain View Moffett Field Naval Air Station,"Mountain View, California, US",12.0,8.0,-9999.0,-9999.0,-9999.0,7.5600000000000005,300,-9999,-9999.0,80.0,53.6,76.5
20240311-1800,Mountain View Moffett Field Naval Air Station,"Mountain View, California, US",12.0,8.0,-9999.0,-9999.0,-9999.0,5.4,-9999,-9999,-9999.0,80.0,53.6,76.5
20240311-1900,Mountain View Moffett Field Naval Air Station,"Mountain View, California, US",15.0,8.0,-9999.0,-9999.0,-9999.0,0.0,0,0,-9999.0,65.0,59.0,62.9
20240311-2000,Mountain View Moffett Field Naval Air Station,"Mountain View, California, US",15.0,7.0,-9999.0,-9999.0,-9999.0,14.76,10,0,-9999.0,60.0,59.0,58.8
20240311-2100,Mountain View Moffett Field Naval Air Station,"Mountain View, California, US",14.0,5.0,-9999.0,-9999.0,-9999.0,12.959999999999999,350,-9999,-9999.0,55.0,57.2,54.6
20240311-2200,Mountain View Moffett Field Naval Air Station,"Mountain View, California, US",14.0,7.0,-9999.0,-9999.0,-9999.0,16.56,330,-9999,-9999.0,65.0,57.2,62.7
20240311-2300,Mountain View Moffett Field Naval Air Station,"Mountain View, California, US",15.0,7.0,-9999.0,-9999.0,-9999.0,22.32,350,25,-9999.0,60.0,59.0,58.8
20240312-0000,Mountain View Moffett Field Naval Air Station,"Mountain View, California, US",15.0,6.0,-9999.0,-9999.0,-9999.0,16.56,280,0,-9999.0,55.0,59.0,54.9
20240312-0100,Mountain View Moffett Field Naval Air Station,"Mountain View, California, US",14.0,4.0,-9999.0,-9999.0,-9999.0,14.76,270,50,-9999.0,50.0,57.2,50.9
20240312-0200,Mountain View Moffett Field Naval Air Station,"Mountain View, California, US",13.0,5.0,-9999.0,-9999.0,-9999.0,12.959999999999999,310,-9999,-9999.0,60.0,55.4,58.3
20240312-0300,Mountain View Moffett Field Naval Air Station,"Mountain View, California, US",13.0,5.0,-9999.0,-9999.0,-9999.0,16.56,280,-9999,-9999.0,60.0,55.4,58.3
20240312-0400,Mountain View Moffett Field Naval Air Station,"Mountain View, California, US",13.0,6.0,-9999.0,-9999.0,-9999.0,11.16,300,-9999,-9999.0,65.0,55.4,62.5
20240312-0500,Mountain View Moffett Field Naval Air Station,"Mountain View, California, US",12.0,7.0,-9999.0,-9999.0,-9999.0,7.5600000000000005,280,-9999,-9999.0,75.0,53.6,71.5
20240312-0600,Mountain View Moffett Field Naval Air Station,"Mountain View, California, US",12.0,7.0,-9999.0,-9999.0,-9999.0,7.5600000000000005,140,-9999,-9999.0,75.0,53.6,71.5
20240312-0700,Mountain View Moffett Field Naval Air Station,"Mountain View, California, US",12.0,6.0,-9999.0,-9999.0,-9999.0,9.360000000000001,140,-9999,-9999.0,70.0,53.6,66.7
20240312-0800,Mountain View Moffett Field Naval Air Station,"Mountain View, California, US",12.0,7.0,-9999.0,-9999.0,-9999.0,11.16,140,-9999,-9999.0,75.0,53.6,71.5
20240312-0900,Mountain View Moffett Field Naval Air Station,"Mountain View, California, US",12.0,6.0,-9999.0,-9999.0,-9999.0,0.0,0,-9999,-9999.0,70.0,53.6,66.7
20240312-1000,Mountain View Moffett Field Naval Air Station,"Mountain View, California, US",11.0,9.0,-9999.0,0.5,-9999.0,0.0,0,-9999,-9999.0,90.0,51.8,87.5
20240312-1100,Mountain View Moffett Field Naval Air Station,"Mountain View, California, US",11.0,9.0,-9999.0,-9999.0,-9999.0,12.959999999999999,140,-9999,-9999.0,90.0,51.8,87.5
20240312-1200,Mountain View Moffett Field Naval Air Station,"Mountain View, California, US",11.0,9.0,-9999.0,-9999.0,-9999.0,18.36,140,-9999,-9999.0,90.0,51.8,87.5
20240312-1300,Mountain View Moffett Field Naval Air Station,"Mountain View, California, US",11.0,9.0,-9999.0,-9999.0,-9999.0,11.16,140,-9999,-9999.0,90.0,51.8,87.5
20240312-1400,Mountain View Moffett Field Naval Air Station,"Mountain View, California, US",11.0,9.0,-9999.0,-9999.0,-9999.0,16.56,140,-9999,-9999.0,90.0,51.8,87.5
20240312-1500,Mountain View Moffett Field Naval Air Station,"Mountain View, California, US",11.0,9.0,-9999.0,-9999.0,-9999.0,20.520000000000003,140,-9999,-9999.0,90.0,51.8,87.5
20240312-1600,Mountain View Moffett Field Naval Air Station,"Mountain View, California, US",12.0,10.0,-9999.0,-9999.0,-9999.0,20.520000000000003,130,-9999,-9999.0,90.0,53.6,87.6
20240312-1700,Mountain View Moffett Field Naval Air Station,"Mountain View, California, US",13.0,10.0,-9999.0,-9999.0,-9999.0,22.32,130,-9999,-9999.0,85.0,55.4,82.0
20240312-1800,Mountain View Moffett Field Naval Air Station,"Mountain View, California, US",14.0,11.0,-9999.0,-9999.0,-9999.0,5.4,-9999,-9999,-9999.0,85.0,57.2,82.1
20240312-1900,Mountain View Moffett Field Naval Air Station,"Mountain View, California, US",14.0,12.0,-9999.0,0.5,-9999.0,5.4,-9999,-9999,-9999.0,90.0,57.2,87.7
20240312-2000,Mountain View Moffett Field Naval Air Station,"Mountain View, California, US",15.0,12.0,-9999.0,-9999.0,-9999.0,12.959999999999999,350,-9999,-9999.0,85.0,59.0,82.2
20240312-2100,Mountain View Moffett Field Naval Air Station,"Mountain View, California, US",16.0,7.0,-9999.0,-9999.0,-9999.0,24.12,340,-9999,-9999.0,55.0,60.8,55.1
20240312-2200,Mountain View Moffett Field Naval Air Station,"Mountain View, California, US",16.0,7.0,-9999.0,-9999.0,-9999.0,24.12,340,-9999,-9999.0,55.0,60.8,55.1
20240312-2300,Mountain View Moffett Field Naval Air Station,"Mountain View, California, US",16.0,6.0,-9999.0,-9999.0,-9999.0,12.959999999999999,290,0,-9999.0,50.0,60.8,51.5
20240313-0000,Mountain View Moffett Field Naval Air Station,"Mountain View, California, US",16.0,7.0,-9999.0,-9999.0,-9999.0,18.36,310,25,-9999.0,55.0,60.8,55.1
20240313-0100,Mountain View Moffett Field Naval Air Station,"Mountain View, California, US",15.0,6.0,-9999.0,-9999.0,-9999.0,14.76,300,25,-9999.0,55.0,59.0,54.9
20240313-0200,Mountain View Moffett Field Naval Air Station,"Mountain View, California, US",14.0,6.0,-9999.0,-9999.0,-9999.0,16.56,290,-9999,-9999.0,60.0,57.2,58.5
20240313-0300,Mountain View Moffett Field Naval Air Station,"Mountain View, California, US",13.0,7.0,-9999.0,-9999.0,-9999.0,14.76,290,-9999,-9999.0,70.0,55.4,66.9
20240313-0400,Mountain View Moffett Field Naval Air Station,"Mountain View, California, US",12.0,8.0,-9999.0,-9999.0,-9999.0,11.16,290,-9999,-9999.0,80.0,53.6,76.5
20240313-0500,Mountain View Moffett Field Naval Air Station,"Mountain View, California, US",12.0,8.0,-9999.0,-9999.0,-9999.0,0.0,0,-9999,-9999.0,80.0,53.6,76.5
20240313-0600,Mountain View Moffett Field Naval Air Station,"Mountain View, California, US",11.0,7.0,-9999.0,-9999.0,-9999.0,0.0,0,-9999,-9999.0,80.0,51.8,76.3
20240313-0700,Mountain View Moffett Field Naval Air Station,"Mountain View, California, US",11.0,7.0,-9999.0,-9999.0,-9999.0,0.0,0,-9999,-9999.0,80.0,51.8,76.3
20240313-0800,Mountain View Moffett Field Naval Air Station,"Mountain View, California, US",11.0,7.0,-9999.0,-9999.0,-9999.0,9.360000000000001,-9999,50,-9999.0,80.0,51.8,76.3
20240313-0900,Mountain View Moffett Field Naval Air Station,"Mountain View, California, US",10.0,6.0,-9999.0,-9999.0,-9999.0,7.5600000000000005,250,0,-9999.0,80.0,50.0,76.2
20240313-1000,Mountain View Moffett Field Naval Air Station,"Mountain View, California, US",9.0,6.0,-9999.0,-9999.0,-9999.0,5.4,200,0,-9999.0,85.0,48.2,81.5
20240313-1100,Mountain View Moffett Field Naval Air Station,"Mountain View, California, US",9.0,6.0,-9999.0,-9999.0,-9999.0,5.4,250,0,-9999.0,85.0,48.2,81.5
20240313-1200,Mountain View Moffett Field Naval Air Station,"Mountain View, California, US",8.0,5.0,-9999.0,-9999.0,-9999.0,0.0,0,0,-9999.0,85.0,46.4,81.3
20240313-1300,Mountain View Moffett Field Naval Air Station,"Mountain View, California, US",8.0,5.0,-9999.0,-9999.0,-9999.0,0.0,0,25,-9999.0,85.0,46.4,81.3
20240313-1400,Mountain View Moffett Field Naval Air Station,"Mountain View, California, US",8.0,6.0,-9999.0,-9999.0,-9999.0,0.0,0,25,-9999.0,90.0,46.4,87.2
20240313-1500,Mountain View Moffett Field Naval Air Station,"Mountain View, California, US",8.0,6.0,-9999.0,-9999.0,-9999.0,5.4,260,-9999,-9999.0,90.0,46.4,87.2
20240313-1600,Mountain View Moffett Field Naval Air Station,"Mountain View, California, US",10.0,6.0,-9999.0,-9999.0,-9999.0,0.0,0,50,-9999.0,80.0,50.0,76.2
20240313-1700,Mountain View Moffett Field Naval Air Station,"Mountain View, California, US",11.0,7.0,-9999.0,-9999.0,-9999.0,7.5600000000000005,-9999,0,-9999.0,80.0,51.8,76.3
20240313-1800,Mountain View Moffett Field Naval Air Station,"Mountain View, California, US",12.0,7.0,-9999.0,-9999.0,-9999.0,12.959999999999999,340,0,-9999.0,75.0,53.6,71.5
20240313-1900,Mountain View Moffett Field Naval Air Station,"Mountain View, California, US",13.0,7.0,-9999.0,-9999.0,-9999.0,16.56,350,0,-9999.0,70.0,55.4,66.9
20240313-2000,Mountain View Moffett Field Naval Air Station,"Mountain View, California, US",14.0,6.0,-9999.0,-9999.0,-9999.0,11.16,360,0,-9999.0,60.0,57.2,58.5
20240313-2100,Mountain View Moffett Field Naval Air Station,"Mountain View, California, US",16.0,6.0,-9999.0,-9999.0,-9999.0,12.959999999999999,10,0,-9999.0,50.0,60.8,51.5
20240313-2200,Mountain View Moffett Field Naval Air Station,"Mountain View, California, US",16.0,7.0,-9999.0,-9999.0,-9999.0,24.12,350,0,-9999.0,55.0,60.8,55.1
20240313-2300,Mountain View Moffett Field Naval Air Station,"Mountain View, California, US",17.0,5.0,-9999.0,-9999.0,-9999.0,9.360000000000001,-9999,0,-9999.0,40.0,62.6,45.0
20240314-0000,Mountain View Moffett Field Naval Air Station,"Mountain View, California, US",18.0,4.0,-9999.0,-9999.0,-9999.0,18.36,310,0,-9999.0,30.0,64.4,39.4
20240314-0100,Mountain View Moffett Field Naval Air Station,"Mountain View, California, US",17.0,4.0,-9999.0,-9999.0,-9999.0,16.56,310,0,-9999.0,35.0,62.6,42.0
20240314-0200,Mountain View Moffett Field Naval Air Station,"Mountain View, California, US",16.0,6.0,-9999.0,-9999.0,-9999.0,9.360000000000001,310,0,-9999.0,50.0,60.8,51.5
20240314-0300,Mountain View Moffett Field Naval Air Station,"Mountain View, California, US",14.0,6.0,-9999.0,-9999.0,-9999.0,7.5600000000000005,320,0,-9999.0,60.0,57.2,58.5
20240314-0400,Mountain View Moffett Field Naval Air Station,"Mountain View, California, US",14.0,6.0,-9999.0,-9999.0,-9999.0,9.360000000000001,280,0,-9999.0,60.0,57.2,58.5
20240314-0500,Mountain View Moffett Field Naval Air Station,"Mountain View, California, US",13.0,6.0,-9999.0,-9999.0,-9999.0,9.360000000000001,-9999,0,-9999.0,65.0,55.4,62.5
20240314-0600,Mountain View Moffett Field Naval Air Station,"Mountain View, California, US",13.0,7.0,-9999.0,-9999.0,-9999.0,7.5600000000000005,290,0,-9999.0,70.0,55.4,66.9
20240314-0700,Mountain View Moffett Field Naval Air Station,"Mountain View, California, US",13.0,6.0,-9999.0,-9999.0,-9999.0,9.360000000000001,250,0,-9999.0,65.0,55.4,62.5
20240314-0800,Mountain View Moffett Field Naval Air Station,"Mountain View, California, US",13.0,5.0,-9999.0,-9999.0,-9999.0,7.5600000000000005,250,0,-9999.0,60.0,55.4,58.3
20240314-0900,Mountain View Moffett Field Naval Air Station,"Mountain View, California, US",12.0,5.0,-9999.0,-9999.0,-9999.0,0.0,0,0,-9999.0,65.0,53.6,62.2
20240314-1000,Mountain View Moffett Field Naval Air Station,"Mountain View, California, US",12.0,2.0,-9999.0,-9999.0,-9999.0,9.360000000000001,-9999,0,-9999.0,50.0,53.6,50.4
20240314-1100,Mountain View Moffett Field Naval Air Station,"Mountain View, California, US",13.0,-2.0,-9999.0,-9999.0,-9999.0,20.520000000000003,350,0,-9999.0,25.0,55.4,35.3
20240314-1200,Mountain View Moffett Field Naval Air Station,"Mountain View, California, US",13.0,-2.0,-9999.0,-9999.0,-9999.0,27.72,350,0,-9999.0,25.0,55.4,35.3
20240314-1300,Mountain View Moffett Field Naval Air Station,"Mountain View, California, US",13.0,-1.0,-9999.0,-9999.0,-9999.0,27.72,340,0,-9999.0,30.0,55.4,38.0
20240314-1400,Mountain View Moffett Field Naval Air Station,"Mountain View, California, US",13.0,-1.0,-9999.0,-9999.0,-9999.0,22.32,330,0,-9999.0,30.0,55.4,38.0
20240314-1500,Mountain View Moffett Field Naval Air Station,"Mountain View, California, US",12.0,-1.0,-9999.0,-9999.0,-9999.0,24.12,340,0,-9999.0,35.0,53.6,40.5
20240314-1600,Mountain View Moffett Field Naval Air Station,"Mountain View, California, US",13.0,0.0,-9999.0,-9999.0,-9999.0,14.76,340,0,-9999.0,35.0,55.4,40.8
20240314-1700,Mountain View Moffett Field Naval Air Station,"Mountain View, California, US",15.0,0.0,-9999.0,-9999.0,-9999.0,25.919999999999998,350,0,-9999.0,25.0,59.0,35.9
20240314-1800,Mountain View Moffett Field Naval Air Station,"Mountain View, California, US",16.0,-2.0,-9999.0,-9999.0,-9999.0,37.08,20,0,-9999.0,10.0,60.8,29.1
20240314-1900,Mountain View Moffett Field Naval Air Station,"Mountain View, California, US",17.0,-2.0,-9999.0,-9999.0,-9999.0,29.52,20,0,-9999.0,5.0,62.6,27.3
20240314-2000,Mountain View Moffett Field Naval Air Station,"Mountain View, California, US",18.0,-1.0,-9999.0,-9999.0,-9999.0,22.32,40,0,-9999.0,5.0,64.4,27.6
20240314-2100,Mountain View Moffett Field Naval Air Station,"Mountain View, California, US",18.0,-1.0,-9999.0,-9999.0,-9999.0,27.72,30,0,-9999.0,5.0,64.4,27.6
20240314-2200,Mountain View Moffett Field Naval Air Station,"Mountain View, California, US",19.0,-1.0,-9999.0,-9999.0,-9999.0,24.12,50,0,-9999.0,0.0,66.2,25.9
20240314-2300,Mountain View Moffett Field Naval Air Station,"Mountain View, California, US",20.0,-3.0,-9999.0,-9999.0,-9999.0,33.480000000000004,20,0,-9999.0,-15.0,68.0,21.0
20240315-0000,Mountain View Moffett Field Naval Air Station,"Mountain View, California, US",20.0,-2.0,-9999.0,-9999.0,-9999.0,25.919999999999998,20,0,-9999.0,-10.0,68.0,22.6
20240315-0100,Mountain View Moffett Field Naval Air Station,"Mountain View, California, US",19.0,-1.0,-9999.0,-9999.0,-9999.0,18.36,20,0,-9999.0,0.0,66.2,25.9
20240315-0200,Mountain View Moffett Field Naval Air Station,"Mountain View, California, US",18.0,0.0,-9999.0,-9999.0,-9999.0,9.360000000000001,30,0,-9999.0,10.0,64.4,29.6
20240315-0300,Mountain View Moffett Field Naval Air Station,"Mountain View, California, US",17.0,-1.0,-9999.0,-9999.0,-9999.0,27.72,30,0,-9999.0,10.0,62.6,29.3
20240315-0400,Mountain View Moffett Field Naval Air Station,"Mountain View, California, US",15.0,3.0,-9999.0,-9999.0,-9999.0,0.0,0,0,-9999.0,40.0,59.0,44.5
20240315-0500,Mountain View Moffett Field Naval Air Station,"Mountain View, California, US",16.0,-1.0,-9999.0,-9999.0,-9999.0,11.16,330,0,-9999.0,15.0,60.8,31.3
20240315-0600,Mountain View Moffett Field Naval Air Station,"Mountain View, California, US",16.0,0.0,-9999.0,-9999.0,-9999.0,16.56,330,0,-9999.0,20.0,60.8,33.6
20240315-0700,Mountain View Moffett Field Naval Air Station,"Mountain View, California, US",14.0,4.0,-9999.0,-9999.0,-9999.0,9.360000000000001,340,0,-9999.0,50.0,57.2,50.9
20240315-0800,Mountain View Moffett Field Naval Air Station,"Mountain View, California, US",13.0,0.0,-9999.0,-9999.0,-9999.0,5.4,230,0,-9999.0,35.0,55.4,40.8
20240315-0900,Mountain View Moffett Field Naval Air Station,"Mountain View, California, US",12.0,1.0,-9999.0,-9999.0,-9999.0,7.5600000000000005,260,0,-9999.0,45.0,53.6,46.9
20240315-1000,Mountain View Moffett Field Naval Air Station,"Mountain View, California, US",12.0,1.0,-9999.0,-9999.0,-9999.0,7.5600000000000005,240,0,-9999.0,45.0,53.6,46.9
20240315-1100,Mountain View Moffett Field Naval Air Station,"Mountain View, California, US",12.0,1.0,-9999.0,-9999.0,-9999.0,5.4,190,0,-9999.0,45.0,53.6,46.9
20240315-1200,Mountain View Moffett Field Naval Air Station,"Mountain View, California, US",12.0,1.0,-9999.0,-9999.0,-9999.0,0.0,0,0,-9999.0,45.0,53.6,46.9
20240315-1300,Mountain View Moffett Field Naval Air Station,"Mountain View, California, US",12.0,0.0,-9999.0,-9999.0,-9999.0,9.360000000000001,220,0,-9999.0,40.0,53.6,43.6
20240315-1400,Mountain View Moffett Field Naval Air Station,"Mountain View, California, US",12.0,0.0,-9999.0,-9999.0,-9999.0,11.16,170,0,-9999.0,40.0,53.6,43.6
20240315-1500,Mountain View Moffett Field Naval Air Station,"Mountain View, California, US",13.0,-1.0,-9999.0,-9999.0,-9999.0,0.0,0,0,-9999.0,30.0,55.4,38.0
20240315-1600,Mountain View Moffett Field Naval Air Station,"Mountain View, California, US",15.0,-1.0,-9999.0,-9999.0,-9999.0,5.4,-9999,0,-9999.0,20.0,59.0,33.3
20240315-1700,Mountain View Moffett Field Naval Air Station,"Mountain View, California, US",16.0,0.0,-9999.0,-9999.0,-9999.0,9.360000000000001,50,0,-9999.0,20.0,60.8,33.6
20240315-1800,Mountain View Moffett Field Naval Air Station,"Mountain View, California, US",16.0,0.0,-9999.0,-9999.0,-9999.0,0.0,0,0,-9999.0,20.0,60.8,33.6
20240315-1900,Mountain View Moffett Field Naval Air Station,"Mountain View, California, US",18.0,0.0,-9999.0,-9999.0,-9999.0,12.959999999999999,350,0,-9999.0,10.0,64.4,29.6
20240315-2000,Mountain View Moffett Field Naval Air Station,"Mountain View, California, US",20.0,2.0,-9999.0,-9999.0,-9999.0,24.12,10,0,-9999.0,10.0,68.0,30.2
20240315-2100,Mountain View Moffett Field Naval Air Station,"Mountain View, California, US",20.0,2.0,-9999.0,-9999.0,-9999.0,24.12,30,0,-9999.0,10.0,68.0,30.2
20240315-2200,Mountain View Moffett Field Naval Air Station,"Mountain View, California, US",21.0,3.0,-9999.0,-9999.0,-9999.0,16.56,30,0,-9999.0,10.0,69.8,30.5
20240315-2300,Mountain View Moffett Field Naval Air Station,"Mountain View, California, US",22.0,2.0,-9999.0,-9999.0,-9999.0,14.76,20,0,-9999.0,0.0,71.6,26.7
20240316-0000,Mountain View Moffett Field Naval Air Station,"Mountain View, California, US",22.0,0.0,-9999.0,-9999.0,-9999.0,9.360000000000001,30,0,-9999.0,-10.0,71.6,23.1
20240316-0100,Mountain View Moffett Field Naval Air Station,"Mountain View, California, US",21.0,2.0,-9999.0,-9999.0,-9999.0,9.360000000000001,20,0,-9999.0,5.0,69.8,28.4
20240316-0200,Mountain View Moffett Field Naval Air Station,"Mountain View, California, US",20.0,2.0,-9999.0,-9999.0,-9999.0,9.360000000000001,40,0,-9999.0,10.0,68.0,30.2
20240316-0300,Mountain View Moffett Field Naval Air Station,"Mountain View, California, US",19.0,3.0,-9999.0,-9999.0,-9999.0,0.0,0,0,-9999.0,20.0,66.2,34.5
20240316-0400,Mountain View Moffett Field Naval Air Station,"Mountain View, California, US",18.0,2.0,-9999.0,-9999.0,-9999.0,5.4,220,0,-9999.0,20.0,64.4,34.2
20240316-0500,Mountain View Moffett Field Naval Air Station,"Mountain View, California, US",15.0,2.0,-9999.0,-9999.0,-9999.0,0.0,0,0,-9999.0,35.0,59.0,41.4
20240316-0600,Mountain View Moffett Field Naval Air Station,"Mountain View, California, US",15.0,5.0,-9999.0,-9999.0,-9999.0,0.0,0,0,-9999.0,50.0,59.0,51.2
20240316-0700,Mountain View Moffett Field Naval Air Station,"Mountain View, California, US",14.0,3.0,-9999.0,-9999.0,-9999.0,7.5600000000000005,170,0,-9999.0,45.0,57.2,47.4
20240316-0800,Mountain View Moffett Field Naval Air Station,"Mountain View, California, US",13.0,3.0,-9999.0,-9999.0,-9999.0,7.5600000000000005,160,0,-9999.0,50.0,55.4,50.6
20240316-0900,Mountain View Moffett Field Naval Air Station,"Mountain View, California, US",11.0,3.0,-9999.0,-9999.0,-9999.0,11.16,130,0,-9999.0,60.0,51.8,57.8
20240316-1000,Mountain View Moffett Field Naval Air Station,"Mountain View, California, US",12.0,3.0,-9999.0,-9999.0,-9999.0,7.5600000000000005,200,0,-9999.0,55.0,53.6,54.1
20240316-1100,Mountain View Moffett Field Naval Air Station,"Mountain View, California, US",10.0,3.0,-9999.0,-9999.0,-9999.0,0.0,0,0,-9999.0,65.0,50.0,61.8
20240316-1200,Mountain View Moffett Field Naval Air Station,"Mountain View, California, US",11.0,3.0,-9999.0,-9999.0,-9999.0,5.4,150,0,-9999.0,60.0,51.8,57.8
20240316-1300,Mountain View Moffett Field Naval Air Station,"Mountain View, California, US",8.0,2.0,-9999.0,-9999.0,-9999.0,9.360000000000001,90,0,-9999.0,70.0,46.4,65.8
20240316-1400,Mountain View Moffett Field Naval Air Station,"Mountain View, California, US",9.0,3.0,-9999.0,-9999.0,-9999.0,0.0,0,0,-9999.0,70.0,48.2,66.0
20240316-1500,Mountain View Moffett Field Naval Air Station,"Mountain View, California, US",10.0,3.0,-9999.0,-9999.0,-9999.0,7.5600000000000005,130,0,-9999.0,65.0,50.0,61.8
20240316-1600,Mountain View Moffett Field Naval Air Station,"Mountain View, California, US",12.0,5.0,-9999.0,-9999.0,-9999.0,9.360000000000001,130,0,-9999.0,65.0,53.6,62.2
20240316-1700,Mountain View Moffett Field Naval Air Station,"Mountain View, California, US",16.0,4.0,-9999.0,-9999.0,-9999.0,9.360000000000001,120,0,-9999.0,40.0,60.8,44.8
20240316-1800,Mountain View Moffett Field Naval Air Station,"Mountain View, California, US",18.0,3.0,-9999.0,-9999.0,-9999.0,0.0,0,0,-9999.0,25.0,64.4,36.7
20240316-1900,Mountain View Moffett Field Naval Air Station,"Mountain View, California, US",19.0,4.0,-9999.0,-9999.0,-9999.0,7.5600000000000005,350,0,-9999.0,25.0,66.2,37.0
20240316-2000,Mountain View Moffett Field Naval Air Station,"Mountain View, California, US",19.0,3.0,-9999.0,-9999.0,-9999.0,14.76,350,0,-9999.0,20.0,66.2,34.5
20240316-2100,Mountain View Moffett Field Naval Air Station,"Mountain View, California, US",19.0,5.0,-9999.0,-9999.0,-9999.0,14.76,350,0,-9999.0,30.0,66.2,39.7
20240316-2200,Mountain View Moffett Field Naval Air Station,"Mountain View, California, US",20.0,7.0,-9999.0,-9999.0,-9999.0,16.56,340,0,-9999.0,35.0,68.0,42.9
20240316-2300,Mountain View Moffett Field Naval Air Station,"Mountain View, California, US",20.0,8.0,-9999.0,-9999.0,-9999.0,22.32,340,0,-9999.0,40.0,68.0,45.9
20240317-0000,Mountain View Moffett Field Naval Air Station,"Mountain View, California, US",19.0,6.0,-9999.0,-9999.0,-9999.0,22.32,350,0,-9999.0,35.0,66.2,42.6
20240317-0100,Mountain View Moffett Field Naval Air Station,"Mountain View, California, US",17.0,10.0,-9999.0,-9999.0,-9999.0,25.919999999999998,350,0,-9999.0,65.0,62.6,63.4
20240317-0200,Mountain View Moffett Field Naval Air Station,"Mountain View, California, US",16.0,11.0,-9999.0,-9999.0,-9999.0,24.12,350,0,-9999.0,75.0,60.8,72.2
20240317-0300,Mountain View Moffett Field Naval Air Station,"Mountain View, California, US",14.0,11.0,-9999.0,-9999.0,-9999.0,20.520000000000003,350,0,-9999.0,85.0,57.2,82.1
20240317-0400,Mountain View Moffett Field Naval Air Station,"Mountain View, California, US",14.0,10.0,-9999.0,-9999.0,-9999.0,16.56,10,0,-9999.0,80.0,57.2,76.8
20240317-0500,Mountain View Moffett Field Naval Air Station,"Mountain View, California, US",13.0,9.0,-9999.0,-9999.0,-9999.0,16.56,360,0,-9999.0,80.0,55.4,76.7
20240317-0600,Mountain View Moffett Field Naval Air Station,"Mountain View, California, US",13.0,9.0,-9999.0,-9999.0,-9999.0,11.16,330,0,-9999.0,80.0,55.4,76.7
20240317-0700,Mountain View Moffett Field Naval Air Station,"Mountain View, California, US",12.0,9.0,-9999.0,-9999.0,-9999.0,5.4,140,0,-9999.0,85.0,53.6,81.9
20240317-0800,Mountain View Moffett Field Naval Air Station,"Mountain View, California, US",12.0,8.0,-9999.0,-9999.0,-9999.0,5.4,190,0,-9999.0,80.0,53.6,76.5
20240317-0900,Mountain View Moffett Field Naval Air Station,"Mountain View, California, US",11.0,7.0,-9999.0,-9999.0,-9999.0,7.5600000000000005,190,0,-9999.0,80.0,51.8,76.3
20240317-1000,Mountain View Moffett Field Naval Air Station,"Mountain View, California, US",10.0,6.0,-9999.0,-9999.0,-9999.0,0.0,0,0,-9999.0,80.0,50.0,76.2
20240317-1100,Mountain View Moffett Field Naval Air Station,"Mountain View, California, US",9.0,6.0,-9999.0,-9999.0,-9999.0,0.0,0,0,-9999.0,85.0,48.2,81.5
20240317-1200,Mountain View Moffett Field Naval Air Station,"Mountain View, California, US",9.0,5.0,-9999.0,-9999.0,-9999.0,0.0,0,0,-9999.0,80.0,48.2,76.0
20240317-1300,Mountain View Moffett Field Naval Air Station,"Mountain View, California, US",8.0,5.0,-9999.0,-9999.0,-9999.0,0.0,0,0,-9999.0,85.0,46.4,81.3
20240317-1400,Mountain View Moffett Field Naval Air Station,"Mountain View, California, US",8.0,5.0,-9999.0,-9999.0,-9999.0,0.0,0,0,-9999.0,85.0,46.4,81.3
20240317-1500,Mountain View Moffett Field Naval Air Station,"Mountain View, California, US",8.0,5.0,-9999.0,-9999.0,-9999.0,0.0,0,0,-9999.0,85.0,46.4,81.3
20240317-1600,Mountain View Moffett Field Naval Air Station,"Mountain View, California, US",11.0,6.0,-9999.0,-9999.0,-9999.0,5.4,120,0,-9999.0,75.0,51.8,71.3
20240317-1700,Mountain View Moffett Field Naval Air Station,"Mountain View, California, US",13.0,7.0,-9999.0,-9999.0,-9999.0,0.0,0,0,-9999.0,70.0,55.4,66.9
20240317-1800,Mountain View Moffett Field Naval Air Station,"Mountain View, California, US",15.0,7.0,-9999.0,-9999.0,-9999.0,0.0,0,0,-9999.0,60.0,59.0,58.8
20240317-1900,Mountain View Moffett Field Naval Air Station,"Mountain View, California, US",16.0,8.0,-9999.0,-9999.0,-9999.0,11.16,360,0,-9999.0,60.0,60.8,59.0
20240317-2000,Mountain View Moffett Field Naval Air Station,"Mountain View, California, US",17.0,8.0,-9999.0,-9999.0,-9999.0,16.56,10,0,-9999.0,55.0,62.6,55.4
20240317-2100,Mountain View Moffett Field Naval Air Station,"Mountain View, California, US",18.0,10.0,-9999.0,-9999.0,-9999.0,18.36,350,0,-9999.0,60.0,64.4,59.5
20240317-2200,Mountain View Moffett Field Naval Air Station,"Mountain View, California, US",18.0,10.0,-9999.0,-9999.0,-9999.0,22.32,340,0,-9999.0,60.0,64.4,59.5
20240317-2300,Mountain View Moffett Field Naval Air Station,"Mountain View, California, US",18.0,11.0,-9999.0,-9999.0,-9999.0,22.32,340,0,-9999.0,65.0,64.4,63.6
20240318-0000,Mountain View Moffett Field Naval Air Station,"Mountain View, California, US",17.0,10.0,-9999.0,-9999.0,-9999.0,24.12,350,0,-9999.0,65.0,62.6,63.4
20240318-0100,Mountain View Moffett Field Naval Air Station,"Mountain View, California, US",17.0,9.0,-9999.0,-9999.0,-9999.0,22.32,340,0,-9999.0,60.0,62.6,59.3
20240318-0200,Mountain View Moffett Field Naval Air Station,"Mountain View, California, US",15.0,9.0,-9999.0,-9999.0,-9999.0,20.520000000000003,350,0,-9999.0,70.0,59.0,67.3
20240318-0300,Mountain View Moffett Field Naval Air Station,"Mountain View, California, US",14.0,10.0,-9999.0,-9999.0,-9999.0,14.76,350,0,-9999.0,80.0,57.2,76.8
20240318-0400,Mountain View Moffett Field Naval Air Station,"Mountain View, California, US",14.0,8.0,-9999.0,-9999.0,-9999.0,12.959999999999999,340,0,-9999.0,70.0,57.2,67.1
20240318-0500,Mountain View Moffett Field Naval Air Station,"Mountain View, California, US",14.0,7.0,-9999.0,-9999.0,-9999.0,0.0,0,0,-9999.0,65.0,57.2,62.7
20240318-0600,Mountain View Moffett Field Naval Air Station,"Mountain View, California, US",13.0,8.0,-9999.0,-9999.0,-9999.0,5.4,170,0,-9999.0,75.0,55.4,71.6
20240318-0700,Mountain View Moffett Field Naval Air Station,"Mountain View, California, US",12.0,8.0,-9999.0,-9999.0,-9999.0,0.0,0,0,-9999.0,80.0,53.6,76.5
20240318-0800,Mountain View Moffett Field Naval Air Station,"Mountain View, California, US",11.0,8.0,-9999.0,-9999.0,-9999.0,0.0,0,0,-9999.0,85.0,51.8,81.7
20240318-0900,Mountain View Moffett Field Naval Air Station,"Mountain View, California, US",10.0,7.0,-9999.0,-9999.0,-9999.0,0.0,0,0,-9999.0,85.0,50.0,81.6
20240318-1000,Mountain View Moffett Field Naval Air Station,"Mountain View, California, US",10.0,5.0,-9999.0,-9999.0,-9999.0,0.0,0,0,-9999.0,75.0,50.0,71.1
20240318-1100,Mountain View Moffett Field Naval Air Station,"Mountain View, California, US",9.0,5.0,-9999.0,-9999.0,-9999.0,0.0,0,0,-9999.0,80.0,48.2,76.0
20240318-1200,Mountain View Moffett Field Naval Air Station,"Mountain View, California, US",9.0,5.0,-9999.0,-9999.0,-9999.0,0.0,0,0,-9999.0,80.0,48.2,76.0
20240318-1300,Mountain View Moffett Field Naval Air Station,"Mountain View, California, US",9.0,4.0,-9999.0,-9999.0,-9999.0,0.0,0,0,-9999.0,75.0,48.2,70.9
20240318-1400,Mountain View Moffett Field Naval Air Station,"Mountain View, California, US",8.0,5.0,-9999.0,-9999.0,-9999.0,0.0,0,50,-9999.0,85.0,46.4,81.3
20240318-1500,Mountain View Moffett Field Naval Air Station,"Mountain View, California, US",9.0,6.0,-9999.0,-9999.0,-9999.0,0.0,0,50,-9999.0,85.0,48.2,81.5
20240318-1600,Mountain View Moffett Field Naval Air Station,"Mountain View, California, US",12.0,7.0,-9999.0,-9999.0,-9999.0,0.0,0,0,-9999.0,75.0,53.6,71.5
20240318-1700,Mountain View Moffett Field Naval Air Station,"Mountain View, California, US",13.0,9.0,-9999.0,-9999.0,-9999.0,5.4,30,0,-9999.0,80.0,55.4,76.7
20240318-1800,Mountain View Moffett Field Naval Air Station,"Mountain View, California, US",14.0,10.0,-9999.0,-9999.0,-9999.0,7.5600000000000005,20,0,-9999.0,80.0,57.2,76.8
20240318-1900,Mountain View Moffett Field Naval Air Station,"Mountain View, California, US",15.0,10.0,-9999.0,-9999.0,-9999.0,11.16,20,0,-9999.0,75.0,59.0,72.0
20240318-2000,Mountain View Moffett Field Naval Air Station,"Mountain View, California, US",16.0,10.0,-9999.0,-9999.0,-9999.0,12.959999999999999,350,0,-9999.0,70.0,60.8,67.5
20240318-2100,Mountain View Moffett Field Naval Air Station,"Mountain View, California, US",17.0,8.0,-9999.0,-9999.0,-9999.0,14.76,360,0,-9999.0,55.0,62.6,55.4
20240318-2200,Mountain View Moffett Field Naval Air Station,"Mountain View, California, US",18.0,10.0,-9999.0,-9999.0,-9999.0,14.76,340,0,-9999.0,60.0,64.4,59.5
20240318-2300,Mountain View Moffett Field Naval Air Station,"Mountain View, California, US",19.0,11.0,-9999.0,-9999.0,-9999.0,16.56,350,0,-9999.0,60.0,66.2,59.7
20240319-0000,Mountain View Moffett Field Naval Air Station,"Mountain View, California, US",18.0,11.0,-9999.0,-9999.0,-9999.0,20.520000000000003,350,0,-9999.0,65.0,64.4,63.6
20240319-0100,Mountain View Moffett Field Naval Air Station,"Mountain View, California, US",17.0,11.0,-9999.0,-9999.0,-9999.0,16.56,330,0,-9999.0,70.0,62.6,67.7
20240319-0200,Mountain View Moffett Field Naval Air Station,"Mountain View, California, US",15.0,11.0,-9999.0,-9999.0,-9999.0,14.76,340,0,-9999.0,80.0,59.0,77.0
20240319-0300,Mountain View Moffett Field Naval Air Station,"Mountain View, California, US",15.0,11.0,-9999.0,-9999.0,-9999.0,9.360000000000001,330,0,-9999.0,80.0,59.0,77.0
20240319-0400,Mountain View Moffett Field Naval Air Station,"Mountain View, California, US",14.0,11.0,-9999.0,-9999.0,-9999.0,9.360000000000001,340,0,-9999.0,85.0,57.2,82.1
20240319-0500,Mountain View Moffett Field Naval Air Station,"Mountain View, California, US",13.0,11.0,-9999.0,-9999.0,-9999.0,7.5600000000000005,330,0,-9999.0,90.0,55.4,87.6
20240319-0600,Mountain View Moffett Field Naval Air Station,"Mountain View, California, US",13.0,11.0,-9999.0,-9999.0,-9999.0,14.76,340,50,-9999.0,90.0,55.4,87.6
20240319-0700,Mountain View Moffett Field Naval Air Station,"Mountain View, California, US",12.0,11.0,-9999.0,-9999.0,-9999.0,11.16,340,-9999,-9999.0,95.0,53.6,93.6
20240319-0800,Mountain View Moffett Field Naval Air Station,"Mountain View, California, US",12.0,10.0,-9999.0,-9999.0,-9999.0,11.16,350,-9999,-9999.0,90.0,53.6,87.6
20240319-0900,Mountain View Moffett Field Naval Air Station,"Mountain View, California, US",12.0,10.0,-9999.0,-9999.0,-9999.0,0.0,0,-9999,-9999.0,90.0,53.6,87.6
20240319-1000,Mountain View Moffett Field Naval Air Station,"Mountain View, California, US",12.0,10.0,-9999.0,-9999.0,-9999.0,7.5600000000000005,340,-9999,-9999.0,90.0,53.6,87.6
20240319-1100,Mountain View Moffett Field Naval Air Station,"Mountain View, California, US",12.0,10.0,-9999.0,-9999.0,-9999.0,7.5600000000000005,10,-9999,-9999.0,90.0,53.6,87.6
20240319-1200,Mountain View Moffett Field Naval Air Station,"Mountain View, California, US",12.0,10.0,-9999.0,-9999.0,-9999.0,0.0,0,-9999,-9999.0,90.0,53.6,87.6
20240319-1300,Mountain View Moffett Field Naval Air Station,"Mountain View, California, US",12.0,10.0,-9999.0,-9999.0,-9999.0,0.0,0,-9999,-9999.0,90.0,53.6,87.6
20240319-1400,Mountain View Moffett Field Naval Air Station,"Mountain View, California, US",12.0,10.0,-9999.0,-9999.0,-9999.0,7.5600000000000005,20,-9999,-9999.0,90.0,53.6,87.6
20240319-1500,Mountain View Moffett Field Naval Air Station,"Mountain View, California, US",11.0,9.0,-9999.0,-9999.0,-9999.0,0.0,0,-9999,-9999.0,90.0,51.8,87.5
20240319-1600,Mountain View Moffett Field Naval Air Station,"Mountain View, California, US",12.0,9.0,-9999.0,-9999.0,-9999.0,0.0,0,-9999,-9999.0,85.0,53.6,81.9
20240319-1700,Mountain View Moffett Field Naval Air Station,"Mountain View, California, US",13.0,9.0,-9999.0,-9999.0,-9999.0,0.0,0,-9999,-9999.0,80.0,55.4,76.7
20240319-1800,Mountain View Moffett Field Naval Air Station,"Mountain View, California, US",14.0,10.0,-9999.0,-9999.0,-9999.0,7.5600000000000005,30,0,-9999.0,80.0,57.2,76.8
20240319-1900,Mountain View Moffett Field Naval Air Station,"Mountain View, California, US",15.0,10.0,-9999.0,-9999.0,-9999.0,5.4,-9999,0,-9999.0,75.0,59.0,72.0
20240319-2000,Mountain View Moffett Field Naval Air Station,"Mountain View, California, US",16.0,11.0,-9999.0,-9999.0,-9999.0,11.16,10,0,-9999.0,75.0,60.8,72.2
20240319-2100,Mountain View Moffett Field Naval Air Station,"Mountain View, California, US",17.0,11.0,-9999.0,-9999.0,-9999.0,12.959999999999999,350,0,-9999.0,70.0,62.6,67.7
20240319-2200,Mountain View Moffett Field Naval Air Station,"Mountain View, California, US",18.0,11.0,-9999.0,-9999.0,-9999.0,18.36,350,0,-9999.0,65.0,64.4,63.6
20240319-2300,Mountain View Moffett Field Naval Air Station,"Mountain View, California, US",18.0,11.0,-9999.0,-9999.0,-9999.0,22.32,340,0,-9999.0,65.0,64.4,63.6
20240320-0000,Mountain View Moffett Field Naval Air Station,"Mountain View, California, US",17.0,11.0,-9999.0,-9999.0,-9999.0,25.919999999999998,340,0,-9999.0,70.0,62.6,67.7
20240320-0100,Mountain View Moffett Field Naval Air Station,"Mountain View, California, US",16.0,10.0,-9999.0,-9999.0,-9999.0,20.520000000000003,340,0,-9999.0,70.0,60.8,67.5
20240320-0200,Mountain View Moffett Field Naval Air Station,"Mountain View, California, US",15.0,10.0,-9999.0,-9999.0,-9999.0,14.76,330,0,-9999.0,75.0,59.0,72.0
20240320-0300,Mountain View Moffett Field Naval Air Station,"Mountain View, California, US",14.0,10.0,-9999.0,-9999.0,-9999.0,16.56,360,0,-9999.0,80.0,57.2,76.8
20240320-0400,Mountain View Moffett Field Naval Air Station,"Mountain View, California, US",13.0,10.0,-9999.0,-9999.0,-9999.0,12.959999999999999,10,0,-9999.0,85.0,55.4,82.0
20240320-0500,Mountain View Moffett Field Naval Air Station,"Mountain View, California, US",12.0,9.0,-9999.0,-9999.0,-9999.0,9.360000000000001,20,0,-9999.0,85.0,53.6,81.9
20240320-0600,Mountain View Moffett Field Naval Air Station,"Mountain View, California, US",11.0,9.0,-9999.0,-9999.0,-9999.0,5.4,40,0,-9999.0,90.0,51.8,87.5
20240320-0700,Mountain View Moffett Field Naval Air Station,"Mountain View, California, US",11.0,9.0,-9999.0,-9999.0,-9999.0,7.5600000000000005,40,0,-9999.0,90.0,51.8,87.5
20240320-0800,Mountain View Moffett Field Naval Air Station,"Mountain View, California, US",11.0,9.0,-9999.0,-9999.0,-9999.0,7.5600000000000005,40,0,-9999.0,90.0,51.8,87.5
20240320-0900,Mountain View Moffett Field Naval Air Station,"Mountain View, California, US",11.0,9.0,-9999.0,-9999.0,-9999.0,7.5600000000000005,360,0,-9999.0,90.0,51.8,87.5
20240320-1000,Mountain View Moffett Field Naval Air Station,"Mountain View, California, US",10.0,9.0,-9999.0,-9999.0,-9999.0,0.0,0,0,-9999.0,95.0,50.0,93.5
20240320-1100,Mountain View Moffett Field Naval Air Station,"Mountain View, California, US",9.0,8.0,-9999.0,-9999.0,-9999.0,0.0,0,0,-9999.0,95.0,48.2,93.4
20240320-1200,Mountain View Moffett Field Naval Air Station,"Mountain View, California, US",9.0,8.0,-9999.0,-9999.0,-9999.0,0.0,0,-9999,-9999.0,95.0,48.2,93.4
20240320-1300,Mountain View Moffett Field Naval Air Station,"Mountain View, California, US",8.0,7.0,-9999.0,-9999.0,-9999.0,0.0,0,0,-9999.0,95.0,46.4,93.4
20240320-1400,Mountain View Moffett Field Naval Air Station,"Mountain View, California, US",10.0,8.0,-9999.0,-9999.0,-9999.0,5.4,160,50,-9999.0,90.0,50.0,87.4
20240320-1500,Mountain View Moffett Field Naval Air Station,"Mountain View, California, US",10.0,9.0,-9999.0,-9999.0,-9999.0,0.0,0,0,-9999.0,95.0,50.0,93.5
20240320-1600,Mountain View Moffett Field Naval Air Station,"Mountain View, California, US",12.0,10.0,-9999.0,-9999.0,-9999.0,0.0,0,0,-9999.0,90.0,53.6,87.6
20240320-1700,Mountain View Moffett Field Naval Air Station,"Mountain View, California, US",13.0,10.0,-9999.0,-9999.0,-9999.0,0.0,0,0,-9999.0,85.0,55.4,82.0
20240320-1800,Mountain View Moffett Field Naval Air Station,"Mountain View, California, US",14.0,10.0,-9999.0,-9999.0,-9999.0,7.5600000000000005,350,0,-9999.0,80.0,57.2,76.8
20240320-1900,Mountain View Moffett Field Naval Air Station,"Mountain View, California, US",16.0,10.0,-9999.0,-9999.0,-9999.0,12.959999999999999,360,0,-9999.0,70.0,60.8,67.5
20240320-2000,Mountain View Moffett Field Naval Air Station,"Mountain View, California, US",16.0,10.0,-9999.0,-9999.0,-9999.0,-9999.0,-9999,0,-9999.0,70.0,60.8,67.5
20240320-2100,Mountain View Moffett Field Naval Air Station,"Mountain View, California, US",16.0,11.0,-9999.0,-9999.0,-9999.0,27.72,340,0,-9999.0,75.0,60.8,72.2
20240320-2200,Mountain View Moffett Field Naval Air Station,"Mountain View, California, US",17.0,11.0,-9999.0,-9999.0,-9999.0,20.520000000000003,350,0,-9999.0,70.0,62.6,67.7
20240320-2300,Mountain View Moffett Field Naval Air Station,"Mountain View, California, US",17.0,9.0,-9999.0,-9999.0,-9999.0,18.36,330,0,-9999.0,60.0,62.6,59.3
20240321-0000,Mountain View Moffett Field Naval Air Station,"Mountain View, California, US",17.0,8.0,-9999.0,-9999.0,-9999.0,16.56,340,0,-9999.0,55.0,62.6,55.4
20240321-0100,Mountain View Moffett Field Naval Air Station,"Mountain View, California, US",16.0,9.0,-9999.0,-9999.0,-9999.0,14.76,340,0,-9999.0,65.0,60.8,63.1
20240321-0200,Mountain View Moffett Field Naval Air Station,"Mountain View, California, US",15.0,10.0,-9999.0,-9999.0,-9999.0,25.919999999999998,360,0,-9999.0,75.0,59.0,72.0
20240321-0300,Mountain View Moffett Field Naval Air Station,"Mountain View, California, US",14.0,8.0,-9999.0,-9999.0,-9999.0,16.56,330,0,-9999.0,70.0,57.2,67.1
20240321-0400,Mountain View Moffett Field Naval Air Station,"Mountain View, California, US",13.0,8.0,-9999.0,-9999.0,-9999.0,11.16,330,0,-9999.0,75.0,55.4,71.6
20240321-0500,Mountain View Moffett Field Naval Air Station,"Mountain View, California, US",13.0,8.0,-9999.0,-9999.0,-9999.0,0.0,0,-9999,-9999.0,75.0,55.4,71.6
20240321-0600,Mountain View Moffett Field Naval Air Station,"Mountain View, California, US",12.0,7.0,-9999.0,-9999.0,-9999.0,7.5600000000000005,360,0,-9999.0,75.0,53.6,71.5
20240321-0700,Mountain View Moffett Field Naval Air Station,"Mountain View, California, US",12.0,7.0,-9999.0,-9999.0,-9999.0,0.0,0,0,-9999.0,75.0,53.6,71.5
20240321-0800,Mountain View Moffett Field Naval Air Station,"Mountain View, California, US",11.0,7.0,-9999.0,-9999.0,-9999.0,0.0,0,0,-9999.0,80.0,51.8,76.3
20240321-0900,Mountain View Moffett Field Naval Air Station,"Mountain View, California, US",11.0,7.0,-9999.0,-9999.0,-9999.0,0.0,0,0,-9999.0,80.0,51.8,76.3
20240321-1000,Mountain View Moffett Field Naval Air Station,"Mountain View, California, US",11.0,7.0,-9999.0,-9999.0,-9999.0,0.0,0,0,-9999.0,80.0,51.8,76.3
20240321-1100,Mountain View Moffett Field Naval Air Station,"Mountain View, California, US",11.0,7.0,-9999.0,-9999.0,-9999.0,0.0,0,-9999,-9999.0,80.0,51.8,76.3
20240321-1200,Mountain View Moffett Field Naval Air Station,"Mountain View, California, US",11.0,7.0,-9999.0,-9999.0,-9999.0,0.0,0,-9999,-9999.0,80.0,51.8,76.3
20240321-1300,Mountain View Moffett Field Naval Air Station,"Mountain View, California, US",10.0,7.0,-9999.0,-9999.0,-9999.0,0.0,0,50,-9999.0,85.0,50.0,81.6
20240321-1400,Mountain View Moffett Field Naval Air Station,"Mountain View, California, US",11.0,7.0,-9999.0,-9999.0,-9999.0,5.4,140,-9999,-9999.0,80.0,51.8,76.3
20240321-1500,Mountain View Moffett Field Naval Air Station,"Mountain View, California, US",11.0,7.0,-9999.0,-9999.0,-9999.0,9.360000000000001,120,50,-9999.0,80.0,51.8,76.3
20240321-1600,Mountain View Moffett Field Naval Air Station,"Mountain View, California, US",13.0,8.0,-9999.0,-9999.0,-9999.0,0.0,0,25,-9999.0,75.0,55.4,71.6
20240321-1700,Mountain View Moffett Field Naval Air Station,"Mountain View, California, US",16.0,8.0,-9999.0,-9999.0,-9999.0,0.0,0,0,-9999.0,60.0,60.8,59.0
20240321-1800,Mountain View Moffett Field Naval Air Station,"Mountain View, California, US",16.0,9.0,-9999.0,-9999.0,-9999.0,7.5600000000000005,360,0,-9999.0,65.0,60.8,63.1
20240321-1900,Mountain View Moffett Field Naval Air Station,"Mountain View, California, US",17.0,10.0,-9999.0,-9999.0,-9999.0,12.959999999999999,20,0,-9999.0,65.0,62.6,63.4
20240321-2300,Mountain View Moffett Field Naval Air Station,"Mountain View, California, US",18.0,11.0,-9999.0,-9999.0,-9999.0,24.12,330,0,-9999.0,65.0,64.4,63.6
20240322-0000,Mountain View Moffett Field Naval Air Station,"Mountain View, California, US",18.0,10.0,-9999.0,-9999.0,-9999.0,20.520000000000003,340,0,-9999.0,60.0,64.4,59.5
20240322-0100,Mountain View Moffett Field Naval Air Station,"Mountain View, California, US",17.0,11.0,-9999.0,-9999.0,-9999.0,22.32,350,0,-9999.0,70.0,62.6,67.7
20240322-0200,Mountain View Moffett Field Naval Air Station,"Mountain View, California, US",16.0,12.0,-9999.0,-9999.0,-9999.0,24.12,360,0,-9999.0,80.0,60.8,77.1
20240322-0300,Mountain View Moffett Field Naval Air Station,"Mountain View, California, US",15.0,12.0,-9999.0,-9999.0,-9999.0,16.56,350,0,-9999.0,85.0,59.0,82.2
20240322-0400,Mountain View Moffett Field Naval Air Station,"Mountain View, California, US",15.0,12.0,-9999.0,-9999.0,-9999.0,12.959999999999999,340,0,-9999.0,85.0,59.0,82.2
20240322-0500,Mountain View Moffett Field Naval Air Station,"Mountain View, California, US",14.0,11.0,-9999.0,-9999.0,-9999.0,9.360000000000001,350,0,-9999.0,85.0,57.2,82.1
20240322-0600,Mountain View Moffett Field Naval Air Station,"Mountain View, California, US",13.0,11.0,-9999.0,-9999.0,-9999.0,7.5600000000000005,360,0,-9999.0,90.0,55.4,87.6
20240322-0700,Mountain View Moffett Field Naval Air Station,"Mountain View, California, US",13.0,11.0,-9999.0,-9999.0,-9999.0,5.4,20,0,-9999.0,90.0,55.4,87.6
20240322-0800,Mountain View Moffett Field Naval Air Station,"Mountain View, California, US",13.0,10.0,-9999.0,-9999.0,-9999.0,0.0,0,0,-9999.0,85.0,55.4,82.0
20240322-0900,Mountain View Moffett Field Naval Air Station,"Mountain View, California, US",13.0,10.0,-9999.0,-9999.0,-9999.0,0.0,0,0,-9999.0,85.0,55.4,82.0
20240322-1000,Mountain View Moffett Field Naval Air Station,"Mountain View, California, US",13.0,10.0,-9999.0,-9999.0,-9999.0,0.0,0,0,-9999.0,85.0,55.4,82.0
20240322-1100,Mountain View Moffett Field Naval Air Station,"Mountain View, California, US",13.0,9.0,-9999.0,-9999.0,-9999.0,0.0,0,0,-9999.0,80.0,55.4,76.7
20240322-1200,Mountain View Moffett Field Naval Air Station,"Mountain View, California, US",12.0,9.0,-9999.0,-9999.0,-9999.0,0.0,0,0,-9999.0,85.0,53.6,81.9
20240322-1300,Mountain View Moffett Field Naval Air Station,"Mountain View, California, US",11.0,9.0,-9999.0,-9999.0,-9999.0,7.5600000000000005,-9999,0,-9999.0,90.0,51.8,87.5
20240322-1400,Mountain View Moffett Field Naval Air Station,"Mountain View, California, US",11.0,8.0,-9999.0,-9999.0,-9999.0,9.360000000000001,150,0,-9999.0,85.0,51.8,81.7
20240322-1500,Mountain View Moffett Field Naval Air Station,"Mountain View, California, US",12.0,8.0,-9999.0,-9999.0,-9999.0,12.959999999999999,140,0,-9999.0,80.0,53.6,76.5
20240322-1600,Mountain View Moffett Field Naval Air Station,"Mountain View, California, US",13.0,9.0,-9999.0,-9999.0,-9999.0,7.5600000000000005,130,0,-9999.0,80.0,55.4,76.7
20240322-1700,Mountain View Moffett Field Naval Air Station,"Mountain View, California, US",15.0,10.0,-9999.0,-9999.0,-9999.0,12.959999999999999,120,0,-9999.0,75.0,59.0,72.0
20240322-1800,Mountain View Moffett Field Naval Air Station,"Mountain View, California, US",18.0,10.0,-9999.0,-9999.0,-9999.0,14.76,70,-9999,-9999.0,60.0,64.4,59.5
20240322-1900,Mountain View Moffett Field Naval Air Station,"Mountain View, California, US",18.0,10.0,-9999.0,-9999.0,-9999.0,16.56,130,-9999,-9999.0,60.0,64.4,59.5
20240322-2000,Mountain View Moffett Field Naval Air Station,"Mountain View, California, US",20.0,9.0,-9999.0,-9999.0,-9999.0,16.56,180,-9999,-9999.0,45.0,68.0,49.1
20240322-2100,Mountain View Moffett Field Naval Air Station,"Mountain View, California, US",19.0,9.0,-9999.0,-9999.0,-9999.0,12.959999999999999,190,0,-9999.0,50.0,66.2,52.2
20240322-2200,Mountain View Moffett Field Naval Air Station,"Mountain View, California, US",19.0,8.0,-9999.0,-9999.0,-9999.0,20.520000000000003,220,-9999,-9999.0,45.0,66.2,48.8
20240322-2300,Mountain View Moffett Field Naval Air Station,"Mountain View, California, US",18.0,8.0,-9999.0,-9999.0,-9999.0,20.520000000000003,200,-9999,-9999.0,50.0,64.4,52.0
20240323-0000,Mountain View Moffett Field Naval Air Station,"Mountain View, California, US",18.0,8.0,-9999.0,-9999.0,-9999.0,20.520000000000003,200,-9999,-9999.0,50.0,64.4,52.0
20240323-0100,Mountain View Moffett Field Naval Air Station,"Mountain View, California, US",17.0,8.0,-9999.0,-9999.0,-9999.0,20.520000000000003,200,-9999,-9999.0,55.0,62.6,55.4
20240323-0200,Mountain View Moffett Field Naval Air Station,"Mountain View, California, US",16.0,8.0,-9999.0,-9999.0,-9999.0,18.36,210,-9999,-9999.0,60.0,60.8,59.0
20240323-0300,Mountain View Moffett Field Naval Air Station,"Mountain View, California, US",16.0,9.0,-9999.0,-9999.0,-9999.0,11.16,-9999,-9999,-9999.0,65.0,60.8,63.1
20240323-0400,Mountain View Moffett Field Naval Air Station,"Mountain View, California, US",13.0,10.0,-9999.0,3.3,-9999.0,16.56,270,-9999,-9999.0,85.0,55.4,82.0
20240323-0500,Mountain View Moffett Field Naval Air Station,"Mountain View, California, US",11.0,9.0,-9999.0,3.0,-9999.0,5.4,260,-9999,-9999.0,90.0,51.8,87.5
20240323-0600,Mountain View Moffett Field Naval Air Station,"Mountain View, California, US",11.0,10.0,-9999.0,2.5,-9999.0,0.0,0,-9999,-9999.0,95.0,51.8,93.5
20240323-0700,Mountain View Moffett Field Naval Air Station,"Mountain View, California, US",11.0,9.0,-9999.0,2.8,-9999.0,5.4,200,-9999,-9999.0,90.0,51.8,87.5
20240323-0800,Mountain View Moffett Field Naval Air Station,"Mountain View, California, US",10.0,9.0,-9999.0,0.5,-9999.0,7.5600000000000005,140,-9999,-9999.0,95.0,50.0,93.5
20240323-0900,Mountain View Moffett Field Naval Air Station,"Mountain View, California, US",10.0,9.0,-9999.0,-9999.0,-9999.0,7.5600000000000005,120,-9999,-9999.0,95.0,50.0,93.5
20240323-1000,Mountain View Moffett Field Naval Air Station,"Mountain View, California, US",10.0,9.0,-9999.0,-9999.0,-9999.0,9.360000000000001,180,50,-9999.0,95.0,50.0,93.5
20240323-1100,Mountain View Moffett Field Naval Air Station,"Mountain View, California, US",10.0,9.0,-9999.0,-9999.0,-9999.0,5.4,150,-9999,-9999.0,95.0,50.0,93.5
20240323-1200,Mountain View Moffett Field Naval Air Station,"Mountain View, California, US",10.0,9.0,-9999.0,0.5,-9999.0,0.0,0,-9999,-9999.0,95.0,50.0,93.5
20240323-1300,Mountain View Moffett Field Naval Air Station,"Mountain View, California, US",10.0,9.0,-9999.0,-9999.0,-9999.0,11.16,130,-9999,-9999.0,95.0,50.0,93.5
20240323-1400,Mountain View Moffett Field Naval Air Station,"Mountain View, California, US",10.0,9.0,-9999.0,0.3,-9999.0,9.360000000000001,140,-9999,-9999.0,95.0,50.0,93.5
20240323-1500,Mountain View Moffett Field Naval Air Station,"Mountain View, California, US",10.0,9.0,-9999.0,0.3,-9999.0,7.5600000000000005,-9999,-9999,-9999.0,95.0,50.0,93.5
20240323-1600,Mountain View Moffett Field Naval Air Station,"Mountain View, California, US",11.0,10.0,-9999.0,0.3,-9999.0,9.360000000000001,150,-9999,-9999.0,95.0,51.8,93.5
20240323-1700,Mountain View Moffett Field Naval Air Station,"Mountain View, California, US",13.0,10.0,-9999.0,-9999.0,-9999.0,14.76,130,-9999,-9999.0,85.0,55.4,82.0
20240323-1800,Mountain View Moffett Field Naval Air Station,"Mountain View, California, US",13.0,9.0,-9999.0,-9999.0,-9999.0,11.16,180,25,-9999.0,80.0,55.4,76.7
20240323-1900,Mountain View Moffett Field Naval Air Station,"Mountain View, California, US",13.0,8.0,-9999.0,-9999.0,-9999.0,14.76,240,-9999,-9999.0,75.0,55.4,71.6
20240323-2000,Mountain View Moffett Field Naval Air Station,"Mountain View, California, US",14.0,8.0,-9999.0,-9999.0,-9999.0,24.12,260,50,-9999.0,70.0,57.2,67.1
20240323-2100,Mountain View Moffett Field Naval Air Station,"Mountain View, California, US",16.0,7.0,-9999.0,-9999.0,-9999.0,22.32,280,50,-9999.0,55.0,60.8,55.1
20240323-2200,Mountain View Moffett Field Naval Air Station,"Mountain View, California, US",16.0,6.0,-9999.0,-9999.0,-9999.0,18.36,280,50,-9999.0,50.0,60.8,51.5
20240323-2300,Mountain View Moffett Field Naval Air Station,"Mountain View, California, US",15.0,6.0,-9999.0,-9999.0,-9999.0,27.72,230,-9999,-9999.0,55.0,59.0,54.9
20240324-0000,Mountain View Moffett Field Naval Air Station,"Mountain View, California, US",15.0,6.0,-9999.0,-9999.0,-9999.0,16.56,230,-9999,-9999.0,55.0,59.0,54.9
20240324-0100,Mountain View Moffett Field Naval Air Station,"Mountain View, California, US",13.0,6.0,-9999.0,-9999.0,-9999.0,27.72,250,25,-9999.0,65.0,55.4,62.5
20240324-0200,Mountain View Moffett Field Naval Air Station,"Mountain View, California, US",13.0,8.0,-9999.0,-9999.0,-9999.0,14.76,270,-9999,-9999.0,75.0,55.4,71.6
20240324-0300,Mountain View Moffett Field Naval Air Station,"Mountain View, California, US",11.0,8.0,-9999.0,-9999.0,-9999.0,0.0,0,-9999,-9999.0,85.0,51.8,81.7
20240324-0400,Mountain View Moffett Field Naval Air Station,"Mountain View, California, US",11.0,8.0,-9999.0,-9999.0,-9999.0,0.0,0,-9999,-9999.0,85.0,51.8,81.7
20240324-0500,Mountain View Moffett Field Naval Air Station,"Mountain View, California, US",10.0,8.0,-9999.0,0.7,-9999.0,0.0,0,-9999,-9999.0,90.0,50.0,87.4
20240324-0600,Mountain View Moffett Field Naval Air Station,"Mountain View, California, US",10.0,9.0,-9999.0,0.5,-9999.0,5.4,240,-9999,-9999.0,95.0,50.0,93.5
20240324-0700,Mountain View Moffett Field Naval Air Station,"Mountain View, California, US",10.0,9.0,-9999.0,0.5,-9999.0,0.0,0,-9999,-9999.0,95.0,50.0,93.5
20240324-0800,Mountain View Moffett Field Naval Air Station,"Mountain View, California, US",10.0,9.0,-9999.0,0.8,-9999.0,7.5600000000000005,190,-9999,-9999.0,95.0,50.0,93.5
20240324-0900,Mountain View Moffett Field Naval Air Station,"Mountain View, California, US",10.0,9.0,-9999.0,0.3,-9999.0,0.0,0,-9999,-9999.0,95.0,50.0,93.5
20240324-1000,Mountain View Moffett Field Naval Air Station,"Mountain View, California, US",10.0,9.0,-9999.0,0.3,-9999.0,7.5600000000000005,260,-9999,-9999.0,95.0,50.0,93.5
20240324-1100,Mountain View Moffett Field Naval Air Station,"Mountain View, California, US",10.0,9.0,-9999.0,0.5,-9999.0,0.0,0,-9999,-9999.0,95.0,50.0,93.5
20240324-1200,Mountain View Moffett Field Naval Air Station,"Mountain View, California, US",10.0,8.0,-9999.0,0.5,-9999.0,7.5600000000000005,-9999,-9999,-9999.0,90.0,50.0,87.4
20240324-1300,Mountain View Moffett Field Naval Air Station,"Mountain View, California, US",9.0,8.0,-9999.0,-9999.0,-9999.0,0.0,0,-9999,-9999.0,95.0,48.2,93.4
20240324-1400,Mountain View Moffett Field Naval Air Station,"Mountain View, California, US",9.0,8.0,-9999.0,0.8,-9999.0,7.5600000000000005,260,-9999,-9999.0,95.0,48.2,93.4
20240324-1500,Mountain View Moffett Field Naval Air Station,"Mountain View, California, US",10.0,8.0,-9999.0,-9999.0,-9999.0,9.360000000000001,260,-9999,-9999.0,90.0,50.0,87.4
20240324-1600,Mountain View Moffett Field Naval Air Station,"Mountain View, California, US",11.0,8.0,-9999.0,-9999.0,-9999.0,9.360000000000001,290,-9999,-9999.0,85.0,51.8,81.7
20240324-1700,Mountain View Moffett Field Naval Air Station,"Mountain View, California, US",10.0,8.0,-9999.0,0.5,-9999.0,12.959999999999999,280,-9999,-9999.0,90.0,50.0,87.4
20240324-1800,Mountain View Moffett Field Naval Air Station,"Mountain View, California, US",13.0,8.0,-9999.0,-9999.0,-9999.0,14.76,310,-9999,-9999.0,75.0,55.4,71.6
20240324-1900,Mountain View Moffett Field Naval Air Station,"Mountain View, California, US",14.0,7.0,-9999.0,-9999.0,-9999.0,14.76,330,-9999,-9999.0,65.0,57.2,62.7
20240324-2000,Mountain View Moffett Field Naval Air Station,"Mountain View, California, US",15.0,7.0,-9999.0,-9999.0,-9999.0,22.32,310,-9999,-9999.0,60.0,59.0,58.8
20240324-2100,Mountain View Moffett Field Naval Air Station,"Mountain View, California, US",15.0,7.0,-9999.0,-9999.0,-9999.0,22.32,300,-9999,-9999.0,60.0,59.0,58.8
20240324-2200,Mountain View Moffett Field Naval Air Station,"Mountain View, California, US",15.0,7.0,-9999.0,-9999.0,-9999.0,20.520000000000003,330,-9999,-9999.0,60.0,59.0,58.8
20240324-2300,Mountain View Moffett Field Naval Air Station,"Mountain View, California, US",16.0,7.0,-9999.0,-9999.0,-9999.0,22.32,300,-9999,-9999.0,55.0,60.8,55.1
20240325-0000,Mountain View Moffett Field Naval Air Station,"Mountain View, California, US",15.0,7.0,-9999.0,-9999.0,-9999.0,24.12,280,-9999,-9999.0,60.0,59.0,58.8
20240325-0100,Mountain View Moffett Field Naval Air Station,"Mountain View, California, US",14.0,7.0,-9999.0,-9999.0,-9999.0,18.36,290,0,-9999.0,65.0,57.2,62.7
20240325-0200,Mountain View Moffett Field Naval Air Station,"Mountain View, California, US",13.0,7.0,-9999.0,-9999.0,-9999.0,20.520000000000003,290,-9999,-9999.0,70.0,55.4,66.9
20240325-0300,Mountain View Moffett Field Naval Air Station,"Mountain View, California, US",12.0,8.0,-9999.0,-9999.0,-9999.0,16.56,290,-9999,-9999.0,80.0,53.6,76.5
20240325-0400,Mountain View Moffett Field Naval Air Station,"Mountain View, California, US",12.0,8.0,-9999.0,-9999.0,-9999.0,12.959999999999999,300,0,-9999.0,80.0,53.6,76.5
20240325-0500,Mountain View Moffett Field Naval Air Station,"Mountain View, California, US",12.0,8.0,-9999.0,-9999.0,-9999.0,11.16,290,0,-9999.0,80.0,53.6,76.5
20240325-0600,Mountain View Moffett Field Naval Air Station,"Mountain View, California, US",11.0,7.0,-9999.0,-9999.0,-9999.0,0.0,0,0,-9999.0,80.0,51.8,76.3
20240325-0700,Mountain View Moffett Field Naval Air Station,"Mountain View, California, US",10.0,7.0,-9999.0,-9999.0,-9999.0,0.0,0,-9999,-9999.0,85.0,50.0,81.6
20240325-0800,Mountain View Moffett Field Naval Air Station,"Mountain View, California, US",10.0,7.0,-9999.0,-9999.0,-9999.0,9.360000000000001,280,-9999,-9999.0,85.0,50.0,81.6
20240325-0900,Mountain View Moffett Field Naval Air Station,"Mountain View, California, US",10.0,8.0,-9999.0,-9999.0,-9999.0,0.0,0,-9999,-9999.0,90.0,50.0,87.4
20240325-1000,Mountain View Moffett Field Naval Air Station,"Mountain View, California, US",11.0,7.0,-9999.0,-9999.0,-9999.0,7.5600000000000005,270,-9999,-9999.0,80.0,51.8,76.3
20240325-1100,Mountain View Moffett Field Naval Air Station,"Mountain View, California, US",12.0,8.0,-9999.0,-9999.0,-9999.0,9.360000000000001,270,-9999,-9999.0,80.0,53.6,76.5
20240325-1200,Mountain View Moffett Field Naval Air Station,"Mountain View, California, US",12.0,7.0,-9999.0,-9999.0,-9999.0,11.16,290,-9999,-9999.0,75.0,53.6,71.5
20240325-1300,Mountain View Moffett Field Naval Air Station,"Mountain View, California, US",11.0,7.0,-9999.0,-9999.0,-9999.0,7.5600000000000005,290,-9999,-9999.0,80.0,51.8,76.3
20240325-1400,Mountain View Moffett Field Naval Air Station,"Mountain View, California, US",11.0,7.0,-9999.0,-9999.0,-9999.0,5.4,-9999,-9999,-9999.0,80.0,51.8,76.3
20240325-1500,Mountain View Moffett Field Naval Air Station,"Mountain View, California, US",12.0,7.0,-9999.0,-9999.0,-9999.0,5.4,210,-9999,-9999.0,75.0,53.6,71.5
20240325-1600,Mountain View Moffett Field Naval Air Station,"Mountain View, California, US",12.0,7.0,-9999.0,-9999.0,-9999.0,7.5600000000000005,220,-9999,-9999.0,75.0,53.6,71.5
20240325-1700,Mountain View Moffett Field Naval Air Station,"Mountain View, California, US",13.0,7.0,-9999.0,-9999.0,-9999.0,9.360000000000001,-9999,-9999,-9999.0,70.0,55.4,66.9
20240325-1800,Mountain View Moffett Field Naval Air Station,"Mountain View, California, US",14.0,6.0,-9999.0,-9999.0,-9999.0,12.959999999999999,310,-9999,-9999.0,60.0,57.2,58.5
20240325-1900,Mountain View Moffett Field Naval Air Station,"Mountain View, California, US",14.0,6.0,-9999.0,-9999.0,-9999.0,11.16,-9999,-9999,-9999.0,60.0,57.2,58.5
20240325-2000,Mountain View Moffett Field Naval Air Station,"Mountain View, California, US",15.0,7.0,-9999.0,-9999.0,-9999.0,12.959999999999999,320,-9999,-9999.0,60.0,59.0,58.8
20240325-2100,Mountain View Moffett Field Naval Air Station,"Mountain View, California, US",16.0,7.0,-9999.0,-9999.0,-9999.0,16.56,280,-9999,-9999.0,55.0,60.8,55.1
20240325-2200,Mountain View Moffett Field Naval Air Station,"Mountain View, California, US",16.0,7.0,-9999.0,-9999.0,-9999.0,9.360000000000001,-9999,-9999,-9999.0,55.0,60.8,55.1
20240325-2300,Mountain View Moffett Field Naval Air Station,"Mountain View, California, US",16.0,7.0,-9999.0,-9999.0,-9999.0,12.959999999999999,240,-9999,-9999.0,55.0,60.8,55.1
20240326-0000,Mountain View Moffett Field Naval Air Station,"Mountain View, California, US",15.0,6.0,-9999.0,-9999.0,-9999.0,12.959999999999999,260,-9999,-9999.0,55.0,59.0,54.9
20240326-0100,Mountain View Moffett Field Naval Air Station,"Mountain View, California, US",14.0,6.0,-9999.0,-9999.0,-9999.0,18.36,250,-9999,-9999.0,60.0,57.2,58.5
20240326-0200,Mountain View Moffett Field Naval Air Station,"Mountain View, California, US",13.0,6.0,-9999.0,-9999.0,-9999.0,9.360000000000001,310,-9999,-9999.0,65.0,55.4,62.5
20240326-0300,Mountain View Moffett Field Naval Air Station,"Mountain View, California, US",12.0,6.0,-9999.0,-9999.0,-9999.0,12.959999999999999,300,-9999,-9999.0,70.0,53.6,66.7
20240326-0400,Mountain View Moffett Field Naval Air Station,"Mountain View, California, US",12.0,7.0,-9999.0,-9999.0,-9999.0,0.0,0,-9999,-9999.0,75.0,53.6,71.5
20240326-0500,Mountain View Moffett Field Naval Air Station,"Mountain View, California, US",11.0,7.0,-9999.0,-9999.0,-9999.0,0.0,0,-9999,-9999.0,80.0,51.8,76.3
20240326-0600,Mountain View Moffett Field Naval Air Station,"Mountain View, California, US",12.0,7.0,-9999.0,-9999.0,-9999.0,0.0,0,-9999,-9999.0,75.0,53.6,71.5
20240326-0700,Mountain View Moffett Field Naval Air Station,"Mountain View, California, US",12.0,8.0,-9999.0,-9999.0,-9999.0,0.0,0,-9999,-9999.0,80.0,53.6,76.5
20240326-0800,Mountain View Moffett Field Naval Air Station,"Mountain View, California, US",12.0,8.0,-9999.0,-9999.0,-9999.0,9.360000000000001,310,-9999,-9999.0,80.0,53.6,76.5
20240326-0900,Mountain View Moffett Field Naval Air Station,"Mountain View, California, US",12.0,8.0,-9999.0,-9999.0,-9999.0,0.0,0,-9999,-9999.0,80.0,53.6,76.5
20240326-1000,Mountain View Moffett Field Naval Air Station,"Mountain View, California, US",12.0,9.0,-9999.0,-9999.0,-9999.0,7.5600000000000005,300,-9999,-9999.0,85.0,53.6,81.9
20240326-1100,Mountain View Moffett Field Naval Air Station,"Mountain View, California, US",12.0,9.0,-9999.0,-9999.0,-9999.0,0.0,0,-9999,-9999.0,85.0,53.6,81.9
20240326-1200,Mountain View Moffett Field Naval Air Station,"Mountain View, California, US",12.0,9.0,-9999.0,-9999.0,-9999.0,0.0,0,-9999,-9999.0,85.0,53.6,81.9
20240326-1300,Mountain View Moffett Field Naval Air Station,"Mountain View, California, US",12.0,9.0,-9999.0,-9999.0,-9999.0,0.0,0,-9999,-9999.0,85.0,53.6,81.9
20240326-1500,Mountain View Moffett Field Naval Air Station,"Mountain View, California, US",11.0,7.0,-9999.0,-9999.0,-9999.0,14.76,270,-9999,-9999.0,80.0,51.8,76.3
20240326-1600,Mountain View Moffett Field Naval Air Station,"Mountain View, California, US",12.0,7.0,-9999.0,-9999.0,-9999.0,11.16,270,-9999,-9999.0,75.0,53.6,71.5
20240326-1700,Mountain View Moffett Field Naval Air Station,"Mountain View, California, US",12.0,7.0,-9999.0,-9999.0,-9999.0,11.16,-9999,-9999,-9999.0,75.0,53.6,71.5
20240326-1800,Mountain View Moffett Field Naval Air Station,"Mountain View, California, US",13.0,7.0,-9999.0,-9999.0,-9999.0,11.16,320,-9999,-9999.0,70.0,55.4,66.9
20240326-1900,Mountain View Moffett Field Naval Air Station,"Mountain View, California, US",14.0,7.0,-9999.0,-9999.0,-9999.0,0.0,0,-9999,-9999.0,65.0,57.2,62.7
20240326-2200,Mountain View Moffett Field Naval Air Station,"Mountain View, California, US",16.0,9.0,-9999.0,-9999.0,-9999.0,14.76,350,-9999,-9999.0,65.0,60.8,63.1
20240326-2300,Mountain View Moffett Field Naval Air Station,"Mountain View, California, US",15.0,9.0,-9999.0,-9999.0,-9999.0,22.32,360,-9999,-9999.0,70.0,59.0,67.3
20240327-0000,Mountain View Moffett Field Naval Air Station,"Mountain View, California, US",15.0,9.0,-9999.0,-9999.0,-9999.0,24.12,350,-9999,-9999.0,70.0,59.0,67.3
20240327-0100,Mountain View Moffett Field Naval Air Station,"Mountain View, California, US",14.0,9.0,-9999.0,-9999.0,-9999.0,25.919999999999998,360,-9999,-9999.0,75.0,57.2,71.8
20240327-0200,Mountain View Moffett Field Naval Air Station,"Mountain View, California, US",13.0,7.0,-9999.0,-9999.0,-9999.0,18.36,340,-9999,-9999.0,70.0,55.4,66.9
20240327-0300,Mountain View Moffett Field Naval Air Station,"Mountain View, California, US",12.0,7.0,-9999.0,-9999.0,-9999.0,16.56,330,-9999,-9999.0,75.0,53.6,71.5
20240327-0400,Mountain View Moffett Field Naval Air Station,"Mountain View, California, US",11.0,7.0,-9999.0,-9999.0,-9999.0,12.959999999999999,340,0,-9999.0,80.0,51.8,76.3
20240327-0500,Mountain View Moffett Field Naval Air Station,"Mountain View, California, US",10.0,7.0,-9999.0,-9999.0,-9999.0,7.5600000000000005,330,0,-9999.0,85.0,50.0,81.6
20240327-0600,Mountain View Moffett Field Naval Air Station,"Mountain View, California, US",10.0,7.0,-9999.0,-9999.0,-9999.0,0.0,0,0,-9999.0,85.0,50.0,81.6
20240327-0700,Mountain View Moffett Field Naval Air Station,"Mountain View, California, US",10.0,7.0,-9999.0,-9999.0,-9999.0,0.0,0,0,-9999.0,85.0,50.0,81.6
20240327-0800,Mountain View Moffett Field Naval Air Station,"Mountain View, California, US",9.0,6.0,-9999.0,-9999.0,-9999.0,0.0,0,0,-9999.0,85.0,48.2,81.5
20240327-0900,Mountain View Moffett Field Naval Air Station,"Mountain View, California, US",9.0,6.0,-9999.0,-9999.0,-9999.0,0.0,0,0,-9999.0,85.0,48.2,81.5
20240327-1000,Mountain View Moffett Field Naval Air Station,"Mountain View, California, US",8.0,6.0,-9999.0,-9999.0,-9999.0,0.0,0,-9999,-9999.0,90.0,46.4,87.2
20240327-1100,Mountain View Moffett Field Naval Air Station,"Mountain View, California, US",8.0,6.0,-9999.0,-9999.0,-9999.0,5.4,200,-9999,-9999.0,90.0,46.4,87.2
20240327-1200,Mountain View Moffett Field Naval Air Station,"Mountain View, California, US",8.0,6.0,-9999.0,-9999.0,-9999.0,9.360000000000001,180,0,-9999.0,90.0,46.4,87.2
20240327-1300,Mountain View Moffett Field Naval Air Station,"Mountain View, California, US",8.0,6.0,-9999.0,-9999.0,-9999.0,0.0,0,-9999,-9999.0,90.0,46.4,87.2
20240327-1400,Mountain View Moffett Field Naval Air Station,"Mountain View, California, US",8.0,6.0,-9999.0,-9999.0,-9999.0,5.4,130,-9999,-9999.0,90.0,46.4,87.2
20240327-1500,Mountain View Moffett Field Naval Air Station,"Mountain View, California, US",9.0,6.0,-9999.0,-9999.0,-9999.0,0.0,0,0,-9999.0,85.0,48.2,81.5
20240327-1600,Mountain View Moffett Field Naval Air Station,"Mountain View, California, US",11.0,8.0,-9999.0,-9999.0,-9999.0,9.360000000000001,120,0,-9999.0,85.0,51.8,81.7
20240327-1700,Mountain View Moffett Field Naval Air Station,"Mountain View, California, US",13.0,8.0,-9999.0,-9999.0,-9999.0,5.4,-9999,0,-9999.0,75.0,55.4,71.6
20240327-1800,Mountain View Moffett Field Naval Air Station,"Mountain View, California, US",14.0,7.0,-9999.0,-9999.0,-9999.0,0.0,0,-9999,-9999.0,65.0,57.2,62.7
20240327-2000,Mountain View Moffett Field Naval Air Station,"Mountain View, California, US",15.0,8.0,-9999.0,-9999.0,-9999.0,9.360000000000001,340,-9999,-9999.0,65.0,59.0,62.9
20240327-2100,Mountain View Moffett Field Naval Air Station,"Mountain View, California, US",16.0,9.0,-9999.0,-9999.0,-9999.0,5.4,310,-9999,-9999.0,65.0,60.8,63.1
20240327-2200,Mountain View Moffett Field Naval Air Station,"Mountain View, California, US",17.0,9.0,-9999.0,-9999.0,-9999.0,9.360000000000001,260,-9999,-9999.0,60.0,62.6,59.3
20240328-0000,Mountain View Moffett Field Naval Air Station,"Mountain View, California, US",15.0,10.0,-9999.0,-9999.0,-9999.0,7.5600000000000005,190,-9999,-9999.0,75.0,59.0,72.0
20240328-0200,Mountain View Moffett Field Naval Air Station,"Mountain View, California, US",15.0,10.0,-9999.0,-9999.0,-9999.0,7.5600000000000005,-9999,-9999,-9999.0,75.0,59.0,72.0
20240328-0400,Mountain View Moffett Field Naval Air Station,"Mountain View, California, US",14.0,10.0,-9999.0,-9999.0,-9999.0,7.5600000000000005,160,-9999,-9999.0,80.0,57.2,76.8
20240328-0500,Mountain View Moffett Field Naval Air Station,"Mountain View, California, US",13.0,11.0,-9999.0,-9999.0,-9999.0,9.360000000000001,150,-9999,-9999.0,90.0,55.4,87.6
20240328-0600,Mountain View Moffett Field Naval Air Station,"Mountain View, California, US",13.0,11.0,-9999.0,0.3,-9999.0,5.4,160,-9999,-9999.0,90.0,55.4,87.6
20240328-0700,Mountain View Moffett Field Naval Air Station,"Mountain View, California, US",13.0,11.0,-9999.0,0.3,-9999.0,7.5600000000000005,160,-9999,-9999.0,90.0,55.4,87.6
20240328-0800,Mountain View Moffett Field Naval Air Station,"Mountain View, California, US",13.0,12.0,-9999.0,0.8,-9999.0,7.5600000000000005,300,-9999,-9999.0,95.0,55.4,93.6
20240328-0900,Mountain View Moffett Field Naval Air Station,"Mountain View, California, US",12.0,10.0,-9999.0,-9999.0,-9999.0,9.360000000000001,340,-9999,-9999.0,90.0,53.6,87.6
20240328-1000,Mountain View Moffett Field Naval Air Station,"Mountain View, California, US",11.0,9.0,-9999.0,-9999.0,-9999.0,7.5600000000000005,280,-9999,-9999.0,90.0,51.8,87.5
20240328-1100,Mountain View Moffett Field Naval Air Station,"Mountain View, California, US",11.0,9.0,-9999.0,-9999.0,-9999.0,0.0,0,-9999,-9999.0,90.0,51.8,87.5
20240328-1400,Mountain View Moffett Field Naval Air Station,"Mountain View, California, US",9.0,8.0,-9999.0,-9999.0,-9999.0,7.5600000000000005,140,-9999,-9999.0,95.0,48.2,93.4
20240328-1500,Mountain View Moffett Field Naval Air Station,"Mountain View, California, US",11.0,9.0,-9999.0,-9999.0,-9999.0,0.0,0,-9999,-9999.0,90.0,51.8,87.5
20240328-1600,Mountain View Moffett Field Naval Air Station,"Mountain View, California, US",12.0,10.0,-9999.0,-9999.0,-9999.0,9.360000000000001,120,-9999,-9999.0,90.0,53.6,87.6
20240328-1700,Mountain View Moffett Field Naval Air Station,"Mountain View, California, US",13.0,7.0,-9999.0,0.3,-9999.0,7.5600000000000005,-9999,-9999,-9999.0,70.0,55.4,66.9
20240328-1800,Mountain View Moffett Field Naval Air Station,"Mountain View, California, US",13.0,9.0,-9999.0,-9999.0,-9999.0,0.0,0,-9999,-9999.0,80.0,55.4,76.7
20240328-1900,Mountain View Moffett Field Naval Air Station,"Mountain View, California, US",15.0,8.0,-9999.0,-9999.0,-9999.0,7.5600000000000005,-9999,-9999,-9999.0,65.0,59.0,62.9
20240328-2000,Mountain View Moffett Field Naval Air Station,"Mountain View, California, US",14.0,7.0,-9999.0,-9999.0,-9999.0,12.959999999999999,360,-9999,-9999.0,65.0,57.2,62.7
20240328-2200,Mountain View Moffett Field Naval Air Station,"Mountain View, California, US",15.0,6.0,-9999.0,-9999.0,-9999.0,20.520000000000003,340,-9999,-9999.0,55.0,59.0,54.9
20240328-2300,Mountain View Moffett Field Naval Air Station,"Mountain View, California, US",15.0,4.0,-9999.0,-9999.0,-9999.0,22.32,340,-9999,-9999.0,45.0,59.0,47.7
20240329-0000,Mountain View Moffett Field Naval Air Station,"Mountain View, California, US",16.0,3.0,-9999.0,-9999.0,-9999.0,14.76,280,-9999,-9999.0,35.0,60.8,41.7
20240329-0100,Mountain View Moffett Field Naval Air Station,"Mountain View, California, US",14.0,4.0,-9999.0,-9999.0,-9999.0,18.36,280,-9999,-9999.0,50.0,57.2,50.9
20240329-0200,Mountain View Moffett Field Naval Air Station,"Mountain View, California, US",13.0,5.0,-9999.0,-9999.0,-9999.0,9.360000000000001,280,-9999,-9999.0,60.0,55.4,58.3
20240329-0300,Mountain View Moffett Field Naval Air Station,"Mountain View, California, US",13.0,5.0,-9999.0,-9999.0,-9999.0,9.360000000000001,270,-9999,-9999.0,60.0,55.4,58.3
20240329-0600,Mountain View Moffett Field Naval Air Station,"Mountain View, California, US",11.0,6.0,-9999.0,-9999.0,-9999.0,0.0,0,-9999,-9999.0,75.0,51.8,71.3
20240329-0700,Mountain View Moffett Field Naval Air Station,"Mountain View, California, US",10.0,6.0,-9999.0,-9999.0,-9999.0,0.0,0,-9999,-9999.0,80.0,50.0,76.2
20240329-1000,Mountain View Moffett Field Naval Air Station,"Mountain View, California, US",9.0,5.0,-9999.0,-9999.0,-9999.0,0.0,0,-9999,-9999.0,80.0,48.2,76.0
20240329-1100,Mountain View Moffett Field Naval Air Station,"Mountain View, California, US",9.0,5.0,-9999.0,-9999.0,-9999.0,9.360000000000001,150,-9999,-9999.0,80.0,48.2,76.0
20240329-1200,Mountain View Moffett Field Naval Air Station,"Mountain View, California, US",9.0,6.0,-9999.0,-9999.0,-9999.0,11.16,130,-9999,-9999.0,85.0,48.2,81.5
20240329-1300,Mountain View Moffett Field Naval Air Station,"Mountain View, California, US",9.0,6.0,-9999.0,-9999.0,-9999.0,11.16,140,-9999,-9999.0,85.0,48.2,81.5
20240329-1400,Mountain View Moffett Field Naval Air Station,"Mountain View, California, US",10.0,6.0,-9999.0,-9999.0,-9999.0,11.16,140,-9999,-9999.0,80.0,50.0,76.2
20240329-1500,Mountain View Moffett Field Naval Air Station,"Mountain View, California, US",10.0,6.0,-9999.0,-9999.0,-9999.0,11.16,170,-9999,-9999.0,80.0,50.0,76.2
20240329-1600,Mountain View Moffett Field Naval Air Station,"Mountain View, California, US",10.0,7.0,-9999.0,-9999.0,-9999.0,16.56,140,-9999,-9999.0,85.0,50.0,81.6
20240329-1700,Mountain View Moffett Field Naval Air Station,"Mountain View, California, US",11.0,6.0,-9999.0,-9999.0,-9999.0,20.520000000000003,140,-9999,-9999.0,75.0,51.8,71.3
20240329-1800,Mountain View Moffett Field Naval Air Station,"Mountain View, California, US",13.0,5.0,-9999.0,-9999.0,-9999.0,25.919999999999998,140,-9999,-9999.0,60.0,55.4,58.3
20240329-1900,Mountain View Moffett Field Naval Air Station,"Mountain View, California, US",13.0,4.0,-9999.0,-9999.0,-9999.0,24.12,150,-9999,-9999.0,55.0,55.4,54.3
20240329-2000,Mountain View Moffett Field Naval Air Station,"Mountain View, California, US",12.0,7.0,-9999.0,-9999.0,-9999.0,24.12,140,-9999,-9999.0,75.0,53.6,71.5
20240329-2100,Mountain View Moffett Field Naval Air Station,"Mountain View, California, US",11.0,8.0,-9999.0,-9999.0,-9999.0,14.76,140,-9999,-9999.0,85.0,51.8,81.7
20240329-2200,Mountain View Moffett Field Naval Air Station,"Mountain View, California, US",11.0,9.0,-9999.0,-9999.0,-9999.0,14.76,140,-9999,-9999.0,90.0,51.8,87.5
20240329-2300,Mountain View Moffett Field Naval Air Station,"Mountain View, California, US",10.0,9.0,-9999.0,-9999.0,-9999.0,24.12,130,-9999,-9999.0,95.0,50.0,93.5
20240330-0000,Mountain View Moffett Field Naval Air Station,"Mountain View, California, US",12.0,11.0,-9999.0,-9999.0,-9999.0,18.36,120,-9999,-9999.0,95.0,53.6,93.6
20240330-0100,Mountain View Moffett Field Naval Air Station,"Mountain View, California, US",11.0,9.0,-9999.0,-9999.0,-9999.0,24.12,140,-9999,-9999.0,90.0,51.8,87.5
20240330-0200,Mountain View Moffett Field Naval Air Station,"Mountain View, California, US",11.0,8.0,-9999.0,-9999.0,-9999.0,22.32,130,-9999,-9999.0,85.0,51.8,81.7
20240330-0300,Mountain View Moffett Field Naval Air Station,"Mountain View, California, US",10.0,8.0,-9999.0,-9999.0,-9999.0,14.76,130,-9999,-9999.0,90.0,50.0,87.4
20240330-0400,Mountain View Moffett Field Naval Air Station,"Mountain View, California, US",10.0,8.0,-9999.0,-9999.0,-9999.0,7.5600000000000005,150,-9999,-9999.0,90.0,50.0,87.4
20240330-0500,Mountain View Moffett Field Naval Air Station,"Mountain View, California, US",9.0,7.0,-9999.0,-9999.0,-9999.0,14.76,120,-9999,-9999.0,90.0,48.2,87.3
20240330-0600,Mountain View Moffett Field Naval Air Station,"Mountain View, California, US",10.0,8.0,-9999.0,-9999.0,-9999.0,22.32,120,-9999,-9999.0,90.0,50.0,87.4
20240330-0700,Mountain View Moffett Field Naval Air Station,"Mountain View, California, US",10.0,8.0,-9999.0,-9999.0,-9999.0,12.959999999999999,130,-9999,-9999.0,90.0,50.0,87.4
20240330-0800,Mountain View Moffett Field Naval Air Station,"Mountain View, California, US",10.0,8.0,-9999.0,-9999.0,-9999.0,14.76,140,-9999,-9999.0,90.0,50.0,87.4
20240330-0900,Mountain View Moffett Field Naval Air Station,"Mountain View, California, US",10.0,8.0,-9999.0,-9999.0,-9999.0,14.76,140,-9999,-9999.0,90.0,50.0,87.4
20240330-1000,Mountain View Moffett Field Naval Air Station,"Mountain View, California, US",9.0,8.0,-9999.0,-9999.0,-9999.0,7.5600000000000005,140,-9999,-9999.0,95.0,48.2,93.4
20240330-1100,Mountain View Moffett Field Naval Air Station,"Mountain View, California, US",9.0,7.0,-9999.0,-9999.0,-9999.0,7.5600000000000005,160,-9999,-9999.0,90.0,48.2,87.3
20240330-1200,Mountain View Moffett Field Naval Air Station,"Mountain View, California, US",9.0,7.0,-9999.0,-9999.0,-9999.0,7.5600000000000005,160,-9999,-9999.0,90.0,48.2,87.3
20240330-1300,Mountain View Moffett Field Naval Air Station,"Mountain View, California, US",9.0,7.0,-9999.0,-9999.0,-9999.0,9.360000000000001,150,-9999,-9999.0,90.0,48.2,87.3
20240330-1400,Mountain View Moffett Field Naval Air Station,"Mountain View, California, US",8.0,6.0,-9999.0,-9999.0,-9999.0,5.4,120,-9999,-9999.0,90.0,46.4,87.2
20240330-1500,Mountain View Moffett Field Naval Air Station,"Mountain View, California, US",9.0,8.0,-9999.0,-9999.0,-9999.0,7.5600000000000005,110,-9999,-9999.0,95.0,48.2,93.4
20240330-1600,Mountain View Moffett Field Naval Air Station,"Mountain View, California, US",11.0,7.0,-9999.0,-9999.0,-9999.0,7.5600000000000005,110,-9999,-9999.0,80.0,51.8,76.3
20240330-1700,Mountain View Moffett Field Naval Air Station,"Mountain View, California, US",13.0,7.0,-9999.0,-9999.0,-9999.0,16.56,130,-9999,-9999.0,70.0,55.4,66.9
20240330-1800,Mountain View Moffett Field Naval Air Station,"Mountain View, California, US",14.0,7.0,-9999.0,-9999.0,-9999.0,14.76,20,-9999,-9999.0,65.0,57.2,62.7
20240330-1900,Mountain View Moffett Field Naval Air Station,"Mountain View, California, US",15.0,7.0,-9999.0,-9999.0,-9999.0,18.36,10,-9999,-9999.0,60.0,59.0,58.8
20240330-2000,Mountain View Moffett Field Naval Air Station,"Mountain View, California, US",15.0,6.0,-9999.0,-9999.0,-9999.0,12.959999999999999,10,-9999,-9999.0,55.0,59.0,54.9
20240330-2100,Mountain View Moffett Field Naval Air Station,"Mountain View, California, US",16.0,7.0,-9999.0,-9999.0,-9999.0,16.56,340,-9999,-9999.0,55.0,60.8,55.1
20240330-2200,Mountain View Moffett Field Naval Air Station,"Mountain View, California, US",15.0,8.0,-9999.0,-9999.0,-9999.0,20.520000000000003,30,-9999,-9999.0,65.0,59.0,62.9
20240331-0100,Mountain View Moffett Field Naval Air Station,"Mountain View, California, US",14.0,7.0,-9999.0,-9999.0,-9999.0,24.12,170,-9999,-9999.0,65.0,57.2,62.7
20240331-0200,Mountain View Moffett Field Naval Air Station,"Mountain View, California, US",12.0,8.0,-9999.0,-9999.0,-9999.0,0.0,0,-9999,-9999.0,80.0,53.6,76.5
20240331-0300,Mountain View Moffett Field Naval Air Station,"Mountain View, California, US",11.0,9.0,-9999.0,-9999.0,-9999.0,5.4,90,-9999,-9999.0,90.0,51.8,87.5
20240331-0400,Mountain View Moffett Field Naval Air Station,"Mountain View, California, US",11.0,9.0,-9999.0,-9999.0,-9999.0,0.0,0,-9999,-9999.0,90.0,51.8,87.5
20240331-0500,Mountain View Moffett Field Naval Air Station,"Mountain View, California, US",11.0,10.0,-9999.0,-9999.0,-9999.0,0.0,0,-9999,-9999.0,95.0,51.8,93.5
20240331-0600,Mountain View Moffett Field Naval Air Station,"Mountain View, California, US",10.0,9.0,-9999.0,-9999.0,-9999.0,0.0,0,-9999,-9999.0,95.0,50.0,93.5
20240331-0700,Mountain View Moffett Field Naval Air Station,"Mountain View, California, US",9.0,8.0,-9999.0,-9999.0,-9999.0,0.0,0,-9999,-9999.0,95.0,48.2,93.4
20240331-0800,Mountain View Moffett Field Naval Air Station,"Mountain View, California, US",9.0,8.0,-9999.0,-9999.0,-9999.0,5.4,240,-9999,-9999.0,95.0,48.2,93.4
20240331-0900,Mountain View Moffett Field Naval Air Station,"Mountain View, California, US",8.0,7.0,-9999.0,-9999.0,-9999.0,0.0,0,-9999,-9999.0,95.0,46.4,93.4
20240331-1000,Mountain View Moffett Field Naval Air Station,"Mountain View, California, US",8.0,7.0,-9999.0,-9999.0,-9999.0,0.0,0,-9999,-9999.0,95.0,46.4,93.4
20240331-1100,Mountain View Moffett Field Naval Air Station,"Mountain View, California, US",8.0,7.0,-9999.0,-9999.0,-9999.0,0.0,0,-9999,-9999.0,95.0,46.4,93.4
20240331-1200,Mountain View Moffett Field Naval Air Station,"Mountain View, California, US",7.0,7.0,-9999.0,-9999.0,-9999.0,0.0,0,-9999,-9999.0,100.0,44.6,100.0
20240331-1300,Mountain View Moffett Field Naval Air Station,"Mountain View, California, US",7.0,7.0,-9999.0,-9999.0,-9999.0,0.0,0,-9999,-9999.0,100.0,44.6,100.0
20240331-1400,Mountain View Moffett Field Naval Air Station,"Mountain View, California, US",7.0,7.0,-9999.0,-9999.0,-9999.0,5.4,130,-9999,-9999.0,100.0,44.6,100.0
20240331-1500,Mountain View Moffett Field Naval Air Station,"Mountain View, California, US",8.0,7.0,-9999.0,-9999.0,-9999.0,0.0,0,-9999,-9999.0,95.0,46.4,93.4
20240331-1600,Mountain View Moffett Field Naval Air Station,"Mountain View, California, US",9.0,8.0,-9999.0,-9999.0,-9999.0,0.0,0,-9999,-9999.0,95.0,48.2,93.4
20240331-1700,Mountain View Moffett Field Naval Air Station,"Mountain View, California, US",12.0,9.0,-9999.0,-9999.0,-9999.0,5.4,140,-9999,-9999.0,85.0,53.6,81.9
20240331-1800,Mountain View Moffett Field Naval Air Station,"Mountain View, California, US",14.0,9.0,-9999.0,-9999.0,-9999.0,0.0,0,-9999,-9999.0,75.0,57.2,71.8
20240331-1900,Mountain View Moffett Field Naval Air Station,"Mountain View, California, US",16.0,9.0,-9999.0,-9999.0,-9999.0,7.5600000000000005,30,-9999,-9999.0,65.0,60.8,63.1
20240331-2000,Mountain View Moffett Field Naval Air Station,"Mountain View, California, US",16.0,8.0,-9999.0,-9999.0,-9999.0,11.16,20,-9999,-9999.0,60.0,60.8,59.0
20240331-2100,Mountain View Moffett Field Naval Air Station,"Mountain View, California, US",17.0,9.0,-9999.0,-9999.0,-9999.0,14.76,360,-9999,-9999.0,60.0,62.6,59.3
20240331-2200,Mountain View Moffett Field Naval Air Station,"Mountain View, California, US",18.0,10.0,-9999.0,-9999.0,-9999.0,18.36,340,-9999,-9999.0,60.0,64.4,59.5
20240331-2300,Mountain View Moffett Field Naval Air Station,"Mountain View, California, US",19.0,7.0,-9999.0,-9999.0,-9999.0,20.520000000000003,270,-9999,-9999.0,40.0,66.2,45.6
20240401-0100,Mountain View Moffett Field Naval Air Station,"Mountain View, California, US",16.0,8.0,-9999.0,-9999.0,-9999.0,14.76,260,-9999,-9999.0,60.0,60.8,59.0
20240401-0200,Mountain View Moffett Field Naval Air Station,"Mountain View, California, US",14.0,8.0,-9999.0,-9999.0,-9999.0,14.76,280,-9999,-9999.0,70.0,57.2,67.1
20240401-0300,Mountain View Moffett Field Naval Air Station,"Mountain View, California, US",12.0,8.0,-9999.0,-9999.0,-9999.0,11.16,-9999,-9999,-9999.0,80.0,53.6,76.5
20240401-0400,Mountain View Moffett Field Naval Air Station,"Mountain View, California, US",12.0,8.0,-9999.0,-9999.0,-9999.0,11.16,310,-9999,-9999.0,80.0,53.6,76.5
20240401-0500,Mountain View Moffett Field Naval Air Station,"Mountain View, California, US",12.0,8.0,-9999.0,-9999.0,-9999.0,0.0,0,-9999,-9999.0,80.0,53.6,76.5
20240401-0600,Mountain View Moffett Field Naval Air Station,"Mountain View, California, US",11.0,8.0,-9999.0,-9999.0,-9999.0,0.0,0,-9999,-9999.0,85.0,51.8,81.7
20240401-0700,Mountain View Moffett Field Naval Air Station,"Mountain View, California, US",11.0,8.0,-9999.0,-9999.0,-9999.0,0.0,0,-9999,-9999.0,85.0,51.8,81.7
20240401-0800,Mountain View Moffett Field Naval Air Station,"Mountain View, California, US",10.0,7.0,-9999.0,-9999.0,-9999.0,0.0,0,-9999,-9999.0,85.0,50.0,81.6
20240401-0900,Mountain View Moffett Field Naval Air Station,"Mountain View, California, US",9.0,7.0,-9999.0,-9999.0,-9999.0,0.0,0,-9999,-9999.0,90.0,48.2,87.3
20240401-1000,Mountain View Moffett Field Naval Air Station,"Mountain View, California, US",8.0,7.0,-9999.0,-9999.0,-9999.0,0.0,0,-9999,-9999.0,95.0,46.4,93.4
20240401-1100,Mountain View Moffett Field Naval Air Station,"Mountain View, California, US",8.0,7.0,-9999.0,-9999.0,-9999.0,0.0,0,-9999,-9999.0,95.0,46.4,93.4
20240401-1200,Mountain View Moffett Field Naval Air Station,"Mountain View, California, US",8.0,6.0,-9999.0,-9999.0,-9999.0,0.0,0,-9999,-9999.0,90.0,46.4,87.2
20240401-1300,Mountain View Moffett Field Naval Air Station,"Mountain View, California, US",8.0,6.0,-9999.0,-9999.0,-9999.0,0.0,0,-9999,-9999.0,90.0,46.4,87.2
20240401-1400,Mountain View Moffett Field Naval Air Station,"Mountain View, California, US",8.0,6.0,-9999.0,-9999.0,-9999.0,0.0,0,-9999,-9999.0,90.0,46.4,87.2
20240401-1500,Mountain View Moffett Field Naval Air Station,"Mountain View, California, US",9.0,7.0,-9999.0,-9999.0,-9999.0,0.0,0,-9999,-9999.0,90.0,48.2,87.3
20240401-1600,Mountain View Moffett Field Naval Air Station,"Mountain View, California, US",12.0,9.0,-9999.0,-9999.0,-9999.0,0.0,0,-9999,-9999.0,85.0,53.6,81.9
20240401-1700,Mountain View Moffett Field Naval Air Station,"Mountain View, California, US",14.0,9.0,-9999.0,-9999.0,-9999.0,0.0,0,-9999,-9999.0,75.0,57.2,71.8
20240401-1800,Mountain View Moffett Field Naval Air Station,"Mountain View, California, US",16.0,5.0,-9999.0,-9999.0,-9999.0,0.0,0,-9999,-9999.0,45.0,60.8,48.0
20240401-1900,Mountain View Moffett Field Naval Air Station,"Mountain View, California, US",18.0,5.0,-9999.0,-9999.0,-9999.0,0.0,0,0,-9999.0,35.0,64.4,42.3
20240401-2000,Mountain View Moffett Field Naval Air Station,"Mountain View, California, US",19.0,5.0,-9999.0,-9999.0,-9999.0,0.0,0,0,-9999.0,30.0,66.2,39.7
20240401-2100,Mountain View Moffett Field Naval Air Station,"Mountain View, California, US",20.0,7.0,-9999.0,-9999.0,-9999.0,9.360000000000001,-9999,0,-9999.0,35.0,68.0,42.9
20240401-2200,Mountain View Moffett Field Naval Air Station,"Mountain View, California, US",21.0,6.0,-9999.0,-9999.0,-9999.0,7.5600000000000005,-9999,0,-9999.0,25.0,69.8,37.6
20240401-2300,Mountain View Moffett Field Naval Air Station,"Mountain View, California, US",21.0,7.0,-9999.0,-9999.0,-9999.0,16.56,350,0,-9999.0,30.0,69.8,40.3
20240402-0000,Mountain View Moffett Field Naval Air Station,"Mountain View, California, US",20.0,7.0,-9999.0,-9999.0,-9999.0,20.520000000000003,350,0,-9999.0,35.0,68.0,42.9
20240402-0100,Mountain View Moffett Field Naval Air Station,"Mountain View, California, US",19.0,8.0,-9999.0,-9999.0,-9999.0,16.56,330,0,-9999.0,45.0,66.2,48.8
20240402-0200,Mountain View Moffett Field Naval Air Station,"Mountain View, California, US",18.0,7.0,-9999.0,-9999.0,-9999.0,18.36,350,0,-9999.0,45.0,64.4,48.6
20240402-0300,Mountain View Moffett Field Naval Air Station,"Mountain View, California, US",16.0,8.0,-9999.0,-9999.0,-9999.0,18.36,340,0,-9999.0,60.0,60.8,59.0
20240402-0400,Mountain View Moffett Field Naval Air Station,"Mountain View, California, US",15.0,8.0,-9999.0,-9999.0,-9999.0,12.959999999999999,360,0,-9999.0,65.0,59.0,62.9
20240402-0500,Mountain View Moffett Field Naval Air Station,"Mountain View, California, US",14.0,8.0,-9999.0,-9999.0,-9999.0,11.16,350,-9999,-9999.0,70.0,57.2,67.1
20240402-0600,Mountain View Moffett Field Naval Air Station,"Mountain View, California, US",15.0,8.0,-9999.0,-9999.0,-9999.0,0.0,0,-9999,-9999.0,65.0,59.0,62.9
20240402-0700,Mountain View Moffett Field Naval Air Station,"Mountain View, California, US",13.0,8.0,-9999.0,-9999.0,-9999.0,5.4,200,-9999,-9999.0,75.0,55.4,71.6
20240402-0800,Mountain View Moffett Field Naval Air Station,"Mountain View, California, US",12.0,6.0,-9999.0,-9999.0,-9999.0,0.0,0,-9999,-9999.0,70.0,53.6,66.7
20240402-1000,Mountain View Moffett Field Naval Air Station,"Mountain View, California, US",11.0,6.0,-9999.0,-9999.0,-9999.0,7.5600000000000005,180,-9999,-9999.0,75.0,51.8,71.3
20240402-1100,Mountain View Moffett Field Naval Air Station,"Mountain View, California, US",10.0,6.0,-9999.0,-9999.0,-9999.0,0.0,0,-9999,-9999.0,80.0,50.0,76.2
20240402-1200,Mountain View Moffett Field Naval Air Station,"Mountain View, California, US",10.0,6.0,-9999.0,-9999.0,-9999.0,0.0,0,-9999,-9999.0,80.0,50.0,76.2
20240402-1400,Mountain View Moffett Field Naval Air Station,"Mountain View, California, US",10.0,5.0,-9999.0,-9999.0,-9999.0,0.0,0,-9999,-9999.0,75.0,50.0,71.1
20240402-1500,Mountain View Moffett Field Naval Air Station,"Mountain View, California, US",11.0,6.0,-9999.0,-9999.0,-9999.0,0.0,0,-9999,-9999.0,75.0,51.8,71.3
20240402-1700,Mountain View Moffett Field Naval Air Station,"Mountain View, California, US",15.0,9.0,-9999.0,-9999.0,-9999.0,5.4,-9999,-9999,-9999.0,70.0,59.0,67.3
20240402-1800,Mountain View Moffett Field Naval Air Station,"Mountain View, California, US",16.0,11.0,-9999.0,-9999.0,-9999.0,11.16,350,-9999,-9999.0,75.0,60.8,72.2
20240402-1900,Mountain View Moffett Field Naval Air Station,"Mountain View, California, US",17.0,11.0,-9999.0,-9999.0,-9999.0,12.959999999999999,360,-9999,-9999.0,70.0,62.6,67.7
20240402-2000,Mountain View Moffett Field Naval Air Station,"Mountain View, California, US",18.0,10.0,-9999.0,-9999.0,-9999.0,12.959999999999999,360,-9999,-9999.0,60.0,64.4,59.5
20240402-2100,Mountain View Moffett Field Naval Air Station,"Mountain View, California, US",20.0,9.0,-9999.0,-9999.0,-9999.0,14.76,350,-9999,-9999.0,45.0,68.0,49.1
20240402-2200,Mountain View Moffett Field Naval Air Station,"Mountain View, California, US",20.0,10.0,-9999.0,-9999.0,-9999.0,16.56,350,0,-9999.0,50.0,68.0,52.5
20240402-2300,Mountain View Moffett Field Naval Air Station,"Mountain View, California, US",21.0,8.0,-9999.0,-9999.0,-9999.0,18.36,350,0,-9999.0,35.0,69.8,43.1
20240403-0000,Mountain View Moffett Field Naval Air Station,"Mountain View, California, US",20.0,11.0,-9999.0,-9999.0,-9999.0,16.56,340,0,-9999.0,55.0,68.0,56.1
20240403-0100,Mountain View Moffett Field Naval Air Station,"Mountain View, California, US",18.0,12.0,-9999.0,-9999.0,-9999.0,22.32,340,0,-9999.0,70.0,64.4,68.0
20240403-0200,Mountain View Moffett Field Naval Air Station,"Mountain View, California, US",17.0,12.0,-9999.0,-9999.0,-9999.0,16.56,340,0,-9999.0,75.0,62.6,72.4
20240403-0300,Mountain View Moffett Field Naval Air Station,"Mountain View, California, US",15.0,11.0,-9999.0,-9999.0,-9999.0,18.36,340,0,-9999.0,80.0,59.0,77.0
20240403-0400,Mountain View Moffett Field Naval Air Station,"Mountain View, California, US",14.0,11.0,-9999.0,-9999.0,-9999.0,14.76,330,0,-9999.0,85.0,57.2,82.1
20240403-0500,Mountain View Moffett Field Naval Air Station,"Mountain View, California, US",13.0,11.0,-9999.0,-9999.0,-9999.0,14.76,350,0,-9999.0,90.0,55.4,87.6
20240403-0600,Mountain View Moffett Field Naval Air Station,"Mountain View, California, US",12.0,10.0,-9999.0,-9999.0,-9999.0,9.360000000000001,10,0,-9999.0,90.0,53.6,87.6
20240403-0700,Mountain View Moffett Field Naval Air Station,"Mountain View, California, US",12.0,10.0,-9999.0,-9999.0,-9999.0,12.959999999999999,30,0,-9999.0,90.0,53.6,87.6
20240403-0800,Mountain View Moffett Field Naval Air Station,"Mountain View, California, US",12.0,10.0,-9999.0,-9999.0,-9999.0,11.16,40,0,-9999.0,90.0,53.6,87.6
20240403-0900,Mountain View Moffett Field Naval Air Station,"Mountain View, California, US",11.0,10.0,-9999.0,-9999.0,-9999.0,5.4,50,50,-9999.0,95.0,51.8,93.5
20240403-1000,Mountain View Moffett Field Naval Air Station,"Mountain View, California, US",12.0,10.0,-9999.0,-9999.0,-9999.0,0.0,0,-9999,-9999.0,90.0,53.6,87.6
20240403-1100,Mountain View Moffett Field Naval Air Station,"Mountain View, California, US",12.0,10.0,-9999.0,-9999.0,-9999.0,0.0,0,-9999,-9999.0,90.0,53.6,87.6
20240403-1200,Mountain View Moffett Field Naval Air Station,"Mountain View, California, US",12.0,10.0,-9999.0,-9999.0,-9999.0,0.0,0,-9999,-9999.0,90.0,53.6,87.6
20240403-1300,Mountain View Moffett Field Naval Air Station,"Mountain View, California, US",12.0,10.0,-9999.0,-9999.0,-9999.0,0.0,0,-9999,-9999.0,90.0,53.6,87.6
20240403-1400,Mountain View Moffett Field Naval Air Station,"Mountain View, California, US",13.0,10.0,-9999.0,-9999.0,-9999.0,0.0,0,-9999,-9999.0,85.0,55.4,82.0
20240403-1500,Mountain View Moffett Field Naval Air Station,"Mountain View, California, US",12.0,10.0,-9999.0,-9999.0,-9999.0,7.5600000000000005,120,-9999,-9999.0,90.0,53.6,87.6
20240403-1600,Mountain View Moffett Field Naval Air Station,"Mountain View, California, US",13.0,9.0,-9999.0,-9999.0,-9999.0,0.0,0,-9999,-9999.0,80.0,55.4,76.7
20240403-1700,Mountain View Moffett Field Naval Air Station,"Mountain View, California, US",14.0,10.0,-9999.0,-9999.0,-9999.0,9.360000000000001,350,-9999,-9999.0,80.0,57.2,76.8
20240403-1800,Mountain View Moffett Field Naval Air Station,"Mountain View, California, US",15.0,11.0,-9999.0,-9999.0,-9999.0,7.5600000000000005,-9999,50,-9999.0,80.0,59.0,77.0
20240403-1900,Mountain View Moffett Field Naval Air Station,"Mountain View, California, US",15.0,11.0,-9999.0,-9999.0,-9999.0,14.76,340,0,-9999.0,80.0,59.0,77.0
20240403-2000,Mountain View Moffett Field Naval Air Station,"Mountain View, California, US",15.0,11.0,-9999.0,-9999.0,-9999.0,22.32,340,0,-9999.0,80.0,59.0,77.0
20240403-2100,Mountain View Moffett Field Naval Air Station,"Mountain View, California, US",16.0,11.0,-9999.0,-9999.0,-9999.0,20.520000000000003,350,0,-9999.0,75.0,60.8,72.2
20240403-2200,Mountain View Moffett Field Naval Air Station,"Mountain View, California, US",17.0,11.0,-9999.0,-9999.0,-9999.0,27.72,350,0,-9999.0,70.0,62.6,67.7
20240403-2300,Mountain View Moffett Field Naval Air Station,"Mountain View, California, US",17.0,10.0,-9999.0,-9999.0,-9999.0,18.36,290,0,-9999.0,65.0,62.6,63.4
20240404-0000,Mountain View Moffett Field Naval Air Station,"Mountain View, California, US",15.0,10.0,-9999.0,-9999.0,-9999.0,16.56,300,25,-9999.0,75.0,59.0,72.0
20240404-0100,Mountain View Moffett Field Naval Air Station,"Mountain View, California, US",15.0,9.0,-9999.0,-9999.0,-9999.0,22.32,270,0,-9999.0,70.0,59.0,67.3
20240404-0200,Mountain View Moffett Field Naval Air Station,"Mountain View, California, US",13.0,8.0,-9999.0,-9999.0,-9999.0,16.56,310,-9999,-9999.0,75.0,55.4,71.6
20240404-0300,Mountain View Moffett Field Naval Air Station,"Mountain View, California, US",12.0,7.0,-9999.0,-9999.0,-9999.0,20.520000000000003,280,-9999,-9999.0,75.0,53.6,71.5
20240404-0400,Mountain View Moffett Field Naval Air Station,"Mountain View, California, US",12.0,6.0,-9999.0,-9999.0,-9999.0,16.56,290,-9999,-9999.0,70.0,53.6,66.7
20240404-0500,Mountain View Moffett Field Naval Air Station,"Mountain View, California, US",11.0,5.0,-9999.0,-9999.0,-9999.0,9.360000000000001,290,-9999,-9999.0,70.0,51.8,66.5
20240404-0600,Mountain View Moffett Field Naval Air Station,"Mountain View, California, US",11.0,4.0,-9999.0,-9999.0,-9999.0,9.360000000000001,300,-9999,-9999.0,65.0,51.8,62.0
20240404-0700,Mountain View Moffett Field Naval Air Station,"Mountain View, California, US",11.0,3.0,-9999.0,-9999.0,-9999.0,9.360000000000001,280,-9999,-9999.0,60.0,51.8,57.8
20240404-0800,Mountain View Moffett Field Naval Air Station,"Mountain View, California, US",10.0,3.0,-9999.0,-9999.0,-9999.0,0.0,0,-9999,-9999.0,65.0,50.0,61.8
20240404-0900,Mountain View Moffett Field Naval Air Station,"Mountain View, California, US",10.0,3.0,-9999.0,-9999.0,-9999.0,0.0,0,-9999,-9999.0,65.0,50.0,61.8
20240404-1000,Mountain View Moffett Field Naval Air Station,"Mountain View, California, US",10.0,3.0,-9999.0,-9999.0,-9999.0,0.0,0,-9999,-9999.0,65.0,50.0,61.8
20240404-1100,Mountain View Moffett Field Naval Air Station,"Mountain View, California, US",10.0,3.0,-9999.0,-9999.0,-9999.0,0.0,0,-9999,-9999.0,65.0,50.0,61.8
20240404-1200,Mountain View Moffett Field Naval Air Station,"Mountain View, California, US",9.0,4.0,-9999.0,-9999.0,-9999.0,7.5600000000000005,150,0,-9999.0,75.0,48.2,70.9
20240404-1300,Mountain View Moffett Field Naval Air Station,"Mountain View, California, US",9.0,4.0,-9999.0,-9999.0,-9999.0,7.5600000000000005,140,-9999,-9999.0,75.0,48.2,70.9
20240404-1400,Mountain View Moffett Field Naval Air Station,"Mountain View, California, US",9.0,5.0,-9999.0,-9999.0,-9999.0,14.76,110,-9999,-9999.0,80.0,48.2,76.0
20240404-1500,Mountain View Moffett Field Naval Air Station,"Mountain View, California, US",9.0,6.0,-9999.0,0.8,-9999.0,16.56,160,-9999,-9999.0,85.0,48.2,81.5
20240404-1600,Mountain View Moffett Field Naval Air Station,"Mountain View, California, US",8.0,5.0,-9999.0,1.0,-9999.0,14.76,270,-9999,-9999.0,85.0,46.4,81.3
20240404-1700,Mountain View Moffett Field Naval Air Station,"Mountain View, California, US",7.0,5.0,-9999.0,2.0,-9999.0,9.360000000000001,-9999,-9999,-9999.0,90.0,44.6,87.1
20240404-1800,Mountain View Moffett Field Naval Air Station,"Mountain View, California, US",7.0,5.0,-9999.0,0.5,-9999.0,7.5600000000000005,200,-9999,-9999.0,90.0,44.6,87.1
20240404-1900,Mountain View Moffett Field Naval Air Station,"Mountain View, California, US",10.0,5.0,-9999.0,-9999.0,-9999.0,12.959999999999999,170,25,-9999.0,75.0,50.0,71.1
20240404-2000,Mountain View Moffett Field Naval Air Station,"Mountain View, California, US",11.0,2.0,-9999.0,-9999.0,-9999.0,22.32,220,-9999,-9999.0,55.0,51.8,53.8
20240404-2100,Mountain View Moffett Field Naval Air Station,"Mountain View, California, US",12.0,1.0,-9999.0,-9999.0,-9999.0,18.36,230,-9999,-9999.0,45.0,53.6,46.9
20240404-2200,Mountain View Moffett Field Naval Air Station,"Mountain View, California, US",12.0,1.0,-9999.0,-9999.0,-9999.0,24.12,240,-9999,-9999.0,45.0,53.6,46.9
20240404-2300,Mountain View Moffett Field Naval Air Station,"Mountain View, California, US",12.0,0.0,-9999.0,-9999.0,-9999.0,18.36,230,50,-9999.0,40.0,53.6,43.6
20240405-0000,Mountain View Moffett Field Naval Air Station,"Mountain View, California, US",12.0,0.0,-9999.0,-9999.0,-9999.0,11.16,220,-9999,-9999.0,40.0,53.6,43.6
20240405-0100,Mountain View Moffett Field Naval Air Station,"Mountain View, California, US",8.0,5.0,-9999.0,0.8,-9999.0,9.360000000000001,150,-9999,-9999.0,85.0,46.4,81.3
20240405-0200,Mountain View Moffett Field Naval Air Station,"Mountain View, California, US",7.0,5.0,-9999.0,-9999.0,-9999.0,11.16,140,-9999,-9999.0,90.0,44.6,87.1
20240405-0300,Mountain View Moffett Field Naval Air Station,"Mountain View, California, US",7.0,5.0,-9999.0,1.3,-9999.0,9.360000000000001,90,-9999,-9999.0,90.0,44.6,87.1
20240405-0400,Mountain View Moffett Field Naval Air Station,"Mountain View, California, US",7.0,6.0,-9999.0,-9999.0,-9999.0,7.5600000000000005,150,-9999,-9999.0,95.0,44.6,93.3
20240405-0500,Mountain View Moffett Field Naval Air Station,"Mountain View, California, US",7.0,5.0,-9999.0,0.8,-9999.0,16.56,350,-9999,-9999.0,90.0,44.6,87.1
20240405-0600,Mountain View Moffett Field Naval Air Station,"Mountain View, California, US",6.0,5.0,-9999.0,1.5,-9999.0,9.360000000000001,310,-9999,-9999.0,95.0,42.8,93.3
20240405-0700,Mountain View Moffett Field Naval Air Station,"Mountain View, California, US",6.0,5.0,-9999.0,0.5,-9999.0,12.959999999999999,330,-9999,-9999.0,95.0,42.8,93.3
20240405-0800,Mountain View Moffett Field Naval Air Station,"Mountain View, California, US",6.0,5.0,-9999.0,-9999.0,-9999.0,7.5600000000000005,270,-9999,-9999.0,95.0,42.8,93.3
20240405-0900,Mountain View Moffett Field Naval Air Station,"Mountain View, California, US",6.0,5.0,-9999.0,-9999.0,-9999.0,5.4,270,-9999,-9999.0,95.0,42.8,93.3
20240405-1000,Mountain View Moffett Field Naval Air Station,"Mountain View, California, US",6.0,4.0,-9999.0,-9999.0,-9999.0,0.0,0,-9999,-9999.0,90.0,42.8,87.0
20240405-1100,Mountain View Moffett Field Naval Air Station,"Mountain View, California, US",7.0,4.0,-9999.0,-9999.0,-9999.0,0.0,0,-9999,-9999.0,85.0,44.6,81.2
20240405-1200,Mountain View Moffett Field Naval Air Station,"Mountain View, California, US",7.0,5.0,-9999.0,-9999.0,-9999.0,0.0,0,-9999,-9999.0,90.0,44.6,87.1
20240405-1300,Mountain View Moffett Field Naval Air Station,"Mountain View, California, US",6.0,5.0,-9999.0,-9999.0,-9999.0,0.0,0,50,-9999.0,95.0,42.8,93.3
20240405-1400,Mountain View Moffett Field Naval Air Station,"Mountain View, California, US",6.0,5.0,-9999.0,-9999.0,-9999.0,5.4,150,-9999,-9999.0,95.0,42.8,93.3
20240405-1500,Mountain View Moffett Field Naval Air Station,"Mountain View, California, US",7.0,5.0,-9999.0,-9999.0,-9999.0,7.5600000000000005,280,-9999,-9999.0,90.0,44.6,87.1
20240405-1600,Mountain View Moffett Field Naval Air Station,"Mountain View, California, US",9.0,4.0,-9999.0,-9999.0,-9999.0,11.16,290,-9999,-9999.0,75.0,48.2,70.9
20240405-1700,Mountain View Moffett Field Naval Air Station,"Mountain View, California, US",9.0,4.0,-9999.0,-9999.0,-9999.0,14.76,350,-9999,-9999.0,75.0,48.2,70.9
20240405-1800,Mountain View Moffett Field Naval Air Station,"Mountain View, California, US",11.0,3.0,-9999.0,-9999.0,-9999.0,16.56,340,50,-9999.0,60.0,51.8,57.8
20240405-1900,Mountain View Moffett Field Naval Air Station,"Mountain View, California, US",12.0,4.0,-9999.0,-9999.0,-9999.0,22.32,350,25,-9999.0,60.0,53.6,58.0
20240405-2000,Mountain View Moffett Field Naval Air Station,"Mountain View, California, US",12.0,4.0,-9999.0,-9999.0,-9999.0,16.56,350,-9999,-9999.0,60.0,53.6,58.0
20240405-2100,Mountain View Moffett Field Naval Air Station,"Mountain View, California, US",11.0,4.0,-9999.0,-9999.0,-9999.0,18.36,340,-9999,-9999.0,65.0,51.8,62.0
20240405-2200,Mountain View Moffett Field Naval Air Station,"Mountain View, California, US",13.0,2.0,-9999.0,-9999.0,-9999.0,12.959999999999999,300,-9999,-9999.0,45.0,55.4,47.2
20240405-2300,Mountain View Moffett Field Naval Air Station,"Mountain View, California, US",13.0,2.0,-9999.0,-9999.0,-9999.0,18.36,300,-9999,-9999.0,45.0,55.4,47.2
20240406-0000,Mountain View Moffett Field Naval Air Station,"Mountain View, California, US",13.0,1.0,-9999.0,-9999.0,-9999.0,22.32,290,25,-9999.0,40.0,55.4,43.9
20240406-0100,Mountain View Moffett Field Naval Air Station,"Mountain View, California, US",12.0,1.0,-9999.0,-9999.0,-9999.0,20.520000000000003,310,25,-9999.0,45.0,53.6,46.9
20240406-0200,Mountain View Moffett Field Naval Air Station,"Mountain View, California, US",11.0,3.0,-9999.0,-9999.0,-9999.0,16.56,300,25,-9999.0,60.0,51.8,57.8
20240406-0300,Mountain View Moffett Field Naval Air Station,"Mountain View, California, US",10.0,3.0,-9999.0,-9999.0,-9999.0,20.520000000000003,280,25,-9999.0,65.0,50.0,61.8
20240406-0400,Mountain View Moffett Field Naval Air Station,"Mountain View, California, US",10.0,3.0,-9999.0,-9999.0,-9999.0,11.16,250,25,-9999.0,65.0,50.0,61.8
20240406-0500,Mountain View Moffett Field Naval Air Station,"Mountain View, California, US",9.0,3.0,-9999.0,-9999.0,-9999.0,11.16,260,50,-9999.0,70.0,48.2,66.0
20240406-0600,Mountain View Moffett Field Naval Air Station,"Mountain View, California, US",9.0,3.0,-9999.0,-9999.0,-9999.0,7.5600000000000005,240,50,-9999.0,70.0,48.2,66.0
20240406-0700,Mountain View Moffett Field Naval Air Station,"Mountain View, California, US",8.0,3.0,-9999.0,-9999.0,-9999.0,0.0,0,50,-9999.0,75.0,46.4,70.7
20240406-0800,Mountain View Moffett Field Naval Air Station,"Mountain View, California, US",7.0,3.0,-9999.0,-9999.0,-9999.0,0.0,0,0,-9999.0,80.0,44.6,75.7
20240406-0900,Mountain View Moffett Field Naval Air Station,"Mountain View, California, US",8.0,3.0,-9999.0,-9999.0,-9999.0,0.0,0,0,-9999.0,75.0,46.4,70.7
20240406-1000,Mountain View Moffett Field Naval Air Station,"Mountain View, California, US",6.0,3.0,-9999.0,-9999.0,-9999.0,9.360000000000001,130,0,-9999.0,85.0,42.8,81.1
20240406-1100,Mountain View Moffett Field Naval Air Station,"Mountain View, California, US",6.0,3.0,-9999.0,-9999.0,-9999.0,0.0,0,25,-9999.0,85.0,42.8,81.1
20240406-1200,Mountain View Moffett Field Naval Air Station,"Mountain View, California, US",6.0,3.0,-9999.0,-9999.0,-9999.0,0.0,0,50,-9999.0,85.0,42.8,81.1
20240406-1300,Mountain View Moffett Field Naval Air Station,"Mountain View, California, US",5.0,3.0,-9999.0,-9999.0,-9999.0,5.4,160,-9999,-9999.0,90.0,41.0,86.9
20240406-1400,Mountain View Moffett Field Naval Air Station,"Mountain View, California, US",5.0,3.0,-9999.0,-9999.0,-9999.0,0.0,0,25,-9999.0,90.0,41.0,86.9
20240406-1500,Mountain View Moffett Field Naval Air Station,"Mountain View, California, US",7.0,4.0,-9999.0,-9999.0,-9999.0,0.0,0,0,-9999.0,85.0,44.6,81.2
20240406-1600,Mountain View Moffett Field Naval Air Station,"Mountain View, California, US",10.0,5.0,-9999.0,-9999.0,-9999.0,5.4,100,0,-9999.0,75.0,50.0,71.1
20240406-1700,Mountain View Moffett Field Naval Air Station,"Mountain View, California, US",12.0,5.0,-9999.0,-9999.0,-9999.0,12.959999999999999,350,50,-9999.0,65.0,53.6,62.2
20240406-1800,Mountain View Moffett Field Naval Air Station,"Mountain View, California, US",12.0,4.0,-9999.0,-9999.0,-9999.0,11.16,20,25,-9999.0,60.0,53.6,58.0
20240406-1900,Mountain View Moffett Field Naval Air Station,"Mountain View, California, US",13.0,3.0,-9999.0,-9999.0,-9999.0,14.76,30,0,-9999.0,50.0,55.4,50.6
20240406-2000,Mountain View Moffett Field Naval Air Station,"Mountain View, California, US",13.0,3.0,-9999.0,-9999.0,-9999.0,14.76,20,0,-9999.0,50.0,55.4,50.6
20240406-2100,Mountain View Moffett Field Naval Air Station,"Mountain View, California, US",14.0,5.0,-9999.0,-9999.0,-9999.0,20.520000000000003,350,0,-9999.0,55.0,57.2,54.6
20240406-2200,Mountain View Moffett Field Naval Air Station,"Mountain View, California, US",14.0,4.0,-9999.0,-9999.0,-9999.0,22.32,350,0,-9999.0,50.0,57.2,50.9
20240406-2300,Mountain View Moffett Field Naval Air Station,"Mountain View, California, US",14.0,3.0,-9999.0,-9999.0,-9999.0,25.919999999999998,340,0,-9999.0,45.0,57.2,47.4
20240407-0000,Mountain View Moffett Field Naval Air Station,"Mountain View, California, US",14.0,3.0,-9999.0,-9999.0,-9999.0,27.72,350,0,-9999.0,45.0,57.2,47.4
20240407-0100,Mountain View Moffett Field Naval Air Station,"Mountain View, California, US",13.0,4.0,-9999.0,-9999.0,-9999.0,20.520000000000003,340,0,-9999.0,55.0,55.4,54.3
20240407-0200,Mountain View Moffett Field Naval Air Station,"Mountain View, California, US",13.0,3.0,-9999.0,-9999.0,-9999.0,11.16,300,0,-9999.0,50.0,55.4,50.6
20240407-0300,Mountain View Moffett Field Naval Air Station,"Mountain View, California, US",12.0,3.0,-9999.0,-9999.0,-9999.0,11.16,300,0,-9999.0,55.0,53.6,54.1
20240407-0400,Mountain View Moffett Field Naval Air Station,"Mountain View, California, US",11.0,3.0,-9999.0,-9999.0,-9999.0,7.5600000000000005,-9999,-9999,-9999.0,60.0,51.8,57.8
20240407-0500,Mountain View Moffett Field Naval Air Station,"Mountain View, California, US",10.0,4.0,-9999.0,-9999.0,-9999.0,5.4,300,-9999,-9999.0,70.0,50.0,66.3
20240407-0600,Mountain View Moffett Field Naval Air Station,"Mountain View, California, US",10.0,4.0,-9999.0,-9999.0,-9999.0,5.4,290,-9999,-9999.0,70.0,50.0,66.3
20240407-0700,Mountain View Moffett Field Naval Air Station,"Mountain View, California, US",9.0,4.0,-9999.0,-9999.0,-9999.0,5.4,220,-9999,-9999.0,75.0,48.2,70.9
20240407-0800,Mountain View Moffett Field Naval Air Station,"Mountain View, California, US",9.0,4.0,-9999.0,-9999.0,-9999.0,5.4,210,-9999,-9999.0,75.0,48.2,70.9
20240407-0900,Mountain View Moffett Field Naval Air Station,"Mountain View, California, US",8.0,3.0,-9999.0,-9999.0,-9999.0,0.0,0,-9999,-9999.0,75.0,46.4,70.7
20240407-1000,Mountain View Moffett Field Naval Air Station,"Mountain View, California, US",7.0,3.0,-9999.0,-9999.0,-9999.0,7.5600000000000005,220,-9999,-9999.0,80.0,44.6,75.7
20240407-1100,Mountain View Moffett Field Naval Air Station,"Mountain View, California, US",7.0,3.0,-9999.0,-9999.0,-9999.0,0.0,0,50,-9999.0,80.0,44.6,75.7
20240407-1200,Mountain View Moffett Field Naval Air Station,"Mountain View, California, US",6.0,3.0,-9999.0,-9999.0,-9999.0,5.4,130,-9999,-9999.0,85.0,42.8,81.1
20240407-1300,Mountain View Moffett Field Naval Air Station,"Mountain View, California, US",6.0,3.0,-9999.0,-9999.0,-9999.0,7.5600000000000005,140,0,-9999.0,85.0,42.8,81.1
20240407-1400,Mountain View Moffett Field Naval Air Station,"Mountain View, California, US",6.0,4.0,-9999.0,-9999.0,-9999.0,0.0,0,0,-9999.0,90.0,42.8,87.0
20240407-1500,Mountain View Moffett Field Naval Air Station,"Mountain View, California, US",9.0,5.0,-9999.0,-9999.0,-9999.0,0.0,0,0,-9999.0,80.0,48.2,76.0
20240407-1600,Mountain View Moffett Field Naval Air Station,"Mountain View, California, US",11.0,6.0,-9999.0,-9999.0,-9999.0,0.0,0,0,-9999.0,75.0,51.8,71.3
20240407-1700,Mountain View Moffett Field Naval Air Station,"Mountain View, California, US",11.0,7.0,-9999.0,-9999.0,-9999.0,9.360000000000001,360,-9999,-9999.0,80.0,51.8,76.3
20240407-1800,Mountain View Moffett Field Naval Air Station,"Mountain View, California, US",13.0,8.0,-9999.0,-9999.0,-9999.0,16.56,340,0,-9999.0,75.0,55.4,71.6
20240407-1900,Mountain View Moffett Field Naval Air Station,"Mountain View, California, US",13.0,6.0,-9999.0,-9999.0,-9999.0,18.36,350,0,-9999.0,65.0,55.4,62.5
20240407-2000,Mountain View Moffett Field Naval Air Station,"Mountain View, California, US",14.0,5.0,-9999.0,-9999.0,-9999.0,20.520000000000003,340,0,-9999.0,55.0,57.2,54.6
20240407-2100,Mountain View Moffett Field Naval Air Station,"Mountain View, California, US",15.0,7.0,-9999.0,-9999.0,-9999.0,20.520000000000003,350,0,-9999.0,60.0,59.0,58.8
20240407-2200,Mountain View Moffett Field Naval Air Station,"Mountain View, California, US",16.0,7.0,-9999.0,-9999.0,-9999.0,27.72,340,0,-9999.0,55.0,60.8,55.1
20240407-2300,Mountain View Moffett Field Naval Air Station,"Mountain View, California, US",16.0,7.0,-9999.0,-9999.0,-9999.0,18.36,340,0,-9999.0,55.0,60.8,55.1
20240408-0000,Mountain View Moffett Field Naval Air Station,"Mountain View, California, US",15.0,4.0,-9999.0,-9999.0,-9999.0,16.56,320,0,-9999.0,45.0,59.0,47.7
20240408-0100,Mountain View Moffett Field Naval Air Station,"Mountain View, California, US",15.0,4.0,-9999.0,-9999.0,-9999.0,18.36,340,0,-9999.0,45.0,59.0,47.7
20240408-0200,Mountain View Moffett Field Naval Air Station,"Mountain View, California, US",14.0,6.0,-9999.0,-9999.0,-9999.0,18.36,320,0,-9999.0,60.0,57.2,58.5
20240408-0300,Mountain View Moffett Field Naval Air Station,"Mountain View, California, US",12.0,5.0,-9999.0,-9999.0,-9999.0,7.5600000000000005,-9999,0,-9999.0,65.0,53.6,62.2
20240408-0400,Mountain View Moffett Field Naval Air Station,"Mountain View, California, US",12.0,4.0,-9999.0,-9999.0,-9999.0,11.16,-9999,0,-9999.0,60.0,53.6,58.0
20240408-0500,Mountain View Moffett Field Naval Air Station,"Mountain View, California, US",11.0,4.0,-9999.0,-9999.0,-9999.0,7.5600000000000005,270,0,-9999.0,65.0,51.8,62.0
20240408-0600,Mountain View Moffett Field Naval Air Station,"Mountain View, California, US",11.0,5.0,-9999.0,-9999.0,-9999.0,11.16,310,0,-9999.0,70.0,51.8,66.5
20240408-0700,Mountain View Moffett Field Naval Air Station,"Mountain View, California, US",10.0,6.0,-9999.0,-9999.0,-9999.0,0.0,0,0,-9999.0,80.0,50.0,76.2
20240408-0800,Mountain View Moffett Field Naval Air Station,"Mountain View, California, US",10.0,4.0,-9999.0,-9999.0,-9999.0,0.0,0,0,-9999.0,70.0,50.0,66.3
20240408-0900,Mountain View Moffett Field Naval Air Station,"Mountain View, California, US",9.0,4.0,-9999.0,-9999.0,-9999.0,0.0,0,0,-9999.0,75.0,48.2,70.9
20240408-1000,Mountain View Moffett Field Naval Air Station,"Mountain View, California, US",9.0,4.0,-9999.0,-9999.0,-9999.0,0.0,0,0,-9999.0,75.0,48.2,70.9
20240408-1100,Mountain View Moffett Field Naval Air Station,"Mountain View, California, US",8.0,5.0,-9999.0,-9999.0,-9999.0,0.0,0,0,-9999.0,85.0,46.4,81.3
20240408-1200,Mountain View Moffett Field Naval Air Station,"Mountain View, California, US",8.0,5.0,-9999.0,-9999.0,-9999.0,0.0,0,0,-9999.0,85.0,46.4,81.3
20240408-1300,Mountain View Moffett Field Naval Air Station,"Mountain View, California, US",8.0,5.0,-9999.0,-9999.0,-9999.0,0.0,0,0,-9999.0,85.0,46.4,81.3
20240408-1400,Mountain View Moffett Field Naval Air Station,"Mountain View, California, US",8.0,5.0,-9999.0,-9999.0,-9999.0,0.0,0,0,-9999.0,85.0,46.4,81.3
20240408-1500,Mountain View Moffett Field Naval Air Station,"Mountain View, California, US",10.0,6.0,-9999.0,-9999.0,-9999.0,0.0,0,0,-9999.0,80.0,50.0,76.2
20240408-1600,Mountain View Moffett Field Naval Air Station,"Mountain View, California, US",12.0,7.0,-9999.0,-9999.0,-9999.0,5.4,330,0,-9999.0,75.0,53.6,71.5
20240408-1700,Mountain View Moffett Field Naval Air Station,"Mountain View, California, US",14.0,6.0,-9999.0,-9999.0,-9999.0,5.4,340,0,-9999.0,60.0,57.2,58.5
20240408-1800,Mountain View Moffett Field Naval Air Station,"Mountain View, California, US",15.0,7.0,-9999.0,-9999.0,-9999.0,12.959999999999999,350,0,-9999.0,60.0,59.0,58.8
20240408-1900,Mountain View Moffett Field Naval Air Station,"Mountain View, California, US",15.0,8.0,-9999.0,-9999.0,-9999.0,18.36,350,0,-9999.0,65.0,59.0,62.9
20240408-2000,Mountain View Moffett Field Naval Air Station,"Mountain View, California, US",17.0,6.0,-9999.0,-9999.0,-9999.0,18.36,350,0,-9999.0,45.0,62.6,48.3
20240408-2100,Mountain View Moffett Field Naval Air Station,"Mountain View, California, US",19.0,7.0,-9999.0,-9999.0,-9999.0,20.520000000000003,360,0,-9999.0,40.0,66.2,45.6
20240408-2200,Mountain View Moffett Field Naval Air Station,"Mountain View, California, US",20.0,6.0,-9999.0,-9999.0,-9999.0,20.520000000000003,340,0,-9999.0,30.0,68.0,40.0
20240408-2300,Mountain View Moffett Field Naval Air Station,"Mountain View, California, US",20.0,4.0,-9999.0,-9999.0,-9999.0,18.36,340,0,-9999.0,20.0,68.0,34.8
20240409-0000,Mountain View Moffett Field Naval Air Station,"Mountain View, California, US",20.0,8.0,-9999.0,-9999.0,-9999.0,16.56,350,0,-9999.0,40.0,68.0,45.9
20240409-0100,Mountain View Moffett Field Naval Air Station,"Mountain View, California, US",19.0,8.0,-9999.0,-9999.0,-9999.0,20.520000000000003,350,0,-9999.0,45.0,66.2,48.8
20240409-0200,Mountain View Moffett Field Naval Air Station,"Mountain View, California, US",18.0,5.0,-9999.0,-9999.0,-9999.0,11.16,340,0,-9999.0,35.0,64.4,42.3
20240409-0300,Mountain View Moffett Field Naval Air Station,"Mountain View, California, US",15.0,9.0,-9999.0,-9999.0,-9999.0,18.36,10,0,-9999.0,70.0,59.0,67.3
20240409-0400,Mountain View Moffett Field Naval Air Station,"Mountain View, California, US",13.0,10.0,-9999.0,-9999.0,-9999.0,11.16,10,0,-9999.0,85.0,55.4,82.0
20240409-0500,Mountain View Moffett Field Naval Air Station,"Mountain View, California, US",13.0,9.0,-9999.0,-9999.0,-9999.0,0.0,0,0,-9999.0,80.0,55.4,76.7
20240409-0600,Mountain View Moffett Field Naval Air Station,"Mountain View, California, US",13.0,9.0,-9999.0,-9999.0,-9999.0,0.0,0,0,-9999.0,80.0,55.4,76.7
20240409-0700,Mountain View Moffett Field Naval Air Station,"Mountain View, California, US",13.0,9.0,-9999.0,-9999.0,-9999.0,0.0,0,-9999,-9999.0,80.0,55.4,76.7
20240409-0800,Mountain View Moffett Field Naval Air Station,"Mountain View, California, US",11.0,7.0,-9999.0,-9999.0,-9999.0,0.0,0,50,-9999.0,80.0,51.8,76.3
20240409-0900,Mountain View Moffett Field Naval Air Station,"Mountain View, California, US",11.0,6.0,-9999.0,-9999.0,-9999.0,0.0,0,0,-9999.0,75.0,51.8,71.3
20240409-1000,Mountain View Moffett Field Naval Air Station,"Mountain View, California, US",10.0,5.0,-9999.0,-9999.0,-9999.0,0.0,0,0,-9999.0,75.0,50.0,71.1
20240409-1100,Mountain View Moffett Field Naval Air Station,"Mountain View, California, US",9.0,5.0,-9999.0,-9999.0,-9999.0,0.0,0,0,-9999.0,80.0,48.2,76.0
20240409-1200,Mountain View Moffett Field Naval Air Station,"Mountain View, California, US",9.0,5.0,-9999.0,-9999.0,-9999.0,0.0,0,0,-9999.0,80.0,48.2,76.0
20240409-1300,Mountain View Moffett Field Naval Air Station,"Mountain View, California, US",9.0,5.0,-9999.0,-9999.0,-9999.0,7.5600000000000005,150,0,-9999.0,80.0,48.2,76.0
20240409-1400,Mountain View Moffett Field Naval Air Station,"Mountain View, California, US",9.0,5.0,-9999.0,-9999.0,-9999.0,0.0,0,0,-9999.0,80.0,48.2,76.0
20240409-1500,Mountain View Moffett Field Naval Air Station,"Mountain View, California, US",11.0,6.0,-9999.0,-9999.0,-9999.0,5.4,130,0,-9999.0,75.0,51.8,71.3
20240409-1600,Mountain View Moffett Field Naval Air Station,"Mountain View, California, US",14.0,5.0,-9999.0,-9999.0,-9999.0,0.0,0,0,-9999.0,55.0,57.2,54.6
20240409-1700,Mountain View Moffett Field Naval Air Station,"Mountain View, California, US",17.0,6.0,-9999.0,-9999.0,-9999.0,0.0,0,0,-9999.0,45.0,62.6,48.3
20240409-1800,Mountain View Moffett Field Naval Air Station,"Mountain View, California, US",17.0,8.0,-9999.0,-9999.0,-9999.0,0.0,0,0,-9999.0,55.0,62.6,55.4
20240409-1900,Mountain View Moffett Field Naval Air Station,"Mountain View, California, US",19.0,6.0,-9999.0,-9999.0,-9999.0,11.16,360,0,-9999.0,35.0,66.2,42.6
20240409-2000,Mountain View Moffett Field Naval Air Station,"Mountain View, California, US",20.0,8.0,-9999.0,-9999.0,-9999.0,14.76,350,0,-9999.0,40.0,68.0,45.9
20240409-2100,Mountain View Moffett Field Naval Air Station,"Mountain View, California, US",21.0,7.0,-9999.0,-9999.0,-9999.0,12.959999999999999,350,0,-9999.0,30.0,69.8,40.3
20240409-2200,Mountain View Moffett Field Naval Air Station,"Mountain View, California, US",22.0,6.0,-9999.0,-9999.0,-9999.0,14.76,360,0,-9999.0,20.0,71.6,35.4
20240409-2300,Mountain View Moffett Field Naval Air Station,"Mountain View, California, US",22.0,7.0,-9999.0,-9999.0,-9999.0,18.36,350,0,-9999.0,25.0,71.6,37.9
20240410-0000,Mountain View Moffett Field Naval Air Station,"Mountain View, California, US",21.0,10.0,-9999.0,-9999.0,-9999.0,20.520000000000003,340,0,-9999.0,45.0,69.8,49.4
20240410-0100,Mountain View Moffett Field Naval Air Station,"Mountain View, California, US",19.0,12.0,-9999.0,-9999.0,-9999.0,18.36,340,0,-9999.0,65.0,66.2,63.8
20240410-0200,Mountain View Moffett Field Naval Air Station,"Mountain View, California, US",17.0,12.0,-9999.0,-9999.0,-9999.0,18.36,340,0,-9999.0,75.0,62.6,72.4
20240410-0300,Mountain View Moffett Field Naval Air Station,"Mountain View, California, US",16.0,12.0,-9999.0,-9999.0,-9999.0,12.959999999999999,350,0,-9999.0,80.0,60.8,77.1
20240410-0400,Mountain View Moffett Field Naval Air Station,"Mountain View, California, US",15.0,11.0,-9999.0,-9999.0,-9999.0,14.76,340,0,-9999.0,80.0,59.0,77.0
20240410-0500,Mountain View Moffett Field Naval Air Station,"Mountain View, California, US",14.0,11.0,-9999.0,-9999.0,-9999.0,5.4,340,0,-9999.0,85.0,57.2,82.1
20240410-0600,Mountain View Moffett Field Naval Air Station,"Mountain View, California, US",13.0,11.0,-9999.0,-9999.0,-9999.0,7.5600000000000005,360,0,-9999.0,90.0,55.4,87.6
20240410-0700,Mountain View Moffett Field Naval Air Station,"Mountain View, California, US",13.0,10.0,-9999.0,-9999.0,-9999.0,9.360000000000001,330,0,-9999.0,85.0,55.4,82.0
20240410-0800,Mountain View Moffett Field Naval Air Station,"Mountain View, California, US",13.0,11.0,-9999.0,-9999.0,-9999.0,0.0,0,0,-9999.0,90.0,55.4,87.6
20240410-0900,Mountain View Moffett Field Naval Air Station,"Mountain View, California, US",12.0,10.0,-9999.0,-9999.0,-9999.0,0.0,0,0,-9999.0,90.0,53.6,87.6
20240410-1000,Mountain View Moffett Field Naval Air Station,"Mountain View, California, US",12.0,10.0,-9999.0,-9999.0,-9999.0,0.0,0,0,-9999.0,90.0,53.6,87.6
20240410-1100,Mountain View Moffett Field Naval Air Station,"Mountain View, California, US",11.0,10.0,-9999.0,-9999.0,-9999.0,0.0,0,0,-9999.0,95.0,51.8,93.5
20240410-1200,Mountain View Moffett Field Naval Air Station,"Mountain View, California, US",11.0,9.0,-9999.0,-9999.0,-9999.0,0.0,0,0,-9999.0,90.0,51.8,87.5
20240410-1300,Mountain View Moffett Field Naval Air Station,"Mountain View, California, US",10.0,9.0,-9999.0,-9999.0,-9999.0,0.0,0,0,-9999.0,95.0,50.0,93.5
20240410-1400,Mountain View Moffett Field Naval Air Station,"Mountain View, California, US",10.0,9.0,-9999.0,-9999.0,-9999.0,0.0,0,0,-9999.0,95.0,50.0,93.5
20240410-1500,Mountain View Moffett Field Naval Air Station,"Mountain View, California, US",12.0,10.0,-9999.0,-9999.0,-9999.0,0.0,0,0,-9999.0,90.0,53.6,87.6
20240410-1600,Mountain View Moffett Field Naval Air Station,"Mountain View, California, US",14.0,11.0,-9999.0,-9999.0,-9999.0,0.0,0,0,-9999.0,85.0,57.2,82.1
20240410-1700,Mountain View Moffett Field Naval Air Station,"Mountain View, California, US",15.0,12.0,-9999.0,-9999.0,-9999.0,0.0,0,0,-9999.0,85.0,59.0,82.2
20240410-1800,Mountain View Moffett Field Naval Air Station,"Mountain View, California, US",17.0,12.0,-9999.0,-9999.0,-9999.0,0.0,0,0,-9999.0,75.0,62.6,72.4
20240410-1900,Mountain View Moffett Field Naval Air Station,"Mountain View, California, US",19.0,13.0,-9999.0,-9999.0,-9999.0,9.360000000000001,360,0,-9999.0,70.0,66.2,68.2
20240410-2000,Mountain View Moffett Field Naval Air Station,"Mountain View, California, US",21.0,11.0,-9999.0,-9999.0,-9999.0,7.5600000000000005,350,0,-9999.0,50.0,69.8,52.8
20240410-2100,Mountain View Moffett Field Naval Air Station,"Mountain View, California, US",23.0,10.0,-9999.0,-9999.0,-9999.0,9.360000000000001,330,0,-9999.0,35.0,73.4,43.7
20240410-2200,Mountain View Moffett Field Naval Air Station,"Mountain View, California, US",23.0,11.0,-9999.0,-9999.0,-9999.0,18.36,350,0,-9999.0,40.0,73.4,46.7
20240410-2300,Mountain View Moffett Field Naval Air Station,"Mountain View, California, US",23.0,13.0,-9999.0,-9999.0,-9999.0,18.36,350,0,-9999.0,50.0,73.4,53.3
20240411-0000,Mountain View Moffett Field Naval Air Station,"Mountain View, California, US",23.0,12.0,-9999.0,-9999.0,-9999.0,14.76,340,0,-9999.0,45.0,73.4,49.9
20240411-0100,Mountain View Moffett Field Naval Air Station,"Mountain View, California, US",22.0,12.0,-9999.0,-9999.0,-9999.0,14.76,340,0,-9999.0,50.0,71.6,53.0
20240411-0200,Mountain View Moffett Field Naval Air Station,"Mountain View, California, US",21.0,12.0,-9999.0,-9999.0,-9999.0,12.959999999999999,320,0,-9999.0,55.0,69.8,56.4
20240411-0300,Mountain View Moffett Field Naval Air Station,"Mountain View, California, US",18.0,12.0,-9999.0,-9999.0,-9999.0,12.959999999999999,320,0,-9999.0,70.0,64.4,68.0
20240411-0400,Mountain View Moffett Field Naval Air Station,"Mountain View, California, US",16.0,12.0,-9999.0,-9999.0,-9999.0,12.959999999999999,340,0,-9999.0,80.0,60.8,77.1
20240411-0500,Mountain View Moffett Field Naval Air Station,"Mountain View, California, US",16.0,10.0,-9999.0,-9999.0,-9999.0,9.360000000000001,310,0,-9999.0,70.0,60.8,67.5
20240411-0600,Mountain View Moffett Field Naval Air Station,"Mountain View, California, US",16.0,10.0,-9999.0,-9999.0,-9999.0,0.0,0,0,-9999.0,70.0,60.8,67.5
20240411-0700,Mountain View Moffett Field Naval Air Station,"Mountain View, California, US",15.0,10.0,-9999.0,-9999.0,-9999.0,0.0,0,0,-9999.0,75.0,59.0,72.0
20240411-0800,Mountain View Moffett Field Naval Air Station,"Mountain View, California, US",15.0,10.0,-9999.0,-9999.0,-9999.0,0.0,0,0,-9999.0,75.0,59.0,72.0
20240411-0900,Mountain View Moffett Field Naval Air Station,"Mountain View, California, US",14.0,10.0,-9999.0,-9999.0,-9999.0,0.0,0,0,-9999.0,80.0,57.2,76.8
20240411-1000,Mountain View Moffett Field Naval Air Station,"Mountain View, California, US",14.0,11.0,-9999.0,-9999.0,-9999.0,0.0,0,0,-9999.0,85.0,57.2,82.1
20240411-1100,Mountain View Moffett Field Naval Air Station,"Mountain View, California, US",13.0,10.0,-9999.0,-9999.0,-9999.0,0.0,0,-9999,-9999.0,85.0,55.4,82.0
20240411-1200,Mountain View Moffett Field Naval Air Station,"Mountain View, California, US",13.0,10.0,-9999.0,-9999.0,-9999.0,0.0,0,-9999,-9999.0,85.0,55.4,82.0
20240411-1300,Mountain View Moffett Field Naval Air Station,"Mountain View, California, US",12.0,10.0,-9999.0,-9999.0,-9999.0,0.0,0,-9999,-9999.0,90.0,53.6,87.6
20240411-1400,Mountain View Moffett Field Naval Air Station,"Mountain View, California, US",13.0,10.0,-9999.0,-9999.0,-9999.0,0.0,0,50,-9999.0,85.0,55.4,82.0
20240411-1500,Mountain View Moffett Field Naval Air Station,"Mountain View, California, US",14.0,11.0,-9999.0,-9999.0,-9999.0,0.0,0,0,-9999.0,85.0,57.2,82.1
20240411-1600,Mountain View Moffett Field Naval Air Station,"Mountain View, California, US",15.0,12.0,-9999.0,-9999.0,-9999.0,7.5600000000000005,350,0,-9999.0,85.0,59.0,82.2
20240411-1700,Mountain View Moffett Field Naval Air Station,"Mountain View, California, US",17.0,13.0,-9999.0,-9999.0,-9999.0,7.5600000000000005,360,0,-9999.0,80.0,62.6,77.3
20240411-1800,Mountain View Moffett Field Naval Air Station,"Mountain View, California, US",19.0,14.0,-9999.0,-9999.0,-9999.0,0.0,0,0,-9999.0,75.0,66.2,72.7
20240411-1900,Mountain View Moffett Field Naval Air Station,"Mountain View, California, US",21.0,14.0,-9999.0,-9999.0,-9999.0,7.5600000000000005,-9999,0,-9999.0,65.0,69.8,64.3
20240411-2000,Mountain View Moffett Field Naval Air Station,"Mountain View, California, US",22.0,14.0,-9999.0,-9999.0,-9999.0,14.76,360,0,-9999.0,60.0,71.6,60.4
20240411-2100,Mountain View Moffett Field Naval Air Station,"Mountain View, California, US",22.0,12.0,-9999.0,-9999.0,-9999.0,16.56,320,0,-9999.0,50.0,71.6,53.0
20240411-2200,Mountain View Moffett Field Naval Air Station,"Mountain View, California, US",23.0,13.0,-9999.0,-9999.0,-9999.0,18.36,340,0,-9999.0,50.0,73.4,53.3
20240411-2300,Mountain View Moffett Field Naval Air Station,"Mountain View, California, US",21.0,10.0,-9999.0,-9999.0,-9999.0,22.32,340,0,-9999.0,45.0,69.8,49.4
20240412-0000,Mountain View Moffett Field Naval Air Station,"Mountain View, California, US",18.0,11.0,-9999.0,-9999.0,-9999.0,24.12,340,0,-9999.0,65.0,64.4,63.6
20240412-0100,Mountain View Moffett Field Naval Air Station,"Mountain View, California, US",18.0,10.0,-9999.0,-9999.0,-9999.0,27.72,340,0,-9999.0,60.0,64.4,59.5
20240412-0200,Mountain View Moffett Field Naval Air Station,"Mountain View, California, US",16.0,10.0,-9999.0,-9999.0,-9999.0,16.56,330,0,-9999.0,70.0,60.8,67.5
20240412-0300,Mountain View Moffett Field Naval Air Station,"Mountain View, California, US",15.0,10.0,-9999.0,-9999.0,-9999.0,12.959999999999999,330,0,-9999.0,75.0,59.0,72.0
20240412-0400,Mountain View Moffett Field Naval Air Station,"Mountain View, California, US",15.0,10.0,-9999.0,-9999.0,-9999.0,0.0,0,-9999,-9999.0,75.0,59.0,72.0
20240412-0500,Mountain View Moffett Field Naval Air Station,"Mountain View, California, US",14.0,10.0,-9999.0,-9999.0,-9999.0,12.959999999999999,30,25,-9999.0,80.0,57.2,76.8
20240412-0600,Mountain View Moffett Field Naval Air Station,"Mountain View, California, US",13.0,10.0,-9999.0,-9999.0,-9999.0,9.360000000000001,50,0,-9999.0,85.0,55.4,82.0
20240412-0700,Mountain View Moffett Field Naval Air Station,"Mountain View, California, US",13.0,10.0,-9999.0,-9999.0,-9999.0,0.0,0,0,-9999.0,85.0,55.4,82.0
20240412-0800,Mountain View Moffett Field Naval Air Station,"Mountain View, California, US",13.0,9.0,-9999.0,-9999.0,-9999.0,7.5600000000000005,330,0,-9999.0,80.0,55.4,76.7
20240412-0900,Mountain View Moffett Field Naval Air Station,"Mountain View, California, US",13.0,10.0,-9999.0,-9999.0,-9999.0,0.0,0,0,-9999.0,85.0,55.4,82.0
20240412-1000,Mountain View Moffett Field Naval Air Station,"Mountain View, California, US",13.0,10.0,-9999.0,-9999.0,-9999.0,0.0,0,0,-9999.0,85.0,55.4,82.0
20240412-1100,Mountain View Moffett Field Naval Air Station,"Mountain View, California, US",12.0,10.0,-9999.0,-9999.0,-9999.0,0.0,0,0,-9999.0,90.0,53.6,87.6
20240412-1200,Mountain View Moffett Field Naval Air Station,"Mountain View, California, US",11.0,9.0,-9999.0,-9999.0,-9999.0,0.0,0,0,-9999.0,90.0,51.8,87.5
20240412-1300,Mountain View Moffett Field Naval Air Station,"Mountain View, California, US",11.0,8.0,-9999.0,-9999.0,-9999.0,9.360000000000001,330,0,-9999.0,85.0,51.8,81.7
20240412-1400,Mountain View Moffett Field Naval Air Station,"Mountain View, California, US",10.0,8.0,-9999.0,-9999.0,-9999.0,12.959999999999999,360,0,-9999.0,90.0,50.0,87.4
20240412-1500,Mountain View Moffett Field Naval Air Station,"Mountain View, California, US",12.0,9.0,-9999.0,-9999.0,-9999.0,16.56,10,0,-9999.0,85.0,53.6,81.9
20240412-1600,Mountain View Moffett Field Naval Air Station,"Mountain View, California, US",13.0,9.0,-9999.0,-9999.0,-9999.0,7.5600000000000005,10,0,-9999.0,80.0,55.4,76.7
20240412-1700,Mountain View Moffett Field Naval Air Station,"Mountain View, California, US",14.0,9.0,-9999.0,-9999.0,-9999.0,7.5600000000000005,30,0,-9999.0,75.0,57.2,71.8
20240412-1800,Mountain View Moffett Field Naval Air Station,"Mountain View, California, US",16.0,9.0,-9999.0,-9999.0,-9999.0,7.5600000000000005,150,0,-9999.0,65.0,60.8,63.1
20240412-1900,Mountain View Moffett Field Naval Air Station,"Mountain View, California, US",16.0,10.0,-9999.0,-9999.0,-9999.0,18.36,350,0,-9999.0,70.0,60.8,67.5
20240412-2000,Mountain View Moffett Field Naval Air Station,"Mountain View, California, US",17.0,10.0,-9999.0,-9999.0,-9999.0,16.56,360,50,-9999.0,65.0,62.6,63.4
20240412-2100,Mountain View Moffett Field Naval Air Station,"Mountain View, California, US",18.0,10.0,-9999.0,-9999.0,-9999.0,18.36,10,0,-9999.0,60.0,64.4,59.5
20240412-2200,Mountain View Moffett Field Naval Air Station,"Mountain View, California, US",20.0,7.0,-9999.0,-9999.0,-9999.0,18.36,160,50,-9999.0,35.0,68.0,42.9
20240412-2300,Mountain View Moffett Field Naval Air Station,"Mountain View, California, US",18.0,7.0,-9999.0,-9999.0,-9999.0,16.56,180,0,-9999.0,45.0,64.4,48.6
20240413-0000,Mountain View Moffett Field Naval Air Station,"Mountain View, California, US",16.0,7.0,-9999.0,-9999.0,-9999.0,24.12,190,0,-9999.0,55.0,60.8,55.1
20240413-0100,Mountain View Moffett Field Naval Air Station,"Mountain View, California, US",15.0,6.0,-9999.0,-9999.0,-9999.0,14.76,200,0,-9999.0,55.0,59.0,54.9
20240413-0200,Mountain View Moffett Field Naval Air Station,"Mountain View, California, US",15.0,5.0,-9999.0,-9999.0,-9999.0,24.12,200,0,-9999.0,50.0,59.0,51.2
20240413-0300,Mountain View Moffett Field Naval Air Station,"Mountain View, California, US",14.0,6.0,-9999.0,-9999.0,-9999.0,18.36,220,50,-9999.0,60.0,57.2,58.5
20240413-0400,Mountain View Moffett Field Naval Air Station,"Mountain View, California, US",14.0,6.0,-9999.0,-9999.0,-9999.0,14.76,170,0,-9999.0,60.0,57.2,58.5
20240413-0500,Mountain View Moffett Field Naval Air Station,"Mountain View, California, US",14.0,7.0,-9999.0,-9999.0,-9999.0,16.56,170,50,-9999.0,65.0,57.2,62.7
20240413-0600,Mountain View Moffett Field Naval Air Station,"Mountain View, California, US",14.0,7.0,-9999.0,-9999.0,-9999.0,22.32,190,-9999,-9999.0,65.0,57.2,62.7
20240413-0700,Mountain View Moffett Field Naval Air Station,"Mountain View, California, US",14.0,7.0,-9999.0,-9999.0,-9999.0,18.36,170,-9999,-9999.0,65.0,57.2,62.7
20240413-0800,Mountain View Moffett Field Naval Air Station,"Mountain View, California, US",14.0,7.0,-9999.0,-9999.0,-9999.0,18.36,170,-9999,-9999.0,65.0,57.2,62.7
20240413-0900,Mountain View Moffett Field Naval Air Station,"Mountain View, California, US",14.0,8.0,-9999.0,-9999.0,-9999.0,18.36,180,-9999,-9999.0,70.0,57.2,67.1
20240413-1000,Mountain View Moffett Field Naval Air Station,"Mountain View, California, US",13.0,9.0,-9999.0,-9999.0,-9999.0,14.76,170,-9999,-9999.0,80.0,55.4,76.7
20240413-1100,Mountain View Moffett Field Naval Air Station,"Mountain View, California, US",13.0,9.0,-9999.0,-9999.0,-9999.0,12.959999999999999,170,-9999,-9999.0,80.0,55.4,76.7
20240413-1200,Mountain View Moffett Field Naval Air Station,"Mountain View, California, US",10.0,9.0,-9999.0,2.8,-9999.0,7.5600000000000005,260,-9999,-9999.0,95.0,50.0,93.5
20240413-1300,Mountain View Moffett Field Naval Air Station,"Mountain View, California, US",9.0,7.0,-9999.0,0.3,-9999.0,12.959999999999999,280,-9999,-9999.0,90.0,48.2,87.3
20240413-1400,Mountain View Moffett Field Naval Air Station,"Mountain View, California, US",8.0,6.0,-9999.0,0.5,-9999.0,9.360000000000001,270,-9999,-9999.0,90.0,46.4,87.2
20240413-1500,Mountain View Moffett Field Naval Air Station,"Mountain View, California, US",8.0,6.0,-9999.0,0.5,-9999.0,0.0,0,-9999,-9999.0,90.0,46.4,87.2
20240413-1600,Mountain View Moffett Field Naval Air Station,"Mountain View, California, US",8.0,6.0,-9999.0,0.3,-9999.0,14.76,130,-9999,-9999.0,90.0,46.4,87.2
20240413-1700,Mountain View Moffett Field Naval Air Station,"Mountain View, California, US",8.0,6.0,-9999.0,-9999.0,-9999.0,22.32,140,-9999,-9999.0,90.0,46.4,87.2
20240413-1800,Mountain View Moffett Field Naval Air Station,"Mountain View, California, US",9.0,6.0,-9999.0,0.3,-9999.0,22.32,140,50,-9999.0,85.0,48.2,81.5
20240413-1900,Mountain View Moffett Field Naval Air Station,"Mountain View, California, US",9.0,6.0,-9999.0,-9999.0,-9999.0,18.36,140,0,-9999.0,85.0,48.2,81.5
20240413-2000,Mountain View Moffett Field Naval Air Station,"Mountain View, California, US",10.0,6.0,-9999.0,-9999.0,-9999.0,20.520000000000003,150,0,-9999.0,80.0,50.0,76.2
20240413-2100,Mountain View Moffett Field Naval Air Station,"Mountain View, California, US",11.0,6.0,-9999.0,-9999.0,-9999.0,20.520000000000003,100,-9999,-9999.0,75.0,51.8,71.3
20240413-2200,Mountain View Moffett Field Naval Air Station,"Mountain View, California, US",11.0,6.0,-9999.0,-9999.0,-9999.0,16.56,120,-9999,-9999.0,75.0,51.8,71.3
20240413-2300,Mountain View Moffett Field Naval Air Station,"Mountain View, California, US",12.0,6.0,-9999.0,-9999.0,-9999.0,18.36,150,-9999,-9999.0,70.0,53.6,66.7
20240414-0000,Mountain View Moffett Field Naval Air Station,"Mountain View, California, US",11.0,7.0,-9999.0,-9999.0,-9999.0,18.36,130,-9999,-9999.0,80.0,51.8,76.3
20240414-0100,Mountain View Moffett Field Naval Air Station,"Mountain View, California, US",10.0,8.0,-9999.0,-9999.0,-9999.0,14.76,130,-9999,-9999.0,90.0,50.0,87.4
20240414-0200,Mountain View Moffett Field Naval Air Station,"Mountain View, California, US",10.0,8.0,-9999.0,-9999.0,-9999.0,14.76,130,-9999,-9999.0,90.0,50.0,87.4
20240414-0300,Mountain View Moffett Field Naval Air Station,"Mountain View, California, US",10.0,7.0,-9999.0,-9999.0,-9999.0,16.56,130,-9999,-9999.0,85.0,50.0,81.6
20240414-0400,Mountain View Moffett Field Naval Air Station,"Mountain View, California, US",9.0,5.0,-9999.0,-9999.0,-9999.0,20.520000000000003,140,50,-9999.0,80.0,48.2,76.0
20240414-0500,Mountain View Moffett Field Naval Air Station,"Mountain View, California, US",9.0,5.0,-9999.0,-9999.0,-9999.0,12.959999999999999,140,-9999,-9999.0,80.0,48.2,76.0
20240414-0600,Mountain View Moffett Field Naval Air Station,"Mountain View, California, US",9.0,4.0,-9999.0,-9999.0,-9999.0,16.56,150,-9999,-9999.0,75.0,48.2,70.9
20240414-0700,Mountain View Moffett Field Naval Air Station,"Mountain View, California, US",9.0,5.0,-9999.0,-9999.0,-9999.0,20.520000000000003,130,-9999,-9999.0,80.0,48.2,76.0
20240414-0800,Mountain View Moffett Field Naval Air Station,"Mountain View, California, US",8.0,6.0,-9999.0,1.0,-9999.0,12.959999999999999,140,-9999,-9999.0,90.0,46.4,87.2
20240414-0900,Mountain View Moffett Field Naval Air Station,"Mountain View, California, US",8.0,6.0,-9999.0,0.3,-9999.0,0.0,0,-9999,-9999.0,90.0,46.4,87.2
20240414-1000,Mountain View Moffett Field Naval Air Station,"Mountain View, California, US",9.0,7.0,-9999.0,0.2,-9999.0,7.5600000000000005,60,-9999,-9999.0,90.0,48.2,87.3
20240414-1100,Mountain View Moffett Field Naval Air Station,"Mountain View, California, US",9.0,7.0,-9999.0,0.2,-9999.0,9.360000000000001,130,-9999,-9999.0,90.0,48.2,87.3
20240414-1200,Mountain View Moffett Field Naval Air Station,"Mountain View, California, US",9.0,7.0,-9999.0,1.0,-9999.0,11.16,20,-9999,-9999.0,90.0,48.2,87.3
20240414-1300,Mountain View Moffett Field Naval Air Station,"Mountain View, California, US",8.0,7.0,-9999.0,-9999.0,-9999.0,11.16,30,-9999,-9999.0,95.0,46.4,93.4
20240414-1400,Mountain View Moffett Field Naval Air Station,"Mountain View, California, US",8.0,7.0,-9999.0,-9999.0,-9999.0,0.0,0,50,-9999.0,95.0,46.4,93.4
20240414-1500,Mountain View Moffett Field Naval Air Station,"Mountain View, California, US",10.0,8.0,-9999.0,-9999.0,-9999.0,11.16,320,0,-9999.0,90.0,50.0,87.4
20240414-1600,Mountain View Moffett Field Naval Air Station,"Mountain View, California, US",10.0,8.0,-9999.0,-9999.0,-9999.0,12.959999999999999,360,-9999,-9999.0,90.0,50.0,87.4
20240414-1700,Mountain View Moffett Field Naval Air Station,"Mountain View, California, US",11.0,7.0,-9999.0,-9999.0,-9999.0,7.5600000000000005,350,-9999,-9999.0,80.0,51.8,76.3
20240414-1800,Mountain View Moffett Field Naval Air Station,"Mountain View, California, US",12.0,7.0,-9999.0,-9999.0,-9999.0,11.16,310,-9999,-9999.0,75.0,53.6,71.5
20240414-1900,Mountain View Moffett Field Naval Air Station,"Mountain View, California, US",13.0,9.0,-9999.0,-9999.0,-9999.0,14.76,350,-9999,-9999.0,80.0,55.4,76.7
20240414-2000,Mountain View Moffett Field Naval Air Station,"Mountain View, California, US",14.0,7.0,-9999.0,-9999.0,-9999.0,7.5600000000000005,-9999,0,-9999.0,65.0,57.2,62.7
20240414-2100,Mountain View Moffett Field Naval Air Station,"Mountain View, California, US",15.0,8.0,-9999.0,-9999.0,-9999.0,18.36,340,0,-9999.0,65.0,59.0,62.9
20240414-2200,Mountain View Moffett Field Naval Air Station,"Mountain View, California, US",15.0,7.0,-9999.0,-9999.0,-9999.0,16.56,340,0,-9999.0,60.0,59.0,58.8
20240414-2300,Mountain View Moffett Field Naval Air Station,"Mountain View, California, US",15.0,6.0,-9999.0,-9999.0,-9999.0,24.12,340,25,-9999.0,55.0,59.0,54.9
20240415-0000,Mountain View Moffett Field Naval Air Station,"Mountain View, California, US",15.0,6.0,-9999.0,-9999.0,-9999.0,18.36,320,0,-9999.0,55.0,59.0,54.9
20240415-0100,Mountain View Moffett Field Naval Air Station,"Mountain View, California, US",15.0,7.0,-9999.0,-9999.0,-9999.0,14.76,330,0,-9999.0,60.0,59.0,58.8
20240415-0200,Mountain View Moffett Field Naval Air Station,"Mountain View, California, US",14.0,6.0,-9999.0,-9999.0,-9999.0,14.76,300,0,-9999.0,60.0,57.2,58.5
20240415-0300,Mountain View Moffett Field Naval Air Station,"Mountain View, California, US",13.0,6.0,-9999.0,-9999.0,-9999.0,12.959999999999999,300,-9999,-9999.0,65.0,55.4,62.5
20240415-0400,Mountain View Moffett Field Naval Air Station,"Mountain View, California, US",12.0,6.0,-9999.0,-9999.0,-9999.0,12.959999999999999,330,-9999,-9999.0,70.0,53.6,66.7
20240415-0500,Mountain View Moffett Field Naval Air Station,"Mountain View, California, US",12.0,6.0,-9999.0,-9999.0,-9999.0,9.360000000000001,260,-9999,-9999.0,70.0,53.6,66.7
20240415-0600,Mountain View Moffett Field Naval Air Station,"Mountain View, California, US",12.0,7.0,-9999.0,-9999.0,-9999.0,7.5600000000000005,280,-9999,-9999.0,75.0,53.6,71.5
20240415-0700,Mountain View Moffett Field Naval Air Station,"Mountain View, California, US",12.0,8.0,-9999.0,-9999.0,-9999.0,9.360000000000001,340,-9999,-9999.0,80.0,53.6,76.5
20240415-0800,Mountain View Moffett Field Naval Air Station,"Mountain View, California, US",11.0,8.0,-9999.0,-9999.0,-9999.0,7.5600000000000005,-9999,-9999,-9999.0,85.0,51.8,81.7
20240415-0900,Mountain View Moffett Field Naval Air Station,"Mountain View, California, US",11.0,8.0,-9999.0,-9999.0,-9999.0,0.0,0,-9999,-9999.0,85.0,51.8,81.7
20240415-1000,Mountain View Moffett Field Naval Air Station,"Mountain View, California, US",11.0,8.0,-9999.0,-9999.0,-9999.0,7.5600000000000005,280,-9999,-9999.0,85.0,51.8,81.7
20240415-1100,Mountain View Moffett Field Naval Air Station,"Mountain View, California, US",11.0,8.0,-9999.0,-9999.0,-9999.0,7.5600000000000005,270,-9999,-9999.0,85.0,51.8,81.7
20240415-1200,Mountain View Moffett Field Naval Air Station,"Mountain View, California, US",11.0,8.0,-9999.0,-9999.0,-9999.0,0.0,0,-9999,-9999.0,85.0,51.8,81.7
20240415-1300,Mountain View Moffett Field Naval Air Station,"Mountain View, California, US",11.0,8.0,-9999.0,-9999.0,-9999.0,7.5600000000000005,320,-9999,-9999.0,85.0,51.8,81.7
20240415-1400,Mountain View Moffett Field Naval Air Station,"Mountain View, California, US",12.0,8.0,-9999.0,-9999.0,-9999.0,0.0,0,-9999,-9999.0,80.0,53.6,76.5
20240415-1500,Mountain View Moffett Field Naval Air Station,"Mountain View, California, US",12.0,8.0,-9999.0,-9999.0,-9999.0,0.0,0,-9999,-9999.0,80.0,53.6,76.5
20240415-1600,Mountain View Moffett Field Naval Air Station,"Mountain View, California, US",12.0,8.0,-9999.0,-9999.0,-9999.0,0.0,0,-9999,-9999.0,80.0,53.6,76.5
20240415-1700,Mountain View Moffett Field Naval Air Station,"Mountain View, California, US",13.0,9.0,-9999.0,-9999.0,-9999.0,0.0,0,-9999,-9999.0,80.0,55.4,76.7
20240415-1800,Mountain View Moffett Field Naval Air Station,"Mountain View, California, US",13.0,9.0,-9999.0,-9999.0,-9999.0,7.5600000000000005,50,-9999,-9999.0,80.0,55.4,76.7
20240415-1900,Mountain View Moffett Field Naval Air Station,"Mountain View, California, US",14.0,9.0,-9999.0,-9999.0,-9999.0,0.0,0,-9999,-9999.0,75.0,57.2,71.8
20240415-2000,Mountain View Moffett Field Naval Air Station,"Mountain View, California, US",16.0,9.0,-9999.0,-9999.0,-9999.0,11.16,350,0,-9999.0,65.0,60.8,63.1
20240415-2100,Mountain View Moffett Field Naval Air Station,"Mountain View, California, US",17.0,9.0,-9999.0,-9999.0,-9999.0,12.959999999999999,360,0,-9999.0,60.0,62.6,59.3
20240415-2200,Mountain View Moffett Field Naval Air Station,"Mountain View, California, US",17.0,10.0,-9999.0,-9999.0,-9999.0,12.959999999999999,350,0,-9999.0,65.0,62.6,63.4
20240415-2300,Mountain View Moffett Field Naval Air Station,"Mountain View, California, US",17.0,9.0,-9999.0,-9999.0,-9999.0,12.959999999999999,350,0,-9999.0,60.0,62.6,59.3
20240416-0000,Mountain View Moffett Field Naval Air Station,"Mountain View, California, US",18.0,10.0,-9999.0,-9999.0,-9999.0,20.520000000000003,350,0,-9999.0,60.0,64.4,59.5
20240416-0100,Mountain View Moffett Field Naval Air Station,"Mountain View, California, US",16.0,10.0,-9999.0,-9999.0,-9999.0,18.36,340,0,-9999.0,70.0,60.8,67.5
20240416-0200,Mountain View Moffett Field Naval Air Station,"Mountain View, California, US",16.0,11.0,-9999.0,-9999.0,-9999.0,22.32,340,0,-9999.0,75.0,60.8,72.2
20240416-0300,Mountain View Moffett Field Naval Air Station,"Mountain View, California, US",15.0,11.0,-9999.0,-9999.0,-9999.0,12.959999999999999,330,0,-9999.0,80.0,59.0,77.0
20240416-0400,Mountain View Moffett Field Naval Air Station,"Mountain View, California, US",14.0,9.0,-9999.0,-9999.0,-9999.0,11.16,330,0,-9999.0,75.0,57.2,71.8
20240416-0500,Mountain View Moffett Field Naval Air Station,"Mountain View, California, US",13.0,9.0,-9999.0,-9999.0,-9999.0,14.76,340,0,-9999.0,80.0,55.4,76.7
20240416-0600,Mountain View Moffett Field Naval Air Station,"Mountain View, California, US",12.0,8.0,-9999.0,-9999.0,-9999.0,7.5600000000000005,320,0,-9999.0,80.0,53.6,76.5
20240416-0700,Mountain View Moffett Field Naval Air Station,"Mountain View, California, US",11.0,8.0,-9999.0,-9999.0,-9999.0,0.0,0,0,-9999.0,85.0,51.8,81.7
20240416-0800,Mountain View Moffett Field Naval Air Station,"Mountain View, California, US",12.0,9.0,-9999.0,-9999.0,-9999.0,7.5600000000000005,170,0,-9999.0,85.0,53.6,81.9
20240416-0900,Mountain View Moffett Field Naval Air Station,"Mountain View, California, US",11.0,8.0,-9999.0,-9999.0,-9999.0,0.0,0,0,-9999.0,85.0,51.8,81.7
20240416-1000,Mountain View Moffett Field Naval Air Station,"Mountain View, California, US",11.0,9.0,-9999.0,-9999.0,-9999.0,0.0,0,0,-9999.0,90.0,51.8,87.5
20240416-1100,Mountain View Moffett Field Naval Air Station,"Mountain View, California, US",10.0,8.0,-9999.0,-9999.0,-9999.0,0.0,0,0,-9999.0,90.0,50.0,87.4
20240416-1200,Mountain View Moffett Field Naval Air Station,"Mountain View, California, US",9.0,8.0,-9999.0,-9999.0,-9999.0,0.0,0,0,-9999.0,95.0,48.2,93.4
20240416-1300,Mountain View Moffett Field Naval Air Station,"Mountain View, California, US",9.0,7.0,-9999.0,-9999.0,-9999.0,0.0,0,0,-9999.0,90.0,48.2,87.3
20240416-1400,Mountain View Moffett Field Naval Air Station,"Mountain View, California, US",10.0,8.0,-9999.0,-9999.0,-9999.0,0.0,0,0,-9999.0,90.0,50.0,87.4
20240416-1500,Mountain View Moffett Field Naval Air Station,"Mountain View, California, US",12.0,8.0,-9999.0,-9999.0,-9999.0,0.0,0,0,-9999.0,80.0,53.6,76.5
20240416-1600,Mountain View Moffett Field Naval Air Station,"Mountain View, California, US",14.0,9.0,-9999.0,-9999.0,-9999.0,7.5600000000000005,120,0,-9999.0,75.0,57.2,71.8
20240416-1700,Mountain View Moffett Field Naval Air Station,"Mountain View, California, US",15.0,9.0,-9999.0,-9999.0,-9999.0,0.0,0,0,-9999.0,70.0,59.0,67.3
20240416-1800,Mountain View Moffett Field Naval Air Station,"Mountain View, California, US",17.0,11.0,-9999.0,-9999.0,-9999.0,0.0,0,0,-9999.0,70.0,62.6,67.7
20240416-1900,Mountain View Moffett Field Naval Air Station,"Mountain View, California, US",18.0,11.0,-9999.0,-9999.0,-9999.0,12.959999999999999,10,0,-9999.0,65.0,64.4,63.6
20240416-2000,Mountain View Moffett Field Naval Air Station,"Mountain View, California, US",20.0,11.0,-9999.0,-9999.0,-9999.0,18.36,340,0,-9999.0,55.0,68.0,56.1
20240416-2100,Mountain View Moffett Field Naval Air Station,"Mountain View, California, US",21.0,12.0,-9999.0,-9999.0,-9999.0,12.959999999999999,350,0,-9999.0,55.0,69.8,56.4
20240416-2200,Mountain View Moffett Field Naval Air Station,"Mountain View, California, US",22.0,13.0,-9999.0,-9999.0,-9999.0,12.959999999999999,340,0,-9999.0,55.0,71.6,56.6
20240416-2300,Mountain View Moffett Field Naval Air Station,"Mountain View, California, US",22.0,12.0,-9999.0,-9999.0,-9999.0,16.56,350,0,-9999.0,50.0,71.6,53.0
20240417-0000,Mountain View Moffett Field Naval Air Station,"Mountain View, California, US",21.0,13.0,-9999.0,-9999.0,-9999.0,22.32,350,0,-9999.0,60.0,69.8,60.2
20240417-0100,Mountain View Moffett Field Naval Air Station,"Mountain View, California, US",20.0,12.0,-9999.0,-9999.0,-9999.0,20.520000000000003,340,0,-9999.0,60.0,68.0,60.0
20240417-0200,Mountain View Moffett Field Naval Air Station,"Mountain View, California, US",18.0,13.0,-9999.0,-9999.0,-9999.0,18.36,350,0,-9999.0,75.0,64.4,72.6
20240417-0300,Mountain View Moffett Field Naval Air Station,"Mountain View, California, US",17.0,13.0,-9999.0,-9999.0,-9999.0,11.16,350,0,-9999.0,80.0,62.6,77.3
20240417-0400,Mountain View Moffett Field Naval Air Station,"Mountain View, California, US",17.0,12.0,-9999.0,-9999.0,-9999.0,9.360000000000001,310,0,-9999.0,75.0,62.6,72.4
20240417-0500,Mountain View Moffett Field Naval Air Station,"Mountain View, California, US",16.0,11.0,-9999.0,-9999.0,-9999.0,0.0,0,0,-9999.0,75.0,60.8,72.2
20240417-0600,Mountain View Moffett Field Naval Air Station,"Mountain View, California, US",15.0,11.0,-9999.0,-9999.0,-9999.0,0.0,0,0,-9999.0,80.0,59.0,77.0
20240417-0700,Mountain View Moffett Field Naval Air Station,"Mountain View, California, US",15.0,11.0,-9999.0,-9999.0,-9999.0,0.0,0,-9999,-9999.0,80.0,59.0,77.0
20240417-0800,Mountain View Moffett Field Naval Air Station,"Mountain View, California, US",14.0,11.0,-9999.0,-9999.0,-9999.0,0.0,0,-9999,-9999.0,85.0,57.2,82.1
20240417-0900,Mountain View Moffett Field Naval Air Station,"Mountain View, California, US",13.0,11.0,-9999.0,-9999.0,-9999.0,0.0,0,-9999,-9999.0,90.0,55.4,87.6
20240417-1000,Mountain View Moffett Field Naval Air Station,"Mountain View, California, US",13.0,10.0,-9999.0,-9999.0,-9999.0,0.0,0,0,-9999.0,85.0,55.4,82.0
20240417-1100,Mountain View Moffett Field Naval Air Station,"Mountain View, California, US",12.0,10.0,-9999.0,-9999.0,-9999.0,0.0,0,0,-9999.0,90.0,53.6,87.6
20240417-1200,Mountain View Moffett Field Naval Air Station,"Mountain View, California, US",12.0,10.0,-9999.0,-9999.0,-9999.0,0.0,0,0,-9999.0,90.0,53.6,87.6
20240417-1300,Mountain View Moffett Field Naval Air Station,"Mountain View, California, US",12.0,10.0,-9999.0,-9999.0,-9999.0,0.0,0,50,-9999.0,90.0,53.6,87.6
20240417-1400,Mountain View Moffett Field Naval Air Station,"Mountain View, California, US",12.0,10.0,-9999.0,-9999.0,-9999.0,0.0,0,0,-9999.0,90.0,53.6,87.6
20240417-1500,Mountain View Moffett Field Naval Air Station,"Mountain View, California, US",13.0,11.0,-9999.0,-9999.0,-9999.0,0.0,0,-9999,-9999.0,90.0,55.4,87.6
20240417-1600,Mountain View Moffett Field Naval Air Station,"Mountain View, California, US",16.0,12.0,-9999.0,-9999.0,-9999.0,0.0,0,-9999,-9999.0,80.0,60.8,77.1
20240417-1800,Mountain View Moffett Field Naval Air Station,"Mountain View, California, US",18.0,13.0,-9999.0,-9999.0,-9999.0,9.360000000000001,40,-9999,-9999.0,75.0,64.4,72.6
20240417-1900,Mountain View Moffett Field Naval Air Station,"Mountain View, California, US",20.0,13.0,-9999.0,-9999.0,-9999.0,11.16,340,-9999,-9999.0,65.0,68.0,64.0
20240417-2000,Mountain View Moffett Field Naval Air Station,"Mountain View, California, US",21.0,11.0,-9999.0,-9999.0,-9999.0,7.5600000000000005,-9999,-9999,-9999.0,50.0,69.8,52.8
20240417-2100,Mountain View Moffett Field Naval Air Station,"Mountain View, California, US",23.0,13.0,-9999.0,-9999.0,-9999.0,7.5600000000000005,-9999,-9999,-9999.0,50.0,73.4,53.3
20240418-0200,Mountain View Moffett Field Naval Air Station,"Mountain View, California, US",21.0,14.0,-9999.0,-9999.0,-9999.0,12.959999999999999,340,-9999,-9999.0,65.0,69.8,64.3
20240418-0400,Mountain View Moffett Field Naval Air Station,"Mountain View, California, US",17.0,12.0,-9999.0,-9999.0,-9999.0,11.16,10,-9999,-9999.0,75.0,62.6,72.4
20240418-0500,Mountain View Moffett Field Naval Air Station,"Mountain View, California, US",16.0,12.0,-9999.0,-9999.0,-9999.0,5.4,300,25,-9999.0,80.0,60.8,77.1
20240418-0600,Mountain View Moffett Field Naval Air Station,"Mountain View, California, US",16.0,11.0,-9999.0,-9999.0,-9999.0,0.0,0,25,-9999.0,75.0,60.8,72.2
20240418-0700,Mountain View Moffett Field Naval Air Station,"Mountain View, California, US",15.0,12.0,-9999.0,-9999.0,-9999.0,5.4,330,0,-9999.0,85.0,59.0,82.2
20240418-0800,Mountain View Moffett Field Naval Air Station,"Mountain View, California, US",15.0,11.0,-9999.0,-9999.0,-9999.0,0.0,0,25,-9999.0,80.0,59.0,77.0
20240418-0900,Mountain View Moffett Field Naval Air Station,"Mountain View, California, US",14.0,11.0,-9999.0,-9999.0,-9999.0,0.0,0,25,-9999.0,85.0,57.2,82.1
20240418-1000,Mountain View Moffett Field Naval Air Station,"Mountain View, California, US",14.0,11.0,-9999.0,-9999.0,-9999.0,0.0,0,0,-9999.0,85.0,57.2,82.1
20240418-1100,Mountain View Moffett Field Naval Air Station,"Mountain View, California, US",13.0,11.0,-9999.0,-9999.0,-9999.0,0.0,0,0,-9999.0,90.0,55.4,87.6
20240418-1200,Mountain View Moffett Field Naval Air Station,"Mountain View, California, US",13.0,11.0,-9999.0,-9999.0,-9999.0,0.0,0,0,-9999.0,90.0,55.4,87.6
20240418-1300,Mountain View Moffett Field Naval Air Station,"Mountain View, California, US",13.0,10.0,-9999.0,-9999.0,-9999.0,0.0,0,0,-9999.0,85.0,55.4,82.0
20240418-1400,Mountain View Moffett Field Naval Air Station,"Mountain View, California, US",13.0,10.0,-9999.0,-9999.0,-9999.0,0.0,0,0,-9999.0,85.0,55.4,82.0
20240418-1500,Mountain View Moffett Field Naval Air Station,"Mountain View, California, US",15.0,11.0,-9999.0,-9999.0,-9999.0,0.0,0,0,-9999.0,80.0,59.0,77.0
20240418-1600,Mountain View Moffett Field Naval Air Station,"Mountain View, California, US",16.0,12.0,-9999.0,-9999.0,-9999.0,0.0,0,0,-9999.0,80.0,60.8,77.1
20240418-1700,Mountain View Moffett Field Naval Air Station,"Mountain View, California, US",18.0,13.0,-9999.0,-9999.0,-9999.0,0.0,0,0,-9999.0,75.0,64.4,72.6
20240418-1800,Mountain View Moffett Field Naval Air Station,"Mountain View, California, US",19.0,13.0,-9999.0,-9999.0,-9999.0,5.4,20,0,-9999.0,70.0,66.2,68.2
20240418-1900,Mountain View Moffett Field Naval Air Station,"Mountain View, California, US",21.0,12.0,-9999.0,-9999.0,-9999.0,7.5600000000000005,-9999,0,-9999.0,55.0,69.8,56.4
20240418-2000,Mountain View Moffett Field Naval Air Station,"Mountain View, California, US",22.0,13.0,-9999.0,-9999.0,-9999.0,12.959999999999999,360,0,-9999.0,55.0,71.6,56.6
20240418-2100,Mountain View Moffett Field Naval Air Station,"Mountain View, California, US",22.0,13.0,-9999.0,-9999.0,-9999.0,12.959999999999999,350,0,-9999.0,55.0,71.6,56.6
20240418-2200,Mountain View Moffett Field Naval Air Station,"Mountain View, California, US",22.0,13.0,-9999.0,-9999.0,-9999.0,24.12,340,0,-9999.0,55.0,71.6,56.6
20240418-2300,Mountain View Moffett Field Naval Air Station,"Mountain View, California, US",21.0,14.0,-9999.0,-9999.0,-9999.0,25.919999999999998,340,0,-9999.0,65.0,69.8,64.3
20240419-0000,Mountain View Moffett Field Naval Air Station,"Mountain View, California, US",19.0,13.0,-9999.0,-9999.0,-9999.0,22.32,340,0,-9999.0,70.0,66.2,68.2
20240419-0100,Mountain View Moffett Field Naval Air Station,"Mountain View, California, US",18.0,12.0,-9999.0,-9999.0,-9999.0,24.12,330,0,-9999.0,70.0,64.4,68.0
20240419-0200,Mountain View Moffett Field Naval Air Station,"Mountain View, California, US",17.0,11.0,-9999.0,-9999.0,-9999.0,18.36,350,0,-9999.0,70.0,62.6,67.7
20240419-0300,Mountain View Moffett Field Naval Air Station,"Mountain View, California, US",15.0,11.0,-9999.0,-9999.0,-9999.0,14.76,330,0,-9999.0,80.0,59.0,77.0
20240419-0400,Mountain View Moffett Field Naval Air Station,"Mountain View, California, US",14.0,11.0,-9999.0,-9999.0,-9999.0,14.76,340,0,-9999.0,85.0,57.2,82.1
20240419-0500,Mountain View Moffett Field Naval Air Station,"Mountain View, California, US",14.0,11.0,-9999.0,-9999.0,-9999.0,12.959999999999999,330,0,-9999.0,85.0,57.2,82.1
20240419-0600,Mountain View Moffett Field Naval Air Station,"Mountain View, California, US",13.0,10.0,-9999.0,-9999.0,-9999.0,7.5600000000000005,310,0,-9999.0,85.0,55.4,82.0
20240419-0700,Mountain View Moffett Field Naval Air Station,"Mountain View, California, US",13.0,10.0,-9999.0,-9999.0,-9999.0,5.4,290,25,-9999.0,85.0,55.4,82.0
20240419-0800,Mountain View Moffett Field Naval Air Station,"Mountain View, California, US",13.0,10.0,-9999.0,-9999.0,-9999.0,0.0,0,0,-9999.0,85.0,55.4,82.0
20240419-0900,Mountain View Moffett Field Naval Air Station,"Mountain View, California, US",12.0,9.0,-9999.0,-9999.0,-9999.0,0.0,0,0,-9999.0,85.0,53.6,81.9
20240419-1000,Mountain View Moffett Field Naval Air Station,"Mountain View, California, US",12.0,10.0,-9999.0,-9999.0,-9999.0,0.0,0,-9999,-9999.0,90.0,53.6,87.6
20240419-1100,Mountain View Moffett Field Naval Air Station,"Mountain View, California, US",12.0,9.0,-9999.0,-9999.0,-9999.0,7.5600000000000005,140,-9999,-9999.0,85.0,53.6,81.9
20240419-1200,Mountain View Moffett Field Naval Air Station,"Mountain View, California, US",11.0,8.0,-9999.0,-9999.0,-9999.0,7.5600000000000005,140,-9999,-9999.0,85.0,51.8,81.7
20240419-1300,Mountain View Moffett Field Naval Air Station,"Mountain View, California, US",11.0,8.0,-9999.0,-9999.0,-9999.0,5.4,140,-9999,-9999.0,85.0,51.8,81.7
20240419-1400,Mountain View Moffett Field Naval Air Station,"Mountain View, California, US",11.0,9.0,-9999.0,-9999.0,-9999.0,7.5600000000000005,120,-9999,-9999.0,90.0,51.8,87.5
20240419-1500,Mountain View Moffett Field Naval Air Station,"Mountain View, California, US",11.0,9.0,-9999.0,-9999.0,-9999.0,9.360000000000001,140,-9999,-9999.0,90.0,51.8,87.5
20240419-1600,Mountain View Moffett Field Naval Air Station,"Mountain View, California, US",13.0,9.0,-9999.0,-9999.0,-9999.0,0.0,0,-9999,-9999.0,80.0,55.4,76.7
20240419-1700,Mountain View Moffett Field Naval Air Station,"Mountain View, California, US",14.0,9.0,-9999.0,-9999.0,-9999.0,0.0,0,-9999,-9999.0,75.0,57.2,71.8
20240419-1800,Mountain View Moffett Field Naval Air Station,"Mountain View, California, US",15.0,10.0,-9999.0,-9999.0,-9999.0,14.76,10,50,-9999.0,75.0,59.0,72.0
20240419-1900,Mountain View Moffett Field Naval Air Station,"Mountain View, California, US",16.0,10.0,-9999.0,-9999.0,-9999.0,7.5600000000000005,-9999,0,-9999.0,70.0,60.8,67.5
20240419-2000,Mountain View Moffett Field Naval Air Station,"Mountain View, California, US",18.0,11.0,-9999.0,-9999.0,-9999.0,9.360000000000001,-9999,0,-9999.0,65.0,64.4,63.6
20240419-2100,Mountain View Moffett Field Naval Air Station,"Mountain View, California, US",19.0,11.0,-9999.0,-9999.0,-9999.0,14.76,340,0,-9999.0,60.0,66.2,59.7
20240419-2200,Mountain View Moffett Field Naval Air Station,"Mountain View, California, US",18.0,12.0,-9999.0,-9999.0,-9999.0,16.56,340,0,-9999.0,70.0,64.4,68.0
20240419-2300,Mountain View Moffett Field Naval Air Station,"Mountain View, California, US",19.0,12.0,-9999.0,-9999.0,-9999.0,24.12,360,0,-9999.0,65.0,66.2,63.8
20240420-0000,Mountain View Moffett Field Naval Air Station,"Mountain View, California, US",18.0,12.0,-9999.0,-9999.0,-9999.0,24.12,340,0,-9999.0,70.0,64.4,68.0
20240420-0100,Mountain View Moffett Field Naval Air Station,"Mountain View, California, US",17.0,11.0,-9999.0,-9999.0,-9999.0,25.919999999999998,340,0,-9999.0,70.0,62.6,67.7
20240420-0200,Mountain View Moffett Field Naval Air Station,"Mountain View, California, US",16.0,10.0,-9999.0,-9999.0,-9999.0,25.919999999999998,350,0,-9999.0,70.0,60.8,67.5
20240420-0300,Mountain View Moffett Field Naval Air Station,"Mountain View, California, US",15.0,10.0,-9999.0,-9999.0,-9999.0,11.16,350,0,-9999.0,75.0,59.0,72.0
20240420-0400,Mountain View Moffett Field Naval Air Station,"Mountain View, California, US",14.0,11.0,-9999.0,-9999.0,-9999.0,9.360000000000001,10,0,-9999.0,85.0,57.2,82.1
20240420-0500,Mountain View Moffett Field Naval Air Station,"Mountain View, California, US",14.0,11.0,-9999.0,-9999.0,-9999.0,0.0,0,0,-9999.0,85.0,57.2,82.1
20240420-0600,Mountain View Moffett Field Naval Air Station,"Mountain View, California, US",14.0,11.0,-9999.0,-9999.0,-9999.0,0.0,0,0,-9999.0,85.0,57.2,82.1
20240420-0700,Mountain View Moffett Field Naval Air Station,"Mountain View, California, US",13.0,11.0,-9999.0,-9999.0,-9999.0,5.4,280,0,-9999.0,90.0,55.4,87.6
20240420-0800,Mountain View Moffett Field Naval Air Station,"Mountain View, California, US",13.0,11.0,-9999.0,-9999.0,-9999.0,7.5600000000000005,20,-9999,-9999.0,90.0,55.4,87.6
20240420-0900,Mountain View Moffett Field Naval Air Station,"Mountain View, California, US",13.0,10.0,-9999.0,-9999.0,-9999.0,0.0,0,-9999,-9999.0,85.0,55.4,82.0
20240420-1000,Mountain View Moffett Field Naval Air Station,"Mountain View, California, US",13.0,11.0,-9999.0,-9999.0,-9999.0,7.5600000000000005,10,-9999,-9999.0,90.0,55.4,87.6
20240420-1100,Mountain View Moffett Field Naval Air Station,"Mountain View, California, US",13.0,11.0,-9999.0,-9999.0,-9999.0,0.0,0,-9999,-9999.0,90.0,55.4,87.6
20240420-1200,Mountain View Moffett Field Naval Air Station,"Mountain View, California, US",13.0,11.0,-9999.0,-9999.0,-9999.0,7.5600000000000005,50,-9999,-9999.0,90.0,55.4,87.6
20240420-1300,Mountain View Moffett Field Naval Air Station,"Mountain View, California, US",13.0,11.0,-9999.0,-9999.0,-9999.0,0.0,0,-9999,-9999.0,90.0,55.4,87.6
20240420-1400,Mountain View Moffett Field Naval Air Station,"Mountain View, California, US",13.0,10.0,-9999.0,-9999.0,-9999.0,0.0,0,-9999,-9999.0,85.0,55.4,82.0
20240420-1500,Mountain View Moffett Field Naval Air Station,"Mountain View, California, US",13.0,10.0,-9999.0,-9999.0,-9999.0,0.0,0,-9999,-9999.0,85.0,55.4,82.0
20240420-1600,Mountain View Moffett Field Naval Air Station,"Mountain View, California, US",15.0,10.0,-9999.0,-9999.0,-9999.0,0.0,0,0,-9999.0,75.0,59.0,72.0
20240420-1700,Mountain View Moffett Field Naval Air Station,"Mountain View, California, US",16.0,10.0,-9999.0,-9999.0,-9999.0,9.360000000000001,-9999,0,-9999.0,70.0,60.8,67.5
20240420-1800,Mountain View Moffett Field Naval Air Station,"Mountain View, California, US",17.0,11.0,-9999.0,-9999.0,-9999.0,11.16,360,0,-9999.0,70.0,62.6,67.7
20240420-1900,Mountain View Moffett Field Naval Air Station,"Mountain View, California, US",18.0,11.0,-9999.0,-9999.0,-9999.0,11.16,330,0,-9999.0,65.0,64.4,63.6
20240420-2000,Mountain View Moffett Field Naval Air Station,"Mountain View, California, US",18.0,11.0,-9999.0,-9999.0,-9999.0,14.76,340,0,-9999.0,65.0,64.4,63.6
20240420-2100,Mountain View Moffett Field Naval Air Station,"Mountain View, California, US",18.0,10.0,-9999.0,-9999.0,-9999.0,20.520000000000003,340,0,-9999.0,60.0,64.4,59.5
20240420-2200,Mountain View Moffett Field Naval Air Station,"Mountain View, California, US",19.0,9.0,-9999.0,-9999.0,-9999.0,16.56,340,0,-9999.0,50.0,66.2,52.2
20240420-2300,Mountain View Moffett Field Naval Air Station,"Mountain View, California, US",19.0,9.0,-9999.0,-9999.0,-9999.0,20.520000000000003,340,0,-9999.0,50.0,66.2,52.2
20240421-0000,Mountain View Moffett Field Naval Air Station,"Mountain View, California, US",19.0,7.0,-9999.0,-9999.0,-9999.0,22.32,330,0,-9999.0,40.0,66.2,45.6
20240421-0100,Mountain View Moffett Field Naval Air Station,"Mountain View, California, US",19.0,6.0,-9999.0,-9999.0,-9999.0,25.919999999999998,340,0,-9999.0,35.0,66.2,42.6
20240421-0200,Mountain View Moffett Field Naval Air Station,"Mountain View, California, US",18.0,6.0,-9999.0,-9999.0,-9999.0,16.56,340,0,-9999.0,40.0,64.4,45.3
20240421-0300,Mountain View Moffett Field Naval Air Station,"Mountain View, California, US",17.0,0.0,-9999.0,-9999.0,-9999.0,16.56,360,0,-9999.0,15.0,62.6,31.6
20240421-0400,Mountain View Moffett Field Naval Air Station,"Mountain View, California, US",16.0,-2.0,-9999.0,-9999.0,-9999.0,9.360000000000001,340,0,-9999.0,10.0,60.8,29.1
20240421-0500,Mountain View Moffett Field Naval Air Station,"Mountain View, California, US",15.0,2.0,-9999.0,-9999.0,-9999.0,9.360000000000001,340,0,-9999.0,35.0,59.0,41.4
20240421-0600,Mountain View Moffett Field Naval Air Station,"Mountain View, California, US",15.0,8.0,-9999.0,-9999.0,-9999.0,9.360000000000001,340,0,-9999.0,65.0,59.0,62.9
20240421-0700,Mountain View Moffett Field Naval Air Station,"Mountain View, California, US",14.0,8.0,-9999.0,-9999.0,-9999.0,0.0,0,0,-9999.0,70.0,57.2,67.1
20240421-0800,Mountain View Moffett Field Naval Air Station,"Mountain View, California, US",13.0,10.0,-9999.0,-9999.0,-9999.0,7.5600000000000005,40,0,-9999.0,85.0,55.4,82.0
20240421-0900,Mountain View Moffett Field Naval Air Station,"Mountain View, California, US",13.0,10.0,-9999.0,-9999.0,-9999.0,7.5600000000000005,70,0,-9999.0,85.0,55.4,82.0
20240421-1000,Mountain View Moffett Field Naval Air Station,"Mountain View, California, US",13.0,9.0,-9999.0,-9999.0,-9999.0,5.4,150,0,-9999.0,80.0,55.4,76.7
20240421-1100,Mountain View Moffett Field Naval Air Station,"Mountain View, California, US",12.0,8.0,-9999.0,-9999.0,-9999.0,0.0,0,0,-9999.0,80.0,53.6,76.5
20240421-1200,Mountain View Moffett Field Naval Air Station,"Mountain View, California, US",12.0,7.0,-9999.0,-9999.0,-9999.0,0.0,0,0,-9999.0,75.0,53.6,71.5
20240421-1300,Mountain View Moffett Field Naval Air Station,"Mountain View, California, US",11.0,7.0,-9999.0,-9999.0,-9999.0,0.0,0,0,-9999.0,80.0,51.8,76.3
20240421-1400,Mountain View Moffett Field Naval Air Station,"Mountain View, California, US",11.0,7.0,-9999.0,-9999.0,-9999.0,0.0,0,0,-9999.0,80.0,51.8,76.3
20240421-1500,Mountain View Moffett Field Naval Air Station,"Mountain View, California, US",14.0,9.0,-9999.0,-9999.0,-9999.0,0.0,0,0,-9999.0,75.0,57.2,71.8
20240421-1600,Mountain View Moffett Field Naval Air Station,"Mountain View, California, US",16.0,10.0,-9999.0,-9999.0,-9999.0,0.0,0,0,-9999.0,70.0,60.8,67.5
20240421-1700,Mountain View Moffett Field Naval Air Station,"Mountain View, California, US",17.0,10.0,-9999.0,-9999.0,-9999.0,9.360000000000001,20,0,-9999.0,65.0,62.6,63.4
20240421-1800,Mountain View Moffett Field Naval Air Station,"Mountain View, California, US",17.0,11.0,-9999.0,-9999.0,-9999.0,11.16,30,0,-9999.0,70.0,62.6,67.7
20240421-1900,Mountain View Moffett Field Naval Air Station,"Mountain View, California, US",19.0,12.0,-9999.0,-9999.0,-9999.0,11.16,20,0,-9999.0,65.0,66.2,63.8
20240421-2000,Mountain View Moffett Field Naval Air Station,"Mountain View, California, US",21.0,12.0,-9999.0,-9999.0,-9999.0,12.959999999999999,360,0,-9999.0,55.0,69.8,56.4
20240421-2100,Mountain View Moffett Field Naval Air Station,"Mountain View, California, US",22.0,11.0,-9999.0,-9999.0,-9999.0,14.76,360,0,-9999.0,45.0,71.6,49.6
20240421-2200,Mountain View Moffett Field Naval Air Station,"Mountain View, California, US",23.0,11.0,-9999.0,-9999.0,-9999.0,20.520000000000003,350,0,-9999.0,40.0,73.4,46.7
20240421-2300,Mountain View Moffett Field Naval Air Station,"Mountain View, California, US",23.0,11.0,-9999.0,-9999.0,-9999.0,16.56,350,0,-9999.0,40.0,73.4,46.7
20240422-0000,Mountain View Moffett Field Naval Air Station,"Mountain View, California, US",23.0,14.0,-9999.0,-9999.0,-9999.0,16.56,350,0,-9999.0,55.0,73.4,56.9
20240422-0100,Mountain View Moffett Field Naval Air Station,"Mountain View, California, US",21.0,13.0,-9999.0,-9999.0,-9999.0,14.76,340,0,-9999.0,60.0,69.8,60.2
20240422-0200,Mountain View Moffett Field Naval Air Station,"Mountain View, California, US",20.0,13.0,-9999.0,-9999.0,-9999.0,18.36,350,0,-9999.0,65.0,68.0,64.0
20240422-0300,Mountain View Moffett Field Naval Air Station,"Mountain View, California, US",18.0,11.0,-9999.0,-9999.0,-9999.0,9.360000000000001,310,0,-9999.0,65.0,64.4,63.6
20240422-0400,Mountain View Moffett Field Naval Air Station,"Mountain View, California, US",17.0,11.0,-9999.0,-9999.0,-9999.0,5.4,300,0,-9999.0,70.0,62.6,67.7
20240422-0500,Mountain View Moffett Field Naval Air Station,"Mountain View, California, US",17.0,11.0,-9999.0,-9999.0,-9999.0,5.4,290,0,-9999.0,70.0,62.6,67.7
20240422-0600,Mountain View Moffett Field Naval Air Station,"Mountain View, California, US",17.0,10.0,-9999.0,-9999.0,-9999.0,0.0,0,0,-9999.0,65.0,62.6,63.4
20240422-0700,Mountain View Moffett Field Naval Air Station,"Mountain View, California, US",16.0,11.0,-9999.0,-9999.0,-9999.0,0.0,0,0,-9999.0,75.0,60.8,72.2
20240422-0800,Mountain View Moffett Field Naval Air Station,"Mountain View, California, US",16.0,11.0,-9999.0,-9999.0,-9999.0,0.0,0,0,-9999.0,75.0,60.8,72.2
20240422-0900,Mountain View Moffett Field Naval Air Station,"Mountain View, California, US",15.0,12.0,-9999.0,-9999.0,-9999.0,0.0,0,0,-9999.0,85.0,59.0,82.2
20240422-1000,Mountain View Moffett Field Naval Air Station,"Mountain View, California, US",15.0,12.0,-9999.0,-9999.0,-9999.0,0.0,0,0,-9999.0,85.0,59.0,82.2
20240422-1100,Mountain View Moffett Field Naval Air Station,"Mountain View, California, US",14.0,11.0,-9999.0,-9999.0,-9999.0,0.0,0,0,-9999.0,85.0,57.2,82.1
20240422-1200,Mountain View Moffett Field Naval Air Station,"Mountain View, California, US",14.0,11.0,-9999.0,-9999.0,-9999.0,0.0,0,0,-9999.0,85.0,57.2,82.1
20240422-1300,Mountain View Moffett Field Naval Air Station,"Mountain View, California, US",14.0,11.0,-9999.0,-9999.0,-9999.0,0.0,0,0,-9999.0,85.0,57.2,82.1
20240422-1400,Mountain View Moffett Field Naval Air Station,"Mountain View, California, US",14.0,11.0,-9999.0,-9999.0,-9999.0,0.0,0,0,-9999.0,85.0,57.2,82.1
20240422-1500,Mountain View Moffett Field Naval Air Station,"Mountain View, California, US",16.0,12.0,-9999.0,-9999.0,-9999.0,0.0,0,0,-9999.0,80.0,60.8,77.1
20240422-1600,Mountain View Moffett Field Naval Air Station,"Mountain View, California, US",17.0,13.0,-9999.0,-9999.0,-9999.0,0.0,0,0,-9999.0,80.0,62.6,77.3
20240422-1700,Mountain View Moffett Field Naval Air Station,"Mountain View, California, US",19.0,14.0,-9999.0,-9999.0,-9999.0,5.4,-9999,0,-9999.0,75.0,66.2,72.7
20240422-1800,Mountain View Moffett Field Naval Air Station,"Mountain View, California, US",20.0,14.0,-9999.0,-9999.0,-9999.0,7.5600000000000005,-9999,0,-9999.0,70.0,68.0,68.4
20240422-1900,Mountain View Moffett Field Naval Air Station,"Mountain View, California, US",22.0,15.0,-9999.0,-9999.0,-9999.0,12.959999999999999,350,0,-9999.0,65.0,71.6,64.5
20240422-2000,Mountain View Moffett Field Naval Air Station,"Mountain View, California, US",23.0,15.0,-9999.0,-9999.0,-9999.0,18.36,340,0,-9999.0,60.0,73.4,60.7
20240422-2100,Mountain View Moffett Field Naval Air Station,"Mountain View, California, US",22.0,14.0,-9999.0,-9999.0,-9999.0,24.12,340,0,-9999.0,60.0,71.6,60.4
20240422-2200,Mountain View Moffett Field Naval Air Station,"Mountain View, California, US",20.0,13.0,-9999.0,-9999.0,-9999.0,27.72,350,0,-9999.0,65.0,68.0,64.0
20240422-2300,Mountain View Moffett Field Naval Air Station,"Mountain View, California, US",20.0,13.0,-9999.0,-9999.0,-9999.0,24.12,340,0,-9999.0,65.0,68.0,64.0
20240423-0000,Mountain View Moffett Field Naval Air Station,"Mountain View, California, US",19.0,12.0,-9999.0,-9999.0,-9999.0,27.72,350,0,-9999.0,65.0,66.2,63.8
20240423-0100,Mountain View Moffett Field Naval Air Station,"Mountain View, California, US",19.0,12.0,-9999.0,-9999.0,-9999.0,24.12,340,0,-9999.0,65.0,66.2,63.8
20240423-0200,Mountain View Moffett Field Naval Air Station,"Mountain View, California, US",18.0,12.0,-9999.0,-9999.0,-9999.0,18.36,10,0,-9999.0,70.0,64.4,68.0
20240423-0300,Mountain View Moffett Field Naval Air Station,"Mountain View, California, US",16.0,12.0,-9999.0,-9999.0,-9999.0,14.76,20,0,-9999.0,80.0,60.8,77.1
20240423-0400,Mountain View Moffett Field Naval Air Station,"Mountain View, California, US",14.0,8.0,-9999.0,-9999.0,-9999.0,14.76,120,0,-9999.0,70.0,57.2,67.1
20240423-0500,Mountain View Moffett Field Naval Air Station,"Mountain View, California, US",14.0,7.0,-9999.0,-9999.0,-9999.0,14.76,150,-9999,-9999.0,65.0,57.2,62.7
20240423-0600,Mountain View Moffett Field Naval Air Station,"Mountain View, California, US",13.0,8.0,-9999.0,-9999.0,-9999.0,7.5600000000000005,160,-9999,-9999.0,75.0,55.4,71.6
20240423-0700,Mountain View Moffett Field Naval Air Station,"Mountain View, California, US",13.0,7.0,-9999.0,-9999.0,-9999.0,9.360000000000001,170,50,-9999.0,70.0,55.4,66.9
20240423-0800,Mountain View Moffett Field Naval Air Station,"Mountain View, California, US",13.0,8.0,-9999.0,-9999.0,-9999.0,0.0,0,-9999,-9999.0,75.0,55.4,71.6
20240423-0900,Mountain View Moffett Field Naval Air Station,"Mountain View, California, US",13.0,8.0,-9999.0,-9999.0,-9999.0,0.0,0,-9999,-9999.0,75.0,55.4,71.6
20240423-1000,Mountain View Moffett Field Naval Air Station,"Mountain View, California, US",13.0,8.0,-9999.0,-9999.0,-9999.0,5.4,170,-9999,-9999.0,75.0,55.4,71.6
20240423-1100,Mountain View Moffett Field Naval Air Station,"Mountain View, California, US",12.0,8.0,-9999.0,-9999.0,-9999.0,7.5600000000000005,150,-9999,-9999.0,80.0,53.6,76.5
20240423-1200,Mountain View Moffett Field Naval Air Station,"Mountain View, California, US",13.0,8.0,-9999.0,-9999.0,-9999.0,7.5600000000000005,160,-9999,-9999.0,75.0,55.4,71.6
20240423-1300,Mountain View Moffett Field Naval Air Station,"Mountain View, California, US",13.0,8.0,-9999.0,-9999.0,-9999.0,7.5600000000000005,150,-9999,-9999.0,75.0,55.4,71.6
20240423-1400,Mountain View Moffett Field Naval Air Station,"Mountain View, California, US",13.0,8.0,-9999.0,-9999.0,-9999.0,11.16,160,-9999,-9999.0,75.0,55.4,71.6
20240423-1500,Mountain View Moffett Field Naval Air Station,"Mountain View, California, US",14.0,9.0,-9999.0,-9999.0,-9999.0,12.959999999999999,150,-9999,-9999.0,75.0,57.2,71.8
20240423-1600,Mountain View Moffett Field Naval Air Station,"Mountain View, California, US",15.0,8.0,-9999.0,-9999.0,-9999.0,20.520000000000003,150,-9999,-9999.0,65.0,59.0,62.9
20240423-1700,Mountain View Moffett Field Naval Air Station,"Mountain View, California, US",15.0,8.0,-9999.0,-9999.0,-9999.0,14.76,170,-9999,-9999.0,65.0,59.0,62.9
20240423-1800,Mountain View Moffett Field Naval Air Station,"Mountain View, California, US",16.0,7.0,-9999.0,-9999.0,-9999.0,14.76,150,-9999,-9999.0,55.0,60.8,55.1
20240423-1900,Mountain View Moffett Field Naval Air Station,"Mountain View, California, US",17.0,7.0,-9999.0,-9999.0,-9999.0,14.76,180,-9999,-9999.0,50.0,62.6,51.7
20240423-2000,Mountain View Moffett Field Naval Air Station,"Mountain View, California, US",17.0,7.0,-9999.0,-9999.0,-9999.0,14.76,180,-9999,-9999.0,50.0,62.6,51.7
20240423-2100,Mountain View Moffett Field Naval Air Station,"Mountain View, California, US",18.0,8.0,-9999.0,-9999.0,-9999.0,20.520000000000003,170,-9999,-9999.0,50.0,64.4,52.0
20240423-2200,Mountain View Moffett Field Naval Air Station,"Mountain View, California, US",18.0,7.0,-9999.0,-9999.0,-9999.0,18.36,190,-9999,-9999.0,45.0,64.4,48.6
20240423-2300,Mountain View Moffett Field Naval Air Station,"Mountain View, California, US",18.0,7.0,-9999.0,-9999.0,-9999.0,11.16,170,50,-9999.0,45.0,64.4,48.6
20240424-0000,Mountain View Moffett Field Naval Air Station,"Mountain View, California, US",18.0,7.0,-9999.0,-9999.0,-9999.0,14.76,150,50,-9999.0,45.0,64.4,48.6
20240424-0100,Mountain View Moffett Field Naval Air Station,"Mountain View, California, US",18.0,7.0,-9999.0,-9999.0,-9999.0,12.959999999999999,200,0,-9999.0,45.0,64.4,48.6
20240424-0200,Mountain View Moffett Field Naval Air Station,"Mountain View, California, US",16.0,7.0,-9999.0,-9999.0,-9999.0,14.76,220,-9999,-9999.0,55.0,60.8,55.1
20240424-0300,Mountain View Moffett Field Naval Air Station,"Mountain View, California, US",15.0,7.0,-9999.0,-9999.0,-9999.0,14.76,220,-9999,-9999.0,60.0,59.0,58.8
20240424-0400,Mountain View Moffett Field Naval Air Station,"Mountain View, California, US",15.0,7.0,-9999.0,-9999.0,-9999.0,11.16,200,-9999,-9999.0,60.0,59.0,58.8
20240424-0500,Mountain View Moffett Field Naval Air Station,"Mountain View, California, US",15.0,7.0,-9999.0,-9999.0,-9999.0,12.959999999999999,200,-9999,-9999.0,60.0,59.0,58.8
20240424-0600,Mountain View Moffett Field Naval Air Station,"Mountain View, California, US",15.0,7.0,-9999.0,-9999.0,-9999.0,9.360000000000001,210,-9999,-9999.0,60.0,59.0,58.8
20240424-0700,Mountain View Moffett Field Naval Air Station,"Mountain View, California, US",14.0,7.0,-9999.0,-9999.0,-9999.0,9.360000000000001,190,-9999,-9999.0,65.0,57.2,62.7
20240424-0800,Mountain View Moffett Field Naval Air Station,"Mountain View, California, US",13.0,7.0,-9999.0,-9999.0,-9999.0,11.16,130,-9999,-9999.0,70.0,55.4,66.9
20240424-0900,Mountain View Moffett Field Naval Air Station,"Mountain View, California, US",14.0,7.0,-9999.0,-9999.0,-9999.0,5.4,150,-9999,-9999.0,65.0,57.2,62.7
20240424-1000,Mountain View Moffett Field Naval Air Station,"Mountain View, California, US",14.0,7.0,-9999.0,-9999.0,-9999.0,7.5600000000000005,150,-9999,-9999.0,65.0,57.2,62.7
20240424-1100,Mountain View Moffett Field Naval Air Station,"Mountain View, California, US",14.0,7.0,-9999.0,-9999.0,-9999.0,7.5600000000000005,160,-9999,-9999.0,65.0,57.2,62.7
20240424-1200,Mountain View Moffett Field Naval Air Station,"Mountain View, California, US",14.0,7.0,-9999.0,-9999.0,-9999.0,0.0,0,-9999,-9999.0,65.0,57.2,62.7
20240424-1300,Mountain View Moffett Field Naval Air Station,"Mountain View, California, US",14.0,7.0,-9999.0,-9999.0,-9999.0,7.5600000000000005,150,-9999,-9999.0,65.0,57.2,62.7
20240424-1400,Mountain View Moffett Field Naval Air Station,"Mountain View, California, US",14.0,7.0,-9999.0,-9999.0,-9999.0,7.5600000000000005,160,-9999,-9999.0,65.0,57.2,62.7
20240424-1500,Mountain View Moffett Field Naval Air Station,"Mountain View, California, US",14.0,7.0,-9999.0,-9999.0,-9999.0,11.16,190,-9999,-9999.0,65.0,57.2,62.7
20240424-1600,Mountain View Moffett Field Naval Air Station,"Mountain View, California, US",15.0,6.0,-9999.0,-9999.0,-9999.0,11.16,140,-9999,-9999.0,55.0,59.0,54.9
20240424-1700,Mountain View Moffett Field Naval Air Station,"Mountain View, California, US",15.0,6.0,-9999.0,-9999.0,-9999.0,0.0,0,-9999,-9999.0,55.0,59.0,54.9
20240424-1800,Mountain View Moffett Field Naval Air Station,"Mountain View, California, US",16.0,6.0,-9999.0,-9999.0,-9999.0,5.4,140,-9999,-9999.0,50.0,60.8,51.5
20240424-1900,Mountain View Moffett Field Naval Air Station,"Mountain View, California, US",16.0,6.0,-9999.0,-9999.0,-9999.0,11.16,150,-9999,-9999.0,50.0,60.8,51.5
20240424-2000,Mountain View Moffett Field Naval Air Station,"Mountain View, California, US",18.0,6.0,-9999.0,-9999.0,-9999.0,0.0,0,-9999,-9999.0,40.0,64.4,45.3
20240424-2100,Mountain View Moffett Field Naval Air Station,"Mountain View, California, US",18.0,6.0,-9999.0,-9999.0,-9999.0,0.0,0,-9999,-9999.0,40.0,64.4,45.3
20240424-2200,Mountain View Moffett Field Naval Air Station,"Mountain View, California, US",18.0,7.0,-9999.0,-9999.0,-9999.0,7.5600000000000005,-9999,-9999,-9999.0,45.0,64.4,48.6
20240424-2300,Mountain View Moffett Field Naval Air Station,"Mountain View, California, US",17.0,9.0,-9999.0,-9999.0,-9999.0,22.32,340,-9999,-9999.0,60.0,62.6,59.3
20240425-0000,Mountain View Moffett Field Naval Air Station,"Mountain View, California, US",17.0,9.0,-9999.0,-9999.0,-9999.0,11.16,310,-9999,-9999.0,60.0,62.6,59.3
20240425-0100,Mountain View Moffett Field Naval Air Station,"Mountain View, California, US",16.0,10.0,-9999.0,-9999.0,-9999.0,20.520000000000003,320,-9999,-9999.0,70.0,60.8,67.5
20240425-0200,Mountain View Moffett Field Naval Air Station,"Mountain View, California, US",16.0,9.0,-9999.0,-9999.0,-9999.0,11.16,-9999,-9999,-9999.0,65.0,60.8,63.1
20240425-0300,Mountain View Moffett Field Naval Air Station,"Mountain View, California, US",15.0,9.0,-9999.0,-9999.0,-9999.0,16.56,320,-9999,-9999.0,70.0,59.0,67.3
20240425-0400,Mountain View Moffett Field Naval Air Station,"Mountain View, California, US",14.0,9.0,-9999.0,-9999.0,-9999.0,14.76,310,-9999,-9999.0,75.0,57.2,71.8
20240425-0500,Mountain View Moffett Field Naval Air Station,"Mountain View, California, US",14.0,9.0,-9999.0,-9999.0,-9999.0,11.16,310,-9999,-9999.0,75.0,57.2,71.8
20240425-0600,Mountain View Moffett Field Naval Air Station,"Mountain View, California, US",14.0,9.0,-9999.0,-9999.0,-9999.0,11.16,310,-9999,-9999.0,75.0,57.2,71.8
20240425-0700,Mountain View Moffett Field Naval Air Station,"Mountain View, California, US",13.0,9.0,-9999.0,-9999.0,-9999.0,11.16,320,-9999,-9999.0,80.0,55.4,76.7
20240425-0800,Mountain View Moffett Field Naval Air Station,"Mountain View, California, US",13.0,9.0,-9999.0,-9999.0,-9999.0,5.4,-9999,-9999,-9999.0,80.0,55.4,76.7
20240425-0900,Mountain View Moffett Field Naval Air Station,"Mountain View, California, US",13.0,9.0,-9999.0,-9999.0,-9999.0,0.0,0,-9999,-9999.0,80.0,55.4,76.7
20240425-1000,Mountain View Moffett Field Naval Air Station,"Mountain View, California, US",12.0,9.0,-9999.0,-9999.0,-9999.0,9.360000000000001,330,50,-9999.0,85.0,53.6,81.9
20240425-1100,Mountain View Moffett Field Naval Air Station,"Mountain View, California, US",12.0,9.0,-9999.0,-9999.0,-9999.0,9.360000000000001,320,-9999,-9999.0,85.0,53.6,81.9
20240425-1200,Mountain View Moffett Field Naval Air Station,"Mountain View, California, US",11.0,8.0,-9999.0,-9999.0,-9999.0,5.4,320,-9999,-9999.0,85.0,51.8,81.7
20240425-1300,Mountain View Moffett Field Naval Air Station,"Mountain View, California, US",12.0,8.0,-9999.0,-9999.0,-9999.0,0.0,0,-9999,-9999.0,80.0,53.6,76.5
20240425-1400,Mountain View Moffett Field Naval Air Station,"Mountain View, California, US",12.0,8.0,-9999.0,-9999.0,-9999.0,5.4,240,50,-9999.0,80.0,53.6,76.5
20240425-1500,Mountain View Moffett Field Naval Air Station,"Mountain View, California, US",12.0,9.0,-9999.0,-9999.0,-9999.0,7.5600000000000005,270,-9999,-9999.0,85.0,53.6,81.9
20240425-1600,Mountain View Moffett Field Naval Air Station,"Mountain View, California, US",14.0,9.0,-9999.0,-9999.0,-9999.0,0.0,0,-9999,-9999.0,75.0,57.2,71.8
20240425-1700,Mountain View Moffett Field Naval Air Station,"Mountain View, California, US",15.0,10.0,-9999.0,-9999.0,-9999.0,0.0,0,-9999,-9999.0,75.0,59.0,72.0
20240425-1800,Mountain View Moffett Field Naval Air Station,"Mountain View, California, US",16.0,9.0,-9999.0,-9999.0,-9999.0,20.520000000000003,290,-9999,-9999.0,65.0,60.8,63.1
20240425-1900,Mountain View Moffett Field Naval Air Station,"Mountain View, California, US",16.0,8.0,-9999.0,-9999.0,-9999.0,16.56,280,-9999,-9999.0,60.0,60.8,59.0
20240425-2000,Mountain View Moffett Field Naval Air Station,"Mountain View, California, US",17.0,8.0,-9999.0,-9999.0,-9999.0,12.959999999999999,240,-9999,-9999.0,55.0,62.6,55.4
20240425-2100,Mountain View Moffett Field Naval Air Station,"Mountain View, California, US",17.0,8.0,-9999.0,-9999.0,-9999.0,18.36,280,-9999,-9999.0,55.0,62.6,55.4
20240425-2200,Mountain View Moffett Field Naval Air Station,"Mountain View, California, US",17.0,9.0,-9999.0,-9999.0,-9999.0,18.36,300,-9999,-9999.0,60.0,62.6,59.3
20240425-2300,Mountain View Moffett Field Naval Air Station,"Mountain View, California, US",17.0,9.0,-9999.0,-9999.0,-9999.0,14.76,280,-9999,-9999.0,60.0,62.6,59.3
20240426-0000,Mountain View Moffett Field Naval Air Station,"Mountain View, California, US",17.0,9.0,-9999.0,-9999.0,-9999.0,18.36,300,-9999,-9999.0,60.0,62.6,59.3
20240426-0100,Mountain View Moffett Field Naval Air Station,"Mountain View, California, US",16.0,10.0,-9999.0,-9999.0,-9999.0,20.520000000000003,270,-9999,-9999.0,70.0,60.8,67.5
20240426-0200,Mountain View Moffett Field Naval Air Station,"Mountain View, California, US",15.0,10.0,-9999.0,-9999.0,-9999.0,14.76,260,-9999,-9999.0,75.0,59.0,72.0
20240426-0300,Mountain View Moffett Field Naval Air Station,"Mountain View, California, US",15.0,10.0,-9999.0,-9999.0,-9999.0,11.16,300,-9999,-9999.0,75.0,59.0,72.0
20240426-0400,Mountain View Moffett Field Naval Air Station,"Mountain View, California, US",14.0,10.0,-9999.0,-9999.0,-9999.0,11.16,280,-9999,-9999.0,80.0,57.2,76.8
20240426-0500,Mountain View Moffett Field Naval Air Station,"Mountain View, California, US",14.0,10.0,-9999.0,-9999.0,-9999.0,7.5600000000000005,300,-9999,-9999.0,80.0,57.2,76.8
20240426-0600,Mountain View Moffett Field Naval Air Station,"Mountain View, California, US",14.0,10.0,-9999.0,-9999.0,-9999.0,12.959999999999999,280,-9999,-9999.0,80.0,57.2,76.8
20240426-0700,Mountain View Moffett Field Naval Air Station,"Mountain View, California, US",14.0,9.0,-9999.0,-9999.0,-9999.0,7.5600000000000005,300,-9999,-9999.0,75.0,57.2,71.8
20240426-0800,Mountain View Moffett Field Naval Air Station,"Mountain View, California, US",13.0,9.0,-9999.0,-9999.0,-9999.0,7.5600000000000005,290,-9999,-9999.0,80.0,55.4,76.7
20240426-0900,Mountain View Moffett Field Naval Air Station,"Mountain View, California, US",13.0,9.0,-9999.0,-9999.0,-9999.0,11.16,280,-9999,-9999.0,80.0,55.4,76.7
20240426-1000,Mountain View Moffett Field Naval Air Station,"Mountain View, California, US",14.0,9.0,-9999.0,-9999.0,-9999.0,0.0,0,-9999,-9999.0,75.0,57.2,71.8
20240426-1100,Mountain View Moffett Field Naval Air Station,"Mountain View, California, US",14.0,9.0,-9999.0,-9999.0,-9999.0,7.5600000000000005,340,-9999,-9999.0,75.0,57.2,71.8
20240426-1200,Mountain View Moffett Field Naval Air Station,"Mountain View, California, US",14.0,10.0,-9999.0,-9999.0,-9999.0,11.16,280,-9999,-9999.0,80.0,57.2,76.8
20240426-1300,Mountain View Moffett Field Naval Air Station,"Mountain View, California, US",14.0,11.0,-9999.0,-9999.0,-9999.0,14.76,320,-9999,-9999.0,85.0,57.2,82.1
20240426-1400,Mountain View Moffett Field Naval Air Station,"Mountain View, California, US",13.0,10.0,-9999.0,-9999.0,-9999.0,18.36,310,-9999,-9999.0,85.0,55.4,82.0
20240426-1500,Mountain View Moffett Field Naval Air Station,"Mountain View, California, US",13.0,10.0,-9999.0,-9999.0,-9999.0,11.16,310,-9999,-9999.0,85.0,55.4,82.0
20240426-1600,Mountain View Moffett Field Naval Air Station,"Mountain View, California, US",14.0,9.0,-9999.0,-9999.0,-9999.0,22.32,320,-9999,-9999.0,75.0,57.2,71.8
20240426-1700,Mountain View Moffett Field Naval Air Station,"Mountain View, California, US",15.0,9.0,-9999.0,-9999.0,-9999.0,18.36,300,-9999,-9999.0,70.0,59.0,67.3
20240426-1800,Mountain View Moffett Field Naval Air Station,"Mountain View, California, US",16.0,9.0,-9999.0,-9999.0,-9999.0,16.56,310,-9999,-9999.0,65.0,60.8,63.1
20240426-1900,Mountain View Moffett Field Naval Air Station,"Mountain View, California, US",17.0,9.0,-9999.0,-9999.0,-9999.0,24.12,320,0,-9999.0,60.0,62.6,59.3
20240426-2000,Mountain View Moffett Field Naval Air Station,"Mountain View, California, US",17.0,8.0,-9999.0,-9999.0,-9999.0,22.32,290,-9999,-9999.0,55.0,62.6,55.4
20240426-2100,Mountain View Moffett Field Naval Air Station,"Mountain View, California, US",17.0,8.0,-9999.0,-9999.0,-9999.0,20.520000000000003,290,-9999,-9999.0,55.0,62.6,55.4
20240426-2200,Mountain View Moffett Field Naval Air Station,"Mountain View, California, US",18.0,8.0,-9999.0,-9999.0,-9999.0,24.12,290,50,-9999.0,50.0,64.4,52.0
20240426-2300,Mountain View Moffett Field Naval Air Station,"Mountain View, California, US",18.0,8.0,-9999.0,-9999.0,-9999.0,27.72,280,-9999,-9999.0,50.0,64.4,52.0
20240427-0000,Mountain View Moffett Field Naval Air Station,"Mountain View, California, US",17.0,8.0,-9999.0,-9999.0,-9999.0,25.919999999999998,280,25,-9999.0,55.0,62.6,55.4
20240427-0100,Mountain View Moffett Field Naval Air Station,"Mountain View, California, US",16.0,8.0,-9999.0,-9999.0,-9999.0,18.36,320,-9999,-9999.0,60.0,60.8,59.0
20240427-0200,Mountain View Moffett Field Naval Air Station,"Mountain View, California, US",15.0,8.0,-9999.0,-9999.0,-9999.0,12.959999999999999,270,-9999,-9999.0,65.0,59.0,62.9
20240427-0300,Mountain View Moffett Field Naval Air Station,"Mountain View, California, US",14.0,8.0,-9999.0,-9999.0,-9999.0,20.520000000000003,290,50,-9999.0,70.0,57.2,67.1
20240427-0400,Mountain View Moffett Field Naval Air Station,"Mountain View, California, US",13.0,8.0,-9999.0,-9999.0,-9999.0,11.16,300,0,-9999.0,75.0,55.4,71.6
20240427-0500,Mountain View Moffett Field Naval Air Station,"Mountain View, California, US",12.0,8.0,-9999.0,-9999.0,-9999.0,11.16,310,50,-9999.0,80.0,53.6,76.5
20240427-0600,Mountain View Moffett Field Naval Air Station,"Mountain View, California, US",12.0,7.0,-9999.0,-9999.0,-9999.0,7.5600000000000005,280,0,-9999.0,75.0,53.6,71.5
20240427-0700,Mountain View Moffett Field Naval Air Station,"Mountain View, California, US",12.0,7.0,-9999.0,-9999.0,-9999.0,0.0,0,0,-9999.0,75.0,53.6,71.5
20240427-0800,Mountain View Moffett Field Naval Air Station,"Mountain View, California, US",11.0,7.0,-9999.0,-9999.0,-9999.0,0.0,0,0,-9999.0,80.0,51.8,76.3
20240427-0900,Mountain View Moffett Field Naval Air Station,"Mountain View, California, US",11.0,7.0,-9999.0,-9999.0,-9999.0,0.0,0,0,-9999.0,80.0,51.8,76.3
20240427-1000,Mountain View Moffett Field Naval Air Station,"Mountain View, California, US",10.0,7.0,-9999.0,-9999.0,-9999.0,0.0,0,0,-9999.0,85.0,50.0,81.6
20240427-1100,Mountain View Moffett Field Naval Air Station,"Mountain View, California, US",9.0,7.0,-9999.0,-9999.0,-9999.0,0.0,0,0,-9999.0,90.0,48.2,87.3
20240427-1200,Mountain View Moffett Field Naval Air Station,"Mountain View, California, US",9.0,7.0,-9999.0,-9999.0,-9999.0,0.0,0,0,-9999.0,90.0,48.2,87.3
20240427-1300,Mountain View Moffett Field Naval Air Station,"Mountain View, California, US",9.0,6.0,-9999.0,-9999.0,-9999.0,0.0,0,0,-9999.0,85.0,48.2,81.5
20240427-1400,Mountain View Moffett Field Naval Air Station,"Mountain View, California, US",10.0,7.0,-9999.0,-9999.0,-9999.0,0.0,0,0,-9999.0,85.0,50.0,81.6
20240427-1500,Mountain View Moffett Field Naval Air Station,"Mountain View, California, US",12.0,8.0,-9999.0,-9999.0,-9999.0,5.4,-9999,0,-9999.0,80.0,53.6,76.5
20240427-1600,Mountain View Moffett Field Naval Air Station,"Mountain View, California, US",14.0,8.0,-9999.0,-9999.0,-9999.0,7.5600000000000005,100,0,-9999.0,70.0,57.2,67.1
20240427-1700,Mountain View Moffett Field Naval Air Station,"Mountain View, California, US",15.0,8.0,-9999.0,-9999.0,-9999.0,9.360000000000001,40,0,-9999.0,65.0,59.0,62.9
20240427-1800,Mountain View Moffett Field Naval Air Station,"Mountain View, California, US",15.0,9.0,-9999.0,-9999.0,-9999.0,11.16,-9999,0,-9999.0,70.0,59.0,67.3
20240427-1900,Mountain View Moffett Field Naval Air Station,"Mountain View, California, US",17.0,9.0,-9999.0,-9999.0,-9999.0,0.0,0,0,-9999.0,60.0,62.6,59.3
20240427-2000,Mountain View Moffett Field Naval Air Station,"Mountain View, California, US",17.0,10.0,-9999.0,-9999.0,-9999.0,20.520000000000003,340,0,-9999.0,65.0,62.6,63.4
20240427-2100,Mountain View Moffett Field Naval Air Station,"Mountain View, California, US",18.0,10.0,-9999.0,-9999.0,-9999.0,22.32,350,0,-9999.0,60.0,64.4,59.5
20240427-2200,Mountain View Moffett Field Naval Air Station,"Mountain View, California, US",19.0,9.0,-9999.0,-9999.0,-9999.0,31.68,340,0,-9999.0,50.0,66.2,52.2
20240427-2300,Mountain View Moffett Field Naval Air Station,"Mountain View, California, US",20.0,7.0,-9999.0,-9999.0,-9999.0,22.32,270,0,-9999.0,35.0,68.0,42.9
20240428-0000,Mountain View Moffett Field Naval Air Station,"Mountain View, California, US",19.0,7.0,-9999.0,-9999.0,-9999.0,9.360000000000001,-9999,0,-9999.0,40.0,66.2,45.6
20240428-0100,Mountain View Moffett Field Naval Air Station,"Mountain View, California, US",17.0,6.0,-9999.0,-9999.0,-9999.0,18.36,320,0,-9999.0,45.0,62.6,48.3
20240428-0200,Mountain View Moffett Field Naval Air Station,"Mountain View, California, US",15.0,6.0,-9999.0,-9999.0,-9999.0,18.36,340,0,-9999.0,55.0,59.0,54.9
20240428-0300,Mountain View Moffett Field Naval Air Station,"Mountain View, California, US",14.0,5.0,-9999.0,-9999.0,-9999.0,14.76,330,0,-9999.0,55.0,57.2,54.6
20240428-0400,Mountain View Moffett Field Naval Air Station,"Mountain View, California, US",13.0,5.0,-9999.0,-9999.0,-9999.0,0.0,0,0,-9999.0,60.0,55.4,58.3
20240428-0500,Mountain View Moffett Field Naval Air Station,"Mountain View, California, US",12.0,6.0,-9999.0,-9999.0,-9999.0,7.5600000000000005,350,0,-9999.0,70.0,53.6,66.7
20240428-0600,Mountain View Moffett Field Naval Air Station,"Mountain View, California, US",13.0,6.0,-9999.0,-9999.0,-9999.0,0.0,0,0,-9999.0,65.0,55.4,62.5
20240428-0700,Mountain View Moffett Field Naval Air Station,"Mountain View, California, US",12.0,7.0,-9999.0,-9999.0,-9999.0,0.0,0,0,-9999.0,75.0,53.6,71.5
20240428-0800,Mountain View Moffett Field Naval Air Station,"Mountain View, California, US",12.0,6.0,-9999.0,-9999.0,-9999.0,0.0,0,0,-9999.0,70.0,53.6,66.7
20240428-0900,Mountain View Moffett Field Naval Air Station,"Mountain View, California, US",12.0,7.0,-9999.0,-9999.0,-9999.0,7.5600000000000005,210,0,-9999.0,75.0,53.6,71.5
20240428-1000,Mountain View Moffett Field Naval Air Station,"Mountain View, California, US",11.0,7.0,-9999.0,-9999.0,-9999.0,0.0,0,0,-9999.0,80.0,51.8,76.3
20240428-1100,Mountain View Moffett Field Naval Air Station,"Mountain View, California, US",11.0,7.0,-9999.0,-9999.0,-9999.0,5.4,180,0,-9999.0,80.0,51.8,76.3
20240428-1200,Mountain View Moffett Field Naval Air Station,"Mountain View, California, US",11.0,7.0,-9999.0,-9999.0,-9999.0,7.5600000000000005,190,0,-9999.0,80.0,51.8,76.3
20240428-1300,Mountain View Moffett Field Naval Air Station,"Mountain View, California, US",11.0,7.0,-9999.0,-9999.0,-9999.0,5.4,190,0,-9999.0,80.0,51.8,76.3
20240428-1400,Mountain View Moffett Field Naval Air Station,"Mountain View, California, US",11.0,8.0,-9999.0,-9999.0,-9999.0,5.4,170,0,-9999.0,85.0,51.8,81.7
20240428-1500,Mountain View Moffett Field Naval Air Station,"Mountain View, California, US",13.0,9.0,-9999.0,-9999.0,-9999.0,0.0,0,0,-9999.0,80.0,55.4,76.7
20240428-1600,Mountain View Moffett Field Naval Air Station,"Mountain View, California, US",14.0,10.0,-9999.0,-9999.0,-9999.0,0.0,0,0,-9999.0,80.0,57.2,76.8
20240428-1700,Mountain View Moffett Field Naval Air Station,"Mountain View, California, US",15.0,10.0,-9999.0,-9999.0,-9999.0,9.360000000000001,10,0,-9999.0,75.0,59.0,72.0
20240428-1800,Mountain View Moffett Field Naval Air Station,"Mountain View, California, US",16.0,10.0,-9999.0,-9999.0,-9999.0,12.959999999999999,20,0,-9999.0,70.0,60.8,67.5
20240428-1900,Mountain View Moffett Field Naval Air Station,"Mountain View, California, US",17.0,11.0,-9999.0,-9999.0,-9999.0,11.16,360,0,-9999.0,70.0,62.6,67.7
20240428-2000,Mountain View Moffett Field Naval Air Station,"Mountain View, California, US",18.0,11.0,-9999.0,-9999.0,-9999.0,25.919999999999998,340,0,-9999.0,65.0,64.4,63.6
20240428-2100,Mountain View Moffett Field Naval Air Station,"Mountain View, California, US",20.0,11.0,-9999.0,-9999.0,-9999.0,27.72,350,0,-9999.0,55.0,68.0,56.1
20240428-2200,Mountain View Moffett Field Naval Air Station,"Mountain View, California, US",21.0,9.0,-9999.0,-9999.0,-9999.0,20.520000000000003,320,0,-9999.0,40.0,69.8,46.2
20240428-2300,Mountain View Moffett Field Naval Air Station,"Mountain View, California, US",21.0,7.0,-9999.0,-9999.0,-9999.0,18.36,320,0,-9999.0,30.0,69.8,40.3
20240429-0000,Mountain View Moffett Field Naval Air Station,"Mountain View, California, US",20.0,7.0,-9999.0,-9999.0,-9999.0,18.36,310,0,-9999.0,35.0,68.0,42.9
20240429-0100,Mountain View Moffett Field Naval Air Station,"Mountain View, California, US",19.0,8.0,-9999.0,-9999.0,-9999.0,11.16,-9999,0,-9999.0,45.0,66.2,48.8
20240429-0200,Mountain View Moffett Field Naval Air Station,"Mountain View, California, US",18.0,7.0,-9999.0,-9999.0,-9999.0,18.36,300,0,-9999.0,45.0,64.4,48.6
20240429-0300,Mountain View Moffett Field Naval Air Station,"Mountain View, California, US",17.0,7.0,-9999.0,-9999.0,-9999.0,11.16,290,0,-9999.0,50.0,62.6,51.7
20240429-0400,Mountain View Moffett Field Naval Air Station,"Mountain View, California, US",15.0,6.0,-9999.0,-9999.0,-9999.0,16.56,310,0,-9999.0,55.0,59.0,54.9
20240429-0500,Mountain View Moffett Field Naval Air Station,"Mountain View, California, US",14.0,7.0,-9999.0,-9999.0,-9999.0,11.16,-9999,0,-9999.0,65.0,57.2,62.7
20240429-0600,Mountain View Moffett Field Naval Air Station,"Mountain View, California, US",14.0,7.0,-9999.0,-9999.0,-9999.0,14.76,280,0,-9999.0,65.0,57.2,62.7
20240429-0700,Mountain View Moffett Field Naval Air Station,"Mountain View, California, US",14.0,7.0,-9999.0,-9999.0,-9999.0,14.76,290,0,-9999.0,65.0,57.2,62.7
20240429-0800,Mountain View Moffett Field Naval Air Station,"Mountain View, California, US",13.0,7.0,-9999.0,-9999.0,-9999.0,12.959999999999999,290,0,-9999.0,70.0,55.4,66.9
20240429-0900,Mountain View Moffett Field Naval Air Station,"Mountain View, California, US",12.0,6.0,-9999.0,-9999.0,-9999.0,0.0,0,0,-9999.0,70.0,53.6,66.7
20240429-1000,Mountain View Moffett Field Naval Air Station,"Mountain View, California, US",12.0,7.0,-9999.0,-9999.0,-9999.0,0.0,0,0,-9999.0,75.0,53.6,71.5
20240429-1100,Mountain View Moffett Field Naval Air Station,"Mountain View, California, US",11.0,7.0,-9999.0,-9999.0,-9999.0,0.0,0,0,-9999.0,80.0,51.8,76.3
20240429-1300,Mountain View Moffett Field Naval Air Station,"Mountain View, California, US",10.0,7.0,-9999.0,-9999.0,-9999.0,0.0,0,0,-9999.0,85.0,50.0,81.6
20240429-1400,Mountain View Moffett Field Naval Air Station,"Mountain View, California, US",11.0,7.0,-9999.0,-9999.0,-9999.0,0.0,0,0,-9999.0,80.0,51.8,76.3
20240429-1500,Mountain View Moffett Field Naval Air Station,"Mountain View, California, US",13.0,8.0,-9999.0,-9999.0,-9999.0,0.0,0,0,-9999.0,75.0,55.4,71.6
20240429-1600,Mountain View Moffett Field Naval Air Station,"Mountain View, California, US",14.0,6.0,-9999.0,-9999.0,-9999.0,5.4,-9999,0,-9999.0,60.0,57.2,58.5
20240429-1700,Mountain View Moffett Field Naval Air Station,"Mountain View, California, US",16.0,6.0,-9999.0,-9999.0,-9999.0,16.56,350,0,-9999.0,50.0,60.8,51.5
20240429-1800,Mountain View Moffett Field Naval Air Station,"Mountain View, California, US",16.0,7.0,-9999.0,-9999.0,-9999.0,20.520000000000003,10,0,-9999.0,55.0,60.8,55.1
20240429-1900,Mountain View Moffett Field Naval Air Station,"Mountain View, California, US",17.0,6.0,-9999.0,-9999.0,-9999.0,16.56,340,0,-9999.0,45.0,62.6,48.3
20240429-2000,Mountain View Moffett Field Naval Air Station,"Mountain View, California, US",19.0,7.0,-9999.0,-9999.0,-9999.0,22.32,350,0,-9999.0,40.0,66.2,45.6
20240429-2100,Mountain View Moffett Field Naval Air Station,"Mountain View, California, US",19.0,6.0,-9999.0,-9999.0,-9999.0,24.12,350,0,-9999.0,35.0,66.2,42.6
20240430-0000,Mountain View Moffett Field Naval Air Station,"Mountain View, California, US",19.0,6.0,-9999.0,-9999.0,-9999.0,25.919999999999998,340,0,-9999.0,35.0,66.2,42.6
20240430-0100,Mountain View Moffett Field Naval Air Station,"Mountain View, California, US",18.0,5.0,-9999.0,-9999.0,-9999.0,11.16,-9999,0,-9999.0,35.0,64.4,42.3
20240430-0200,Mountain View Moffett Field Naval Air Station,"Mountain View, California, US",17.0,4.0,-9999.0,-9999.0,-9999.0,16.56,320,0,-9999.0,35.0,62.6,42.0
20240430-0300,Mountain View Moffett Field Naval Air Station,"Mountain View, California, US",15.0,6.0,-9999.0,-9999.0,-9999.0,18.36,350,0,-9999.0,55.0,59.0,54.9
20240430-0400,Mountain View Moffett Field Naval Air Station,"Mountain View, California, US",14.0,6.0,-9999.0,-9999.0,-9999.0,7.5600000000000005,330,0,-9999.0,60.0,57.2,58.5
20240430-0500,Mountain View Moffett Field Naval Air Station,"Mountain View, California, US",13.0,6.0,-9999.0,-9999.0,-9999.0,9.360000000000001,340,0,-9999.0,65.0,55.4,62.5
20240430-0600,Mountain View Moffett Field Naval Air Station,"Mountain View, California, US",13.0,5.0,-9999.0,-9999.0,-9999.0,0.0,0,0,-9999.0,60.0,55.4,58.3
20240430-0700,Mountain View Moffett Field Naval Air Station,"Mountain View, California, US",12.0,5.0,-9999.0,-9999.0,-9999.0,0.0,0,0,-9999.0,65.0,53.6,62.2
20240430-0800,Mountain View Moffett Field Naval Air Station,"Mountain View, California, US",12.0,5.0,-9999.0,-9999.0,-9999.0,0.0,0,0,-9999.0,65.0,53.6,62.2
20240430-0900,Mountain View Moffett Field Naval Air Station,"Mountain View, California, US",11.0,5.0,-9999.0,-9999.0,-9999.0,0.0,0,0,-9999.0,70.0,51.8,66.5
20240430-1000,Mountain View Moffett Field Naval Air Station,"Mountain View, California, US",10.0,5.0,-9999.0,-9999.0,-9999.0,0.0,0,0,-9999.0,75.0,50.0,71.1
20240430-1100,Mountain View Moffett Field Naval Air Station,"Mountain View, California, US",10.0,5.0,-9999.0,-9999.0,-9999.0,0.0,0,0,-9999.0,75.0,50.0,71.1
20240430-1200,Mountain View Moffett Field Naval Air Station,"Mountain View, California, US",9.0,5.0,-9999.0,-9999.0,-9999.0,0.0,0,0,-9999.0,80.0,48.2,76.0
20240430-1300,Mountain View Moffett Field Naval Air Station,"Mountain View, California, US",9.0,5.0,-9999.0,-9999.0,-9999.0,0.0,0,0,-9999.0,80.0,48.2,76.0
20240430-1400,Mountain View Moffett Field Naval Air Station,"Mountain View, California, US",10.0,6.0,-9999.0,-9999.0,-9999.0,0.0,0,0,-9999.0,80.0,50.0,76.2
20240430-1500,Mountain View Moffett Field Naval Air Station,"Mountain View, California, US",11.0,6.0,-9999.0,-9999.0,-9999.0,0.0,0,0,-9999.0,75.0,51.8,71.3
20240430-1600,Mountain View Moffett Field Naval Air Station,"Mountain View, California, US",13.0,6.0,-9999.0,-9999.0,-9999.0,9.360000000000001,-9999,0,-9999.0,65.0,55.4,62.5
20240430-1700,Mountain View Moffett Field Naval Air Station,"Mountain View, California, US",14.0,7.0,-9999.0,-9999.0,-9999.0,7.5600000000000005,30,0,-9999.0,65.0,57.2,62.7
20240430-1800,Mountain View Moffett Field Naval Air Station,"Mountain View, California, US",15.0,7.0,-9999.0,-9999.0,-9999.0,5.4,-9999,0,-9999.0,60.0,59.0,58.8
20240430-1900,Mountain View Moffett Field Naval Air Station,"Mountain View, California, US",17.0,6.0,-9999.0,-9999.0,-9999.0,16.56,350,0,-9999.0,45.0,62.6,48.3
20240430-2000,Mountain View Moffett Field Naval Air Station,"Mountain View, California, US",17.0,8.0,-9999.0,-9999.0,-9999.0,20.520000000000003,350,0,-9999.0,55.0,62.6,55.4
20240430-2100,Mountain View Moffett Field Naval Air Station,"Mountain View, California, US",18.0,7.0,-9999.0,-9999.0,-9999.0,20.520000000000003,340,0,-9999.0,45.0,64.4,48.6
20240430-2200,Mountain View Moffett Field Naval Air Station,"Mountain View, California, US",18.0,7.0,-9999.0,-9999.0,-9999.0,22.32,340,-9999,-9999.0,45.0,64.4,48.6
20240501-0800,Mountain View Moffett Field Naval Air Station,"Mountain View, California, US",12.0,6.0,-9999.0,-9999.0,-9999.0,0.0,0,-9999,-9999.0,70.0,53.6,66.7
20240501-0900,Mountain View Moffett Field Naval Air Station,"Mountain View, California, US",11.0,6.0,-9999.0,-9999.0,-9999.0,0.0,0,-9999,-9999.0,75.0,51.8,71.3
20240501-1000,Mountain View Moffett Field Naval Air Station,"Mountain View, California, US",11.0,6.0,-9999.0,-9999.0,-9999.0,0.0,0,50,-9999.0,75.0,51.8,71.3
20240501-1100,Mountain View Moffett Field Naval Air Station,"Mountain View, California, US",10.0,5.0,-9999.0,-9999.0,-9999.0,0.0,0,-9999,-9999.0,75.0,50.0,71.1
20240501-1200,Mountain View Moffett Field Naval Air Station,"Mountain View, California, US",9.0,5.0,-9999.0,-9999.0,-9999.0,0.0,0,-9999,-9999.0,80.0,48.2,76.0
20240501-1300,Mountain View Moffett Field Naval Air Station,"Mountain View, California, US",9.0,6.0,-9999.0,-9999.0,-9999.0,0.0,0,-9999,-9999.0,85.0,48.2,81.5
20240501-1400,Mountain View Moffett Field Naval Air Station,"Mountain View, California, US",10.0,5.0,-9999.0,-9999.0,-9999.0,0.0,0,-9999,-9999.0,75.0,50.0,71.1
20240501-1500,Mountain View Moffett Field Naval Air Station,"Mountain View, California, US",13.0,7.0,-9999.0,-9999.0,-9999.0,0.0,0,-9999,-9999.0,70.0,55.4,66.9
20240501-1600,Mountain View Moffett Field Naval Air Station,"Mountain View, California, US",15.0,8.0,-9999.0,-9999.0,-9999.0,11.16,340,-9999,-9999.0,65.0,59.0,62.9
20240501-1700,Mountain View Moffett Field Naval Air Station,"Mountain View, California, US",16.0,8.0,-9999.0,-9999.0,-9999.0,14.76,360,-9999,-9999.0,60.0,60.8,59.0
20240501-1800,Mountain View Moffett Field Naval Air Station,"Mountain View, California, US",18.0,8.0,-9999.0,-9999.0,-9999.0,11.16,30,-9999,-9999.0,50.0,64.4,52.0
20240501-1900,Mountain View Moffett Field Naval Air Station,"Mountain View, California, US",20.0,2.0,-9999.0,-9999.0,-9999.0,12.959999999999999,350,-9999,-9999.0,10.0,68.0,30.2
20240501-2000,Mountain View Moffett Field Naval Air Station,"Mountain View, California, US",22.0,1.0,-9999.0,-9999.0,-9999.0,12.959999999999999,330,-9999,-9999.0,-5.0,71.6,24.9
20240501-2100,Mountain View Moffett Field Naval Air Station,"Mountain View, California, US",23.0,2.0,-9999.0,-9999.0,-9999.0,18.36,360,-9999,-9999.0,-5.0,73.4,25.1
20240501-2200,Mountain View Moffett Field Naval Air Station,"Mountain View, California, US",23.0,5.0,-9999.0,-9999.0,-9999.0,22.32,350,0,-9999.0,10.0,73.4,31.1
20240501-2300,Mountain View Moffett Field Naval Air Station,"Mountain View, California, US",24.0,4.0,-9999.0,-9999.0,-9999.0,22.32,350,0,-9999.0,0.0,75.2,27.3
20240502-0000,Mountain View Moffett Field Naval Air Station,"Mountain View, California, US",23.0,7.0,-9999.0,-9999.0,-9999.0,20.520000000000003,340,0,-9999.0,20.0,73.4,35.7
20240502-0100,Mountain View Moffett Field Naval Air Station,"Mountain View, California, US",21.0,10.0,-9999.0,-9999.0,-9999.0,24.12,360,0,-9999.0,45.0,69.8,49.4
20240502-0200,Mountain View Moffett Field Naval Air Station,"Mountain View, California, US",19.0,9.0,-9999.0,-9999.0,-9999.0,24.12,350,0,-9999.0,50.0,66.2,52.2
20240502-0300,Mountain View Moffett Field Naval Air Station,"Mountain View, California, US",17.0,10.0,-9999.0,-9999.0,-9999.0,12.959999999999999,10,0,-9999.0,65.0,62.6,63.4
20240502-0400,Mountain View Moffett Field Naval Air Station,"Mountain View, California, US",16.0,10.0,-9999.0,-9999.0,-9999.0,14.76,10,0,-9999.0,70.0,60.8,67.5
20240502-0500,Mountain View Moffett Field Naval Air Station,"Mountain View, California, US",15.0,9.0,-9999.0,-9999.0,-9999.0,9.360000000000001,10,0,-9999.0,70.0,59.0,67.3
20240502-0600,Mountain View Moffett Field Naval Air Station,"Mountain View, California, US",15.0,9.0,-9999.0,-9999.0,-9999.0,0.0,0,0,-9999.0,70.0,59.0,67.3
20240502-0700,Mountain View Moffett Field Naval Air Station,"Mountain View, California, US",15.0,8.0,-9999.0,-9999.0,-9999.0,0.0,0,0,-9999.0,65.0,59.0,62.9
20240502-0800,Mountain View Moffett Field Naval Air Station,"Mountain View, California, US",15.0,9.0,-9999.0,-9999.0,-9999.0,0.0,0,0,-9999.0,70.0,59.0,67.3
20240502-0900,Mountain View Moffett Field Naval Air Station,"Mountain View, California, US",14.0,8.0,-9999.0,-9999.0,-9999.0,0.0,0,0,-9999.0,70.0,57.2,67.1
20240502-1000,Mountain View Moffett Field Naval Air Station,"Mountain View, California, US",13.0,9.0,-9999.0,-9999.0,-9999.0,0.0,0,0,-9999.0,80.0,55.4,76.7
20240502-1100,Mountain View Moffett Field Naval Air Station,"Mountain View, California, US",12.0,7.0,-9999.0,-9999.0,-9999.0,0.0,0,0,-9999.0,75.0,53.6,71.5
20240502-1200,Mountain View Moffett Field Naval Air Station,"Mountain View, California, US",11.0,7.0,-9999.0,-9999.0,-9999.0,0.0,0,0,-9999.0,80.0,51.8,76.3
20240502-1300,Mountain View Moffett Field Naval Air Station,"Mountain View, California, US",11.0,7.0,-9999.0,-9999.0,-9999.0,0.0,0,0,-9999.0,80.0,51.8,76.3
20240502-1400,Mountain View Moffett Field Naval Air Station,"Mountain View, California, US",12.0,8.0,-9999.0,-9999.0,-9999.0,0.0,0,0,-9999.0,80.0,53.6,76.5
20240502-1500,Mountain View Moffett Field Naval Air Station,"Mountain View, California, US",15.0,9.0,-9999.0,-9999.0,-9999.0,0.0,0,0,-9999.0,70.0,59.0,67.3
20240502-1600,Mountain View Moffett Field Naval Air Station,"Mountain View, California, US",16.0,9.0,-9999.0,-9999.0,-9999.0,7.5600000000000005,360,0,-9999.0,65.0,60.8,63.1
20240502-1700,Mountain View Moffett Field Naval Air Station,"Mountain View, California, US",17.0,8.0,-9999.0,-9999.0,-9999.0,7.5600000000000005,10,0,-9999.0,55.0,62.6,55.4
20240502-1800,Mountain View Moffett Field Naval Air Station,"Mountain View, California, US",18.0,9.0,-9999.0,-9999.0,-9999.0,14.76,350,0,-9999.0,55.0,64.4,55.6
20240502-1900,Mountain View Moffett Field Naval Air Station,"Mountain View, California, US",20.0,8.0,-9999.0,-9999.0,-9999.0,16.56,350,0,-9999.0,40.0,68.0,45.9
20240502-2000,Mountain View Moffett Field Naval Air Station,"Mountain View, California, US",20.0,8.0,-9999.0,-9999.0,-9999.0,20.520000000000003,340,0,-9999.0,40.0,68.0,45.9
20240502-2100,Mountain View Moffett Field Naval Air Station,"Mountain View, California, US",20.0,11.0,-9999.0,-9999.0,-9999.0,24.12,350,0,-9999.0,55.0,68.0,56.1
20240502-2200,Mountain View Moffett Field Naval Air Station,"Mountain View, California, US",22.0,12.0,-9999.0,-9999.0,-9999.0,25.919999999999998,350,0,-9999.0,50.0,71.6,53.0
20240502-2300,Mountain View Moffett Field Naval Air Station,"Mountain View, California, US",22.0,11.0,-9999.0,-9999.0,-9999.0,31.68,350,0,-9999.0,45.0,71.6,49.6
20240503-0000,Mountain View Moffett Field Naval Air Station,"Mountain View, California, US",22.0,10.0,-9999.0,-9999.0,-9999.0,20.520000000000003,310,0,-9999.0,40.0,71.6,46.4
20240503-0100,Mountain View Moffett Field Naval Air Station,"Mountain View, California, US",21.0,10.0,-9999.0,-9999.0,-9999.0,18.36,310,0,-9999.0,45.0,69.8,49.4
20240503-0200,Mountain View Moffett Field Naval Air Station,"Mountain View, California, US",19.0,9.0,-9999.0,-9999.0,-9999.0,16.56,320,0,-9999.0,50.0,66.2,52.2
20240503-0300,Mountain View Moffett Field Naval Air Station,"Mountain View, California, US",17.0,10.0,-9999.0,-9999.0,-9999.0,7.5600000000000005,310,0,-9999.0,65.0,62.6,63.4
20240503-0400,Mountain View Moffett Field Naval Air Station,"Mountain View, California, US",15.0,10.0,-9999.0,-9999.0,-9999.0,12.959999999999999,330,-9999,-9999.0,75.0,59.0,72.0
20240503-0500,Mountain View Moffett Field Naval Air Station,"Mountain View, California, US",14.0,11.0,-9999.0,-9999.0,-9999.0,12.959999999999999,340,0,-9999.0,85.0,57.2,82.1
20240503-0600,Mountain View Moffett Field Naval Air Station,"Mountain View, California, US",14.0,10.0,-9999.0,-9999.0,-9999.0,14.76,340,0,-9999.0,80.0,57.2,76.8
20240503-0700,Mountain View Moffett Field Naval Air Station,"Mountain View, California, US",13.0,11.0,-9999.0,-9999.0,-9999.0,9.360000000000001,360,0,-9999.0,90.0,55.4,87.6
20240503-0800,Mountain View Moffett Field Naval Air Station,"Mountain View, California, US",13.0,10.0,-9999.0,-9999.0,-9999.0,7.5600000000000005,10,0,-9999.0,85.0,55.4,82.0
20240503-0900,Mountain View Moffett Field Naval Air Station,"Mountain View, California, US",12.0,10.0,-9999.0,-9999.0,-9999.0,0.0,0,0,-9999.0,90.0,53.6,87.6
20240503-1000,Mountain View Moffett Field Naval Air Station,"Mountain View, California, US",12.0,10.0,-9999.0,-9999.0,-9999.0,0.0,0,50,-9999.0,90.0,53.6,87.6
20240503-1100,Mountain View Moffett Field Naval Air Station,"Mountain View, California, US",12.0,10.0,-9999.0,-9999.0,-9999.0,7.5600000000000005,20,25,-9999.0,90.0,53.6,87.6
20240503-1200,Mountain View Moffett Field Naval Air Station,"Mountain View, California, US",12.0,10.0,-9999.0,-9999.0,-9999.0,7.5600000000000005,50,-9999,-9999.0,90.0,53.6,87.6
20240503-1300,Mountain View Moffett Field Naval Air Station,"Mountain View, California, US",12.0,10.0,-9999.0,-9999.0,-9999.0,7.5600000000000005,10,-9999,-9999.0,90.0,53.6,87.6
20240503-1400,Mountain View Moffett Field Naval Air Station,"Mountain View, California, US",12.0,10.0,-9999.0,-9999.0,-9999.0,0.0,0,-9999,-9999.0,90.0,53.6,87.6
20240503-1500,Mountain View Moffett Field Naval Air Station,"Mountain View, California, US",13.0,10.0,-9999.0,-9999.0,-9999.0,0.0,0,25,-9999.0,85.0,55.4,82.0
20240503-1600,Mountain View Moffett Field Naval Air Station,"Mountain View, California, US",14.0,10.0,-9999.0,-9999.0,-9999.0,0.0,0,0,-9999.0,80.0,57.2,76.8
20240503-1700,Mountain View Moffett Field Naval Air Station,"Mountain View, California, US",16.0,10.0,-9999.0,-9999.0,-9999.0,9.360000000000001,-9999,0,-9999.0,70.0,60.8,67.5
20240503-1800,Mountain View Moffett Field Naval Air Station,"Mountain View, California, US",18.0,9.0,-9999.0,-9999.0,-9999.0,18.36,350,0,-9999.0,55.0,64.4,55.6
20240503-1900,Mountain View Moffett Field Naval Air Station,"Mountain View, California, US",19.0,8.0,-9999.0,-9999.0,-9999.0,16.56,350,0,-9999.0,45.0,66.2,48.8
20240503-2000,Mountain View Moffett Field Naval Air Station,"Mountain View, California, US",20.0,7.0,-9999.0,-9999.0,-9999.0,16.56,350,0,-9999.0,35.0,68.0,42.9
20240503-2100,Mountain View Moffett Field Naval Air Station,"Mountain View, California, US",20.0,10.0,-9999.0,-9999.0,-9999.0,27.72,330,0,-9999.0,50.0,68.0,52.5
20240503-2200,Mountain View Moffett Field Naval Air Station,"Mountain View, California, US",21.0,12.0,-9999.0,-9999.0,-9999.0,24.12,350,0,-9999.0,55.0,69.8,56.4
20240503-2300,Mountain View Moffett Field Naval Air Station,"Mountain View, California, US",20.0,11.0,-9999.0,-9999.0,-9999.0,35.28,350,0,-9999.0,55.0,68.0,56.1
20240504-0000,Mountain View Moffett Field Naval Air Station,"Mountain View, California, US",22.0,6.0,-9999.0,-9999.0,-9999.0,27.72,340,0,-9999.0,20.0,71.6,35.4
20240504-0100,Mountain View Moffett Field Naval Air Station,"Mountain View, California, US",20.0,9.0,-9999.0,-9999.0,-9999.0,14.76,300,0,-9999.0,45.0,68.0,49.1
20240504-0200,Mountain View Moffett Field Naval Air Station,"Mountain View, California, US",18.0,8.0,-9999.0,-9999.0,-9999.0,20.520000000000003,310,0,-9999.0,50.0,64.4,52.0
20240504-0300,Mountain View Moffett Field Naval Air Station,"Mountain View, California, US",16.0,8.0,-9999.0,-9999.0,-9999.0,18.36,350,0,-9999.0,60.0,60.8,59.0
20240504-0400,Mountain View Moffett Field Naval Air Station,"Mountain View, California, US",14.0,9.0,-9999.0,-9999.0,-9999.0,14.76,360,0,-9999.0,75.0,57.2,71.8
20240504-0500,Mountain View Moffett Field Naval Air Station,"Mountain View, California, US",13.0,9.0,-9999.0,-9999.0,-9999.0,7.5600000000000005,-9999,0,-9999.0,80.0,55.4,76.7
20240504-0600,Mountain View Moffett Field Naval Air Station,"Mountain View, California, US",13.0,9.0,-9999.0,-9999.0,-9999.0,5.4,310,0,-9999.0,80.0,55.4,76.7
20240504-0700,Mountain View Moffett Field Naval Air Station,"Mountain View, California, US",13.0,9.0,-9999.0,-9999.0,-9999.0,5.4,270,25,-9999.0,80.0,55.4,76.7
20240504-0800,Mountain View Moffett Field Naval Air Station,"Mountain View, California, US",13.0,9.0,-9999.0,-9999.0,-9999.0,0.0,0,50,-9999.0,80.0,55.4,76.7
20240504-0900,Mountain View Moffett Field Naval Air Station,"Mountain View, California, US",13.0,10.0,-9999.0,-9999.0,-9999.0,7.5600000000000005,150,-9999,-9999.0,85.0,55.4,82.0
20240504-1000,Mountain View Moffett Field Naval Air Station,"Mountain View, California, US",14.0,10.0,-9999.0,-9999.0,-9999.0,0.0,0,-9999,-9999.0,80.0,57.2,76.8
20240504-1100,Mountain View Moffett Field Naval Air Station,"Mountain View, California, US",14.0,10.0,-9999.0,-9999.0,-9999.0,11.16,150,-9999,-9999.0,80.0,57.2,76.8
20240504-1200,Mountain View Moffett Field Naval Air Station,"Mountain View, California, US",13.0,10.0,-9999.0,-9999.0,-9999.0,0.0,0,50,-9999.0,85.0,55.4,82.0
20240504-1300,Mountain View Moffett Field Naval Air Station,"Mountain View, California, US",13.0,10.0,-9999.0,-9999.0,-9999.0,11.16,150,-9999,-9999.0,85.0,55.4,82.0
20240504-1400,Mountain View Moffett Field Naval Air Station,"Mountain View, California, US",14.0,10.0,-9999.0,-9999.0,-9999.0,12.959999999999999,140,-9999,-9999.0,80.0,57.2,76.8
20240504-1500,Mountain View Moffett Field Naval Air Station,"Mountain View, California, US",13.0,10.0,-9999.0,-9999.0,-9999.0,14.76,120,-9999,-9999.0,85.0,55.4,82.0
20240504-1600,Mountain View Moffett Field Naval Air Station,"Mountain View, California, US",14.0,11.0,-9999.0,-9999.0,-9999.0,11.16,160,50,-9999.0,85.0,57.2,82.1
20240504-1700,Mountain View Moffett Field Naval Air Station,"Mountain View, California, US",13.0,11.0,-9999.0,1.5,-9999.0,14.76,190,50,-9999.0,90.0,55.4,87.6
20240504-1800,Mountain View Moffett Field Naval Air Station,"Mountain View, California, US",10.0,9.0,-9999.0,4.8,-9999.0,11.16,-9999,-9999,-9999.0,95.0,50.0,93.5
20240504-1900,Mountain View Moffett Field Naval Air Station,"Mountain View, California, US",10.0,9.0,-9999.0,5.3,-9999.0,11.16,290,-9999,-9999.0,95.0,50.0,93.5
20240504-2000,Mountain View Moffett Field Naval Air Station,"Mountain View, California, US",10.0,8.0,-9999.0,2.3,-9999.0,12.959999999999999,260,-9999,-9999.0,90.0,50.0,87.4
20240504-2100,Mountain View Moffett Field Naval Air Station,"Mountain View, California, US",10.0,8.0,-9999.0,2.0,-9999.0,0.0,0,-9999,-9999.0,90.0,50.0,87.4
20240504-2200,Mountain View Moffett Field Naval Air Station,"Mountain View, California, US",10.0,9.0,-9999.0,1.5,-9999.0,0.0,0,50,-9999.0,95.0,50.0,93.5
20240504-2300,Mountain View Moffett Field Naval Air Station,"Mountain View, California, US",12.0,7.0,-9999.0,-9999.0,-9999.0,7.5600000000000005,220,-9999,-9999.0,75.0,53.6,71.5
20240505-0000,Mountain View Moffett Field Naval Air Station,"Mountain View, California, US",13.0,6.0,-9999.0,-9999.0,-9999.0,14.76,280,-9999,-9999.0,65.0,55.4,62.5
20240505-0100,Mountain View Moffett Field Naval Air Station,"Mountain View, California, US",12.0,4.0,-9999.0,-9999.0,-9999.0,14.76,290,-9999,-9999.0,60.0,53.6,58.0
20240505-0200,Mountain View Moffett Field Naval Air Station,"Mountain View, California, US",12.0,5.0,-9999.0,-9999.0,-9999.0,18.36,250,50,-9999.0,65.0,53.6,62.2
20240505-0300,Mountain View Moffett Field Naval Air Station,"Mountain View, California, US",11.0,6.0,-9999.0,-9999.0,-9999.0,9.360000000000001,250,0,-9999.0,75.0,51.8,71.3
20240505-0400,Mountain View Moffett Field Naval Air Station,"Mountain View, California, US",10.0,6.0,-9999.0,-9999.0,-9999.0,7.5600000000000005,230,25,-9999.0,80.0,50.0,76.2
20240505-0500,Mountain View Moffett Field Naval Air Station,"Mountain View, California, US",10.0,6.0,-9999.0,-9999.0,-9999.0,0.0,0,-9999,-9999.0,80.0,50.0,76.2
20240505-0600,Mountain View Moffett Field Naval Air Station,"Mountain View, California, US",10.0,6.0,-9999.0,-9999.0,-9999.0,7.5600000000000005,230,-9999,-9999.0,80.0,50.0,76.2
20240505-0700,Mountain View Moffett Field Naval Air Station,"Mountain View, California, US",10.0,6.0,-9999.0,-9999.0,-9999.0,9.360000000000001,230,-9999,-9999.0,80.0,50.0,76.2
20240505-0800,Mountain View Moffett Field Naval Air Station,"Mountain View, California, US",9.0,7.0,-9999.0,0.5,-9999.0,0.0,0,50,-9999.0,90.0,48.2,87.3
20240505-0900,Mountain View Moffett Field Naval Air Station,"Mountain View, California, US",9.0,7.0,-9999.0,0.3,-9999.0,0.0,0,-9999,-9999.0,90.0,48.2,87.3
20240505-1000,Mountain View Moffett Field Naval Air Station,"Mountain View, California, US",8.0,6.0,-9999.0,-9999.0,-9999.0,0.0,0,25,-9999.0,90.0,46.4,87.2
20240505-1100,Mountain View Moffett Field Naval Air Station,"Mountain View, California, US",8.0,6.0,-9999.0,-9999.0,-9999.0,5.4,250,25,-9999.0,90.0,46.4,87.2
20240505-1200,Mountain View Moffett Field Naval Air Station,"Mountain View, California, US",8.0,5.0,-9999.0,-9999.0,-9999.0,0.0,0,0,-9999.0,85.0,46.4,81.3
20240505-1300,Mountain View Moffett Field Naval Air Station,"Mountain View, California, US",8.0,5.0,-9999.0,-9999.0,-9999.0,0.0,0,0,-9999.0,85.0,46.4,81.3
20240505-1400,Mountain View Moffett Field Naval Air Station,"Mountain View, California, US",8.0,6.0,-9999.0,-9999.0,-9999.0,5.4,260,0,-9999.0,90.0,46.4,87.2
20240505-1500,Mountain View Moffett Field Naval Air Station,"Mountain View, California, US",10.0,5.0,-9999.0,-9999.0,-9999.0,12.959999999999999,290,0,-9999.0,75.0,50.0,71.1
20240505-1600,Mountain View Moffett Field Naval Air Station,"Mountain View, California, US",12.0,5.0,-9999.0,-9999.0,-9999.0,18.36,300,0,-9999.0,65.0,53.6,62.2
20240505-1700,Mountain View Moffett Field Naval Air Station,"Mountain View, California, US",13.0,5.0,-9999.0,-9999.0,-9999.0,20.520000000000003,330,25,-9999.0,60.0,55.4,58.3
20240505-1800,Mountain View Moffett Field Naval Air Station,"Mountain View, California, US",14.0,3.0,-9999.0,-9999.0,-9999.0,16.56,340,0,-9999.0,45.0,57.2,47.4
20240505-1900,Mountain View Moffett Field Naval Air Station,"Mountain View, California, US",15.0,4.0,-9999.0,-9999.0,-9999.0,22.32,350,0,-9999.0,45.0,59.0,47.7
20240505-2000,Mountain View Moffett Field Naval Air Station,"Mountain View, California, US",15.0,4.0,-9999.0,-9999.0,-9999.0,33.480000000000004,350,0,-9999.0,45.0,59.0,47.7
20240505-2100,Mountain View Moffett Field Naval Air Station,"Mountain View, California, US",16.0,3.0,-9999.0,-9999.0,-9999.0,25.919999999999998,340,50,-9999.0,35.0,60.8,41.7
20240505-2200,Mountain View Moffett Field Naval Air Station,"Mountain View, California, US",16.0,3.0,-9999.0,-9999.0,-9999.0,11.16,-9999,0,-9999.0,35.0,60.8,41.7
20240505-2300,Mountain View Moffett Field Naval Air Station,"Mountain View, California, US",16.0,2.0,-9999.0,-9999.0,-9999.0,18.36,280,0,-9999.0,30.0,60.8,38.8
20240506-0000,Mountain View Moffett Field Naval Air Station,"Mountain View, California, US",16.0,3.0,-9999.0,-9999.0,-9999.0,12.959999999999999,270,0,-9999.0,35.0,60.8,41.7
20240506-0100,Mountain View Moffett Field Naval Air Station,"Mountain View, California, US",15.0,3.0,-9999.0,-9999.0,-9999.0,14.76,260,0,-9999.0,40.0,59.0,44.5
20240506-0200,Mountain View Moffett Field Naval Air Station,"Mountain View, California, US",14.0,3.0,-9999.0,-9999.0,-9999.0,11.16,-9999,0,-9999.0,45.0,57.2,47.4
20240506-0300,Mountain View Moffett Field Naval Air Station,"Mountain View, California, US",12.0,3.0,-9999.0,-9999.0,-9999.0,14.76,290,0,-9999.0,55.0,53.6,54.1
20240506-0400,Mountain View Moffett Field Naval Air Station,"Mountain View, California, US",11.0,3.0,-9999.0,-9999.0,-9999.0,14.76,300,0,-9999.0,60.0,51.8,57.8
20240506-0500,Mountain View Moffett Field Naval Air Station,"Mountain View, California, US",11.0,4.0,-9999.0,-9999.0,-9999.0,7.5600000000000005,280,0,-9999.0,65.0,51.8,62.0
20240506-0600,Mountain View Moffett Field Naval Air Station,"Mountain View, California, US",10.0,5.0,-9999.0,-9999.0,-9999.0,7.5600000000000005,280,0,-9999.0,75.0,50.0,71.1
20240506-0700,Mountain View Moffett Field Naval Air Station,"Mountain View, California, US",10.0,5.0,-9999.0,-9999.0,-9999.0,0.0,0,0,-9999.0,75.0,50.0,71.1
20240506-0800,Mountain View Moffett Field Naval Air Station,"Mountain View, California, US",9.0,5.0,-9999.0,-9999.0,-9999.0,0.0,0,0,-9999.0,80.0,48.2,76.0
20240506-0900,Mountain View Moffett Field Naval Air Station,"Mountain View, California, US",9.0,5.0,-9999.0,-9999.0,-9999.0,0.0,0,0,-9999.0,80.0,48.2,76.0
20240506-1000,Mountain View Moffett Field Naval Air Station,"Mountain View, California, US",8.0,5.0,-9999.0,-9999.0,-9999.0,0.0,0,0,-9999.0,85.0,46.4,81.3
20240506-1100,Mountain View Moffett Field Naval Air Station,"Mountain View, California, US",8.0,5.0,-9999.0,-9999.0,-9999.0,7.5600000000000005,210,0,-9999.0,85.0,46.4,81.3
20240506-1200,Mountain View Moffett Field Naval Air Station,"Mountain View, California, US",7.0,4.0,-9999.0,-9999.0,-9999.0,0.0,0,50,-9999.0,85.0,44.6,81.2
20240506-1300,Mountain View Moffett Field Naval Air Station,"Mountain View, California, US",7.0,4.0,-9999.0,-9999.0,-9999.0,0.0,0,0,-9999.0,85.0,44.6,81.2
20240506-1400,Mountain View Moffett Field Naval Air Station,"Mountain View, California, US",8.0,5.0,-9999.0,-9999.0,-9999.0,0.0,0,0,-9999.0,85.0,46.4,81.3
20240506-1500,Mountain View Moffett Field Naval Air Station,"Mountain View, California, US",11.0,6.0,-9999.0,-9999.0,-9999.0,0.0,0,0,-9999.0,75.0,51.8,71.3
20240506-1600,Mountain View Moffett Field Naval Air Station,"Mountain View, California, US",12.0,7.0,-9999.0,-9999.0,-9999.0,11.16,350,25,-9999.0,75.0,53.6,71.5
20240506-1700,Mountain View Moffett Field Naval Air Station,"Mountain View, California, US",13.0,8.0,-9999.0,-9999.0,-9999.0,9.360000000000001,320,0,-9999.0,75.0,55.4,71.6
20240506-1800,Mountain View Moffett Field Naval Air Station,"Mountain View, California, US",14.0,7.0,-9999.0,-9999.0,-9999.0,14.76,350,0,-9999.0,65.0,57.2,62.7
20240506-1900,Mountain View Moffett Field Naval Air Station,"Mountain View, California, US",15.0,7.0,-9999.0,-9999.0,-9999.0,12.959999999999999,340,0,-9999.0,60.0,59.0,58.8
20240506-2000,Mountain View Moffett Field Naval Air Station,"Mountain View, California, US",16.0,7.0,-9999.0,-9999.0,-9999.0,12.959999999999999,350,0,-9999.0,55.0,60.8,55.1
20240506-2100,Mountain View Moffett Field Naval Air Station,"Mountain View, California, US",17.0,6.0,-9999.0,-9999.0,-9999.0,22.32,350,0,-9999.0,45.0,62.6,48.3
20240506-2200,Mountain View Moffett Field Naval Air Station,"Mountain View, California, US",18.0,8.0,-9999.0,-9999.0,-9999.0,25.919999999999998,350,0,-9999.0,50.0,64.4,52.0
20240506-2300,Mountain View Moffett Field Naval Air Station,"Mountain View, California, US",18.0,8.0,-9999.0,-9999.0,-9999.0,27.72,350,0,-9999.0,50.0,64.4,52.0
20240507-0000,Mountain View Moffett Field Naval Air Station,"Mountain View, California, US",18.0,9.0,-9999.0,-9999.0,-9999.0,35.28,350,0,-9999.0,55.0,64.4,55.6
20240507-0100,Mountain View Moffett Field Naval Air Station,"Mountain View, California, US",17.0,9.0,-9999.0,-9999.0,-9999.0,33.480000000000004,350,0,-9999.0,60.0,62.6,59.3
20240507-0200,Mountain View Moffett Field Naval Air Station,"Mountain View, California, US",15.0,8.0,-9999.0,-9999.0,-9999.0,18.36,310,0,-9999.0,65.0,59.0,62.9
20240507-0300,Mountain View Moffett Field Naval Air Station,"Mountain View, California, US",14.0,9.0,-9999.0,-9999.0,-9999.0,16.56,310,0,-9999.0,75.0,57.2,71.8
20240507-0400,Mountain View Moffett Field Naval Air Station,"Mountain View, California, US",13.0,9.0,-9999.0,-9999.0,-9999.0,9.360000000000001,320,0,-9999.0,80.0,55.4,76.7
20240507-0500,Mountain View Moffett Field Naval Air Station,"Mountain View, California, US",13.0,9.0,-9999.0,-9999.0,-9999.0,9.360000000000001,330,0,-9999.0,80.0,55.4,76.7
20240507-0600,Mountain View Moffett Field Naval Air Station,"Mountain View, California, US",13.0,10.0,-9999.0,-9999.0,-9999.0,5.4,-9999,0,-9999.0,85.0,55.4,82.0
20240507-0700,Mountain View Moffett Field Naval Air Station,"Mountain View, California, US",12.0,9.0,-9999.0,-9999.0,-9999.0,0.0,0,0,-9999.0,85.0,53.6,81.9
20240507-0800,Mountain View Moffett Field Naval Air Station,"Mountain View, California, US",12.0,9.0,-9999.0,-9999.0,-9999.0,0.0,0,0,-9999.0,85.0,53.6,81.9
20240507-0900,Mountain View Moffett Field Naval Air Station,"Mountain View, California, US",12.0,8.0,-9999.0,-9999.0,-9999.0,9.360000000000001,270,0,-9999.0,80.0,53.6,76.5
20240507-1000,Mountain View Moffett Field Naval Air Station,"Mountain View, California, US",12.0,6.0,-9999.0,-9999.0,-9999.0,7.5600000000000005,280,0,-9999.0,70.0,53.6,66.7
20240507-1100,Mountain View Moffett Field Naval Air Station,"Mountain View, California, US",11.0,5.0,-9999.0,-9999.0,-9999.0,0.0,0,25,-9999.0,70.0,51.8,66.5
20240507-1200,Mountain View Moffett Field Naval Air Station,"Mountain View, California, US",10.0,5.0,-9999.0,-9999.0,-9999.0,5.4,290,50,-9999.0,75.0,50.0,71.1
20240507-1300,Mountain View Moffett Field Naval Air Station,"Mountain View, California, US",10.0,6.0,-9999.0,-9999.0,-9999.0,0.0,0,25,-9999.0,80.0,50.0,76.2
20240507-1400,Mountain View Moffett Field Naval Air Station,"Mountain View, California, US",10.0,6.0,-9999.0,-9999.0,-9999.0,0.0,0,25,-9999.0,80.0,50.0,76.2
20240507-1500,Mountain View Moffett Field Naval Air Station,"Mountain View, California, US",12.0,7.0,-9999.0,-9999.0,-9999.0,7.5600000000000005,300,-9999,-9999.0,75.0,53.6,71.5
20240507-1600,Mountain View Moffett Field Naval Air Station,"Mountain View, California, US",13.0,7.0,-9999.0,-9999.0,-9999.0,9.360000000000001,10,-9999,-9999.0,70.0,55.4,66.9
20240507-1700,Mountain View Moffett Field Naval Air Station,"Mountain View, California, US",14.0,7.0,-9999.0,-9999.0,-9999.0,16.56,340,0,-9999.0,65.0,57.2,62.7
20240507-1800,Mountain View Moffett Field Naval Air Station,"Mountain View, California, US",15.0,7.0,-9999.0,-9999.0,-9999.0,9.360000000000001,-9999,-9999,-9999.0,60.0,59.0,58.8
20240507-1900,Mountain View Moffett Field Naval Air Station,"Mountain View, California, US",17.0,8.0,-9999.0,-9999.0,-9999.0,12.959999999999999,330,0,-9999.0,55.0,62.6,55.4
20240507-2000,Mountain View Moffett Field Naval Air Station,"Mountain View, California, US",18.0,8.0,-9999.0,-9999.0,-9999.0,12.959999999999999,350,0,-9999.0,50.0,64.4,52.0
20240507-2100,Mountain View Moffett Field Naval Air Station,"Mountain View, California, US",19.0,8.0,-9999.0,-9999.0,-9999.0,14.76,330,0,-9999.0,45.0,66.2,48.8
20240507-2200,Mountain View Moffett Field Naval Air Station,"Mountain View, California, US",20.0,8.0,-9999.0,-9999.0,-9999.0,20.520000000000003,340,0,-9999.0,40.0,68.0,45.9
20240507-2300,Mountain View Moffett Field Naval Air Station,"Mountain View, California, US",21.0,9.0,-9999.0,-9999.0,-9999.0,22.32,350,0,-9999.0,40.0,69.8,46.2
20240508-0000,Mountain View Moffett Field Naval Air Station,"Mountain View, California, US",20.0,9.0,-9999.0,-9999.0,-9999.0,22.32,340,-9999,-9999.0,45.0,68.0,49.1
20240508-0100,Mountain View Moffett Field Naval Air Station,"Mountain View, California, US",19.0,10.0,-9999.0,-9999.0,-9999.0,22.32,340,0,-9999.0,55.0,66.2,55.9
20240508-0200,Mountain View Moffett Field Naval Air Station,"Mountain View, California, US",19.0,10.0,-9999.0,-9999.0,-9999.0,20.520000000000003,350,0,-9999.0,55.0,66.2,55.9
20240508-0300,Mountain View Moffett Field Naval Air Station,"Mountain View, California, US",17.0,6.0,-9999.0,-9999.0,-9999.0,12.959999999999999,340,0,-9999.0,45.0,62.6,48.3
20240508-0400,Mountain View Moffett Field Naval Air Station,"Mountain View, California, US",16.0,6.0,-9999.0,-9999.0,-9999.0,5.4,320,0,-9999.0,50.0,60.8,51.5
20240508-0500,Mountain View Moffett Field Naval Air Station,"Mountain View, California, US",15.0,6.0,-9999.0,-9999.0,-9999.0,0.0,0,0,-9999.0,55.0,59.0,54.9
20240508-0600,Mountain View Moffett Field Naval Air Station,"Mountain View, California, US",14.0,7.0,-9999.0,-9999.0,-9999.0,0.0,0,0,-9999.0,65.0,57.2,62.7
20240508-0700,Mountain View Moffett Field Naval Air Station,"Mountain View, California, US",14.0,6.0,-9999.0,-9999.0,-9999.0,0.0,0,0,-9999.0,60.0,57.2,58.5
20240508-0800,Mountain View Moffett Field Naval Air Station,"Mountain View, California, US",14.0,5.0,-9999.0,-9999.0,-9999.0,0.0,0,0,-9999.0,55.0,57.2,54.6
20240508-0900,Mountain View Moffett Field Naval Air Station,"Mountain View, California, US",13.0,7.0,-9999.0,-9999.0,-9999.0,0.0,0,-9999,-9999.0,70.0,55.4,66.9
20240508-1000,Mountain View Moffett Field Naval Air Station,"Mountain View, California, US",11.0,7.0,-9999.0,-9999.0,-9999.0,0.0,0,0,-9999.0,80.0,51.8,76.3
20240508-1100,Mountain View Moffett Field Naval Air Station,"Mountain View, California, US",11.0,6.0,-9999.0,-9999.0,-9999.0,0.0,0,0,-9999.0,75.0,51.8,71.3
20240508-1200,Mountain View Moffett Field Naval Air Station,"Mountain View, California, US",11.0,7.0,-9999.0,-9999.0,-9999.0,0.0,0,0,-9999.0,80.0,51.8,76.3
20240508-1300,Mountain View Moffett Field Naval Air Station,"Mountain View, California, US",12.0,6.0,-9999.0,-9999.0,-9999.0,0.0,0,0,-9999.0,70.0,53.6,66.7
20240508-1400,Mountain View Moffett Field Naval Air Station,"Mountain View, California, US",14.0,5.0,-9999.0,-9999.0,-9999.0,9.360000000000001,290,-9999,-9999.0,55.0,57.2,54.6
20240508-1500,Mountain View Moffett Field Naval Air Station,"Mountain View, California, US",17.0,5.0,-9999.0,-9999.0,-9999.0,11.16,300,-9999,-9999.0,40.0,62.6,45.0
20240508-1600,Mountain View Moffett Field Naval Air Station,"Mountain View, California, US",18.0,3.0,-9999.0,-9999.0,-9999.0,16.56,320,0,-9999.0,25.0,64.4,36.7
20240508-1700,Mountain View Moffett Field Naval Air Station,"Mountain View, California, US",19.0,2.0,-9999.0,-9999.0,-9999.0,12.959999999999999,320,-9999,-9999.0,15.0,66.2,32.1
20240508-1800,Mountain View Moffett Field Naval Air Station,"Mountain View, California, US",21.0,2.0,-9999.0,-9999.0,-9999.0,22.32,310,-9999,-9999.0,5.0,69.8,28.4
20240508-1900,Mountain View Moffett Field Naval Air Station,"Mountain View, California, US",22.0,3.0,-9999.0,-9999.0,-9999.0,14.76,310,0,-9999.0,5.0,71.6,28.7
20240508-2000,Mountain View Moffett Field Naval Air Station,"Mountain View, California, US",23.0,3.0,-9999.0,-9999.0,-9999.0,20.520000000000003,340,0,-9999.0,0.0,73.4,27.0
20240508-2100,Mountain View Moffett Field Naval Air Station,"Mountain View, California, US",24.0,1.0,-9999.0,-9999.0,-9999.0,20.520000000000003,340,0,-9999.0,-15.0,75.2,22.0
20240508-2200,Mountain View Moffett Field Naval Air Station,"Mountain View, California, US",24.0,1.0,-9999.0,-9999.0,-9999.0,22.32,340,0,-9999.0,-15.0,75.2,22.0
20240508-2300,Mountain View Moffett Field Naval Air Station,"Mountain View, California, US",25.0,0.0,-9999.0,-9999.0,-9999.0,20.520000000000003,330,0,-9999.0,-25.0,77.0,19.3
20240509-0000,Mountain View Moffett Field Naval Air Station,"Mountain View, California, US",24.0,2.0,-9999.0,-9999.0,-9999.0,20.520000000000003,330,0,-9999.0,-10.0,75.2,23.7
20240509-0100,Mountain View Moffett Field Naval Air Station,"Mountain View, California, US",24.0,2.0,-9999.0,-9999.0,-9999.0,14.76,320,0,-9999.0,-10.0,75.2,23.7
20240509-0200,Mountain View Moffett Field Naval Air Station,"Mountain View, California, US",23.0,2.0,-9999.0,-9999.0,-9999.0,12.959999999999999,320,0,-9999.0,-5.0,73.4,25.1
20240509-0300,Mountain View Moffett Field Naval Air Station,"Mountain View, California, US",23.0,2.0,-9999.0,-9999.0,-9999.0,9.360000000000001,320,0,-9999.0,-5.0,73.4,25.1
20240509-0400,Mountain View Moffett Field Naval Air Station,"Mountain View, California, US",22.0,3.0,-9999.0,-9999.0,-9999.0,7.5600000000000005,310,0,-9999.0,5.0,71.6,28.7
20240509-0500,Mountain View Moffett Field Naval Air Station,"Mountain View, California, US",21.0,2.0,-9999.0,-9999.0,-9999.0,7.5600000000000005,250,0,-9999.0,5.0,69.8,28.4
20240509-0600,Mountain View Moffett Field Naval Air Station,"Mountain View, California, US",19.0,2.0,-9999.0,-9999.0,-9999.0,7.5600000000000005,280,0,-9999.0,15.0,66.2,32.1
20240509-0700,Mountain View Moffett Field Naval Air Station,"Mountain View, California, US",20.0,1.0,-9999.0,-9999.0,-9999.0,11.16,310,0,-9999.0,5.0,68.0,28.1
20240509-0800,Mountain View Moffett Field Naval Air Station,"Mountain View, California, US",18.0,2.0,-9999.0,-9999.0,-9999.0,5.4,270,0,-9999.0,20.0,64.4,34.2
20240509-0900,Mountain View Moffett Field Naval Air Station,"Mountain View, California, US",18.0,4.0,-9999.0,-9999.0,-9999.0,9.360000000000001,240,0,-9999.0,30.0,64.4,39.4
20240509-1000,Mountain View Moffett Field Naval Air Station,"Mountain View, California, US",16.0,3.0,-9999.0,-9999.0,-9999.0,0.0,0,0,-9999.0,35.0,60.8,41.7
20240509-1100,Mountain View Moffett Field Naval Air Station,"Mountain View, California, US",16.0,4.0,-9999.0,-9999.0,-9999.0,7.5600000000000005,260,0,-9999.0,40.0,60.8,44.8
20240509-1200,Mountain View Moffett Field Naval Air Station,"Mountain View, California, US",16.0,3.0,-9999.0,-9999.0,-9999.0,9.360000000000001,280,0,-9999.0,35.0,60.8,41.7
20240509-1300,Mountain View Moffett Field Naval Air Station,"Mountain View, California, US",15.0,3.0,-9999.0,-9999.0,-9999.0,9.360000000000001,300,0,-9999.0,40.0,59.0,44.5
20240509-1400,Mountain View Moffett Field Naval Air Station,"Mountain View, California, US",15.0,7.0,-9999.0,-9999.0,-9999.0,0.0,0,0,-9999.0,60.0,59.0,58.8
20240509-1500,Mountain View Moffett Field Naval Air Station,"Mountain View, California, US",18.0,4.0,-9999.0,-9999.0,-9999.0,7.5600000000000005,-9999,0,-9999.0,30.0,64.4,39.4
20240509-1600,Mountain View Moffett Field Naval Air Station,"Mountain View, California, US",20.0,3.0,-9999.0,-9999.0,-9999.0,14.76,10,0,-9999.0,15.0,68.0,32.4
20240509-1700,Mountain View Moffett Field Naval Air Station,"Mountain View, California, US",21.0,4.0,-9999.0,-9999.0,-9999.0,22.32,360,0,-9999.0,15.0,69.8,32.7
20240509-1800,Mountain View Moffett Field Naval Air Station,"Mountain View, California, US",22.0,4.0,-9999.0,-9999.0,-9999.0,11.16,-9999,0,-9999.0,10.0,71.6,30.8
20240509-1900,Mountain View Moffett Field Naval Air Station,"Mountain View, California, US",23.0,5.0,-9999.0,-9999.0,-9999.0,11.16,-9999,0,-9999.0,10.0,73.4,31.1
20240509-2000,Mountain View Moffett Field Naval Air Station,"Mountain View, California, US",24.0,6.0,-9999.0,-9999.0,-9999.0,7.5600000000000005,-9999,0,-9999.0,10.0,75.2,31.3
20240509-2100,Mountain View Moffett Field Naval Air Station,"Mountain View, California, US",26.0,6.0,-9999.0,-9999.0,-9999.0,12.959999999999999,10,0,-9999.0,0.0,78.8,27.8
20240509-2200,Mountain View Moffett Field Naval Air Station,"Mountain View, California, US",27.0,6.0,-9999.0,-9999.0,-9999.0,11.16,360,0,-9999.0,-5.0,80.6,26.2
20240509-2300,Mountain View Moffett Field Naval Air Station,"Mountain View, California, US",28.0,6.0,-9999.0,-9999.0,-9999.0,9.360000000000001,-9999,0,-9999.0,-10.0,82.4,24.7
20240510-0000,Mountain View Moffett Field Naval Air Station,"Mountain View, California, US",28.0,5.0,-9999.0,-9999.0,-9999.0,5.4,290,0,-9999.0,-15.0,82.4,23.1
20240510-0100,Mountain View Moffett Field Naval Air Station,"Mountain View, California, US",25.0,11.0,-9999.0,-9999.0,-9999.0,20.520000000000003,340,0,-9999.0,30.0,77.0,41.4
20240510-0200,Mountain View Moffett Field Naval Air Station,"Mountain View, California, US",23.0,13.0,-9999.0,-9999.0,-9999.0,20.520000000000003,340,0,-9999.0,50.0,73.4,53.3
20240510-0300,Mountain View Moffett Field Naval Air Station,"Mountain View, California, US",19.0,12.0,-9999.0,-9999.0,-9999.0,20.520000000000003,340,0,-9999.0,65.0,66.2,63.8
20240510-0400,Mountain View Moffett Field Naval Air Station,"Mountain View, California, US",19.0,11.0,-9999.0,-9999.0,-9999.0,12.959999999999999,330,0,-9999.0,60.0,66.2,59.7
20240510-0500,Mountain View Moffett Field Naval Air Station,"Mountain View, California, US",18.0,10.0,-9999.0,-9999.0,-9999.0,0.0,0,0,-9999.0,60.0,64.4,59.5
20240510-0600,Mountain View Moffett Field Naval Air Station,"Mountain View, California, US",18.0,9.0,-9999.0,-9999.0,-9999.0,0.0,0,0,-9999.0,55.0,64.4,55.6
20240510-0700,Mountain View Moffett Field Naval Air Station,"Mountain View, California, US",18.0,9.0,-9999.0,-9999.0,-9999.0,0.0,0,0,-9999.0,55.0,64.4,55.6
20240510-0800,Mountain View Moffett Field Naval Air Station,"Mountain View, California, US",17.0,10.0,-9999.0,-9999.0,-9999.0,5.4,270,0,-9999.0,65.0,62.6,63.4
20240510-0900,Mountain View Moffett Field Naval Air Station,"Mountain View, California, US",15.0,10.0,-9999.0,-9999.0,-9999.0,0.0,0,0,-9999.0,75.0,59.0,72.0
20240510-1100,Mountain View Moffett Field Naval Air Station,"Mountain View, California, US",15.0,10.0,-9999.0,-9999.0,-9999.0,0.0,0,0,-9999.0,75.0,59.0,72.0
20240510-1200,Mountain View Moffett Field Naval Air Station,"Mountain View, California, US",14.0,9.0,-9999.0,-9999.0,-9999.0,5.4,130,0,-9999.0,75.0,57.2,71.8
20240510-1300,Mountain View Moffett Field Naval Air Station,"Mountain View, California, US",14.0,9.0,-9999.0,-9999.0,-9999.0,0.0,0,0,-9999.0,75.0,57.2,71.8
20240510-1400,Mountain View Moffett Field Naval Air Station,"Mountain View, California, US",14.0,8.0,-9999.0,-9999.0,-9999.0,0.0,0,0,-9999.0,70.0,57.2,67.1
20240510-1500,Mountain View Moffett Field Naval Air Station,"Mountain View, California, US",17.0,11.0,-9999.0,-9999.0,-9999.0,0.0,0,0,-9999.0,70.0,62.6,67.7
20240510-1600,Mountain View Moffett Field Naval Air Station,"Mountain View, California, US",17.0,12.0,-9999.0,-9999.0,-9999.0,5.4,360,0,-9999.0,75.0,62.6,72.4
20240510-1700,Mountain View Moffett Field Naval Air Station,"Mountain View, California, US",20.0,11.0,-9999.0,-9999.0,-9999.0,0.0,0,0,-9999.0,55.0,68.0,56.1
20240510-1800,Mountain View Moffett Field Naval Air Station,"Mountain View, California, US",22.0,10.0,-9999.0,-9999.0,-9999.0,0.0,0,0,-9999.0,40.0,71.6,46.4
20240510-1900,Mountain View Moffett Field Naval Air Station,"Mountain View, California, US",24.0,12.0,-9999.0,-9999.0,-9999.0,11.16,360,0,-9999.0,40.0,75.2,47.0
20240510-2000,Mountain View Moffett Field Naval Air Station,"Mountain View, California, US",25.0,9.0,-9999.0,-9999.0,-9999.0,11.16,340,0,-9999.0,20.0,77.0,36.2
20240510-2100,Mountain View Moffett Field Naval Air Station,"Mountain View, California, US",26.0,10.0,-9999.0,-9999.0,-9999.0,16.56,350,0,-9999.0,20.0,78.8,36.5
20240510-2200,Mountain View Moffett Field Naval Air Station,"Mountain View, California, US",27.0,10.0,-9999.0,-9999.0,-9999.0,18.36,340,0,-9999.0,15.0,80.6,34.4
20240510-2300,Mountain View Moffett Field Naval Air Station,"Mountain View, California, US",26.0,11.0,-9999.0,-9999.0,-9999.0,20.520000000000003,340,0,-9999.0,25.0,78.8,39.0
20240511-0000,Mountain View Moffett Field Naval Air Station,"Mountain View, California, US",25.0,12.0,-9999.0,-9999.0,-9999.0,20.520000000000003,350,0,-9999.0,35.0,77.0,44.2
20240511-0100,Mountain View Moffett Field Naval Air Station,"Mountain View, California, US",23.0,13.0,-9999.0,-9999.0,-9999.0,20.520000000000003,340,0,-9999.0,50.0,73.4,53.3
20240511-0200,Mountain View Moffett Field Naval Air Station,"Mountain View, California, US",22.0,12.0,-9999.0,-9999.0,-9999.0,22.32,330,0,-9999.0,50.0,71.6,53.0
20240511-0300,Mountain View Moffett Field Naval Air Station,"Mountain View, California, US",20.0,12.0,-9999.0,-9999.0,-9999.0,7.5600000000000005,320,0,-9999.0,60.0,68.0,60.0
20240511-0400,Mountain View Moffett Field Naval Air Station,"Mountain View, California, US",20.0,11.0,-9999.0,-9999.0,-9999.0,0.0,0,0,-9999.0,55.0,68.0,56.1
20240511-0500,Mountain View Moffett Field Naval Air Station,"Mountain View, California, US",19.0,10.0,-9999.0,-9999.0,-9999.0,0.0,0,0,-9999.0,55.0,66.2,55.9
20240511-0600,Mountain View Moffett Field Naval Air Station,"Mountain View, California, US",19.0,10.0,-9999.0,-9999.0,-9999.0,0.0,0,0,-9999.0,55.0,66.2,55.9
20240511-0700,Mountain View Moffett Field Naval Air Station,"Mountain View, California, US",19.0,10.0,-9999.0,-9999.0,-9999.0,0.0,0,0,-9999.0,55.0,66.2,55.9
20240511-0800,Mountain View Moffett Field Naval Air Station,"Mountain View, California, US",18.0,11.0,-9999.0,-9999.0,-9999.0,0.0,0,0,-9999.0,65.0,64.4,63.6
20240511-0900,Mountain View Moffett Field Naval Air Station,"Mountain View, California, US",17.0,12.0,-9999.0,-9999.0,-9999.0,0.0,0,0,-9999.0,75.0,62.6,72.4
20240511-1000,Mountain View Moffett Field Naval Air Station,"Mountain View, California, US",16.0,13.0,-9999.0,-9999.0,-9999.0,0.0,0,0,-9999.0,85.0,60.8,82.4
20240511-1100,Mountain View Moffett Field Naval Air Station,"Mountain View, California, US",15.0,12.0,-9999.0,-9999.0,-9999.0,0.0,0,25,-9999.0,85.0,59.0,82.2
20240511-1200,Mountain View Moffett Field Naval Air Station,"Mountain View, California, US",15.0,12.0,-9999.0,-9999.0,-9999.0,0.0,0,0,-9999.0,85.0,59.0,82.2
20240511-1300,Mountain View Moffett Field Naval Air Station,"Mountain View, California, US",14.0,11.0,-9999.0,-9999.0,-9999.0,0.0,0,0,-9999.0,85.0,57.2,82.1
20240511-1400,Mountain View Moffett Field Naval Air Station,"Mountain View, California, US",15.0,12.0,-9999.0,-9999.0,-9999.0,0.0,0,0,-9999.0,85.0,59.0,82.2
20240511-1500,Mountain View Moffett Field Naval Air Station,"Mountain View, California, US",18.0,13.0,-9999.0,-9999.0,-9999.0,0.0,0,0,-9999.0,75.0,64.4,72.6
20240511-1600,Mountain View Moffett Field Naval Air Station,"Mountain View, California, US",19.0,12.0,-9999.0,-9999.0,-9999.0,0.0,0,0,-9999.0,65.0,66.2,63.8
20240511-1700,Mountain View Moffett Field Naval Air Station,"Mountain View, California, US",20.0,12.0,-9999.0,-9999.0,-9999.0,5.4,-9999,0,-9999.0,60.0,68.0,60.0
20240511-1800,Mountain View Moffett Field Naval Air Station,"Mountain View, California, US",22.0,11.0,-9999.0,-9999.0,-9999.0,0.0,0,0,-9999.0,45.0,71.6,49.6
20240511-1900,Mountain View Moffett Field Naval Air Station,"Mountain View, California, US",25.0,10.0,-9999.0,-9999.0,-9999.0,9.360000000000001,350,0,-9999.0,25.0,77.0,38.7
20240511-2000,Mountain View Moffett Field Naval Air Station,"Mountain View, California, US",24.0,15.0,-9999.0,-9999.0,-9999.0,20.520000000000003,350,0,-9999.0,55.0,75.2,57.1
20240511-2100,Mountain View Moffett Field Naval Air Station,"Mountain View, California, US",23.0,13.0,-9999.0,-9999.0,-9999.0,22.32,350,0,-9999.0,50.0,73.4,53.3
20240511-2200,Mountain View Moffett Field Naval Air Station,"Mountain View, California, US",22.0,12.0,-9999.0,-9999.0,-9999.0,24.12,350,0,-9999.0,50.0,71.6,53.0
20240511-2300,Mountain View Moffett Field Naval Air Station,"Mountain View, California, US",22.0,13.0,-9999.0,-9999.0,-9999.0,22.32,340,0,-9999.0,55.0,71.6,56.6
20240512-0000,Mountain View Moffett Field Naval Air Station,"Mountain View, California, US",21.0,13.0,-9999.0,-9999.0,-9999.0,16.56,330,0,-9999.0,60.0,69.8,60.2
20240512-0100,Mountain View Moffett Field Naval Air Station,"Mountain View, California, US",21.0,12.0,-9999.0,-9999.0,-9999.0,18.36,330,0,-9999.0,55.0,69.8,56.4
20240512-0200,Mountain View Moffett Field Naval Air Station,"Mountain View, California, US",19.0,13.0,-9999.0,-9999.0,-9999.0,12.959999999999999,330,0,-9999.0,70.0,66.2,68.2
20240512-0300,Mountain View Moffett Field Naval Air Station,"Mountain View, California, US",17.0,13.0,-9999.0,-9999.0,-9999.0,12.959999999999999,330,0,-9999.0,80.0,62.6,77.3
20240512-0400,Mountain View Moffett Field Naval Air Station,"Mountain View, California, US",17.0,13.0,-9999.0,-9999.0,-9999.0,12.959999999999999,330,0,-9999.0,80.0,62.6,77.3
20240512-0500,Mountain View Moffett Field Naval Air Station,"Mountain View, California, US",16.0,13.0,-9999.0,-9999.0,-9999.0,7.5600000000000005,280,0,-9999.0,85.0,60.8,82.4
20240512-0600,Mountain View Moffett Field Naval Air Station,"Mountain View, California, US",15.0,12.0,-9999.0,-9999.0,-9999.0,5.4,290,0,-9999.0,85.0,59.0,82.2
20240512-0700,Mountain View Moffett Field Naval Air Station,"Mountain View, California, US",15.0,13.0,-9999.0,-9999.0,-9999.0,7.5600000000000005,300,25,-9999.0,90.0,59.0,87.8
20240512-0800,Mountain View Moffett Field Naval Air Station,"Mountain View, California, US",15.0,13.0,-9999.0,-9999.0,-9999.0,9.360000000000001,10,-9999,-9999.0,90.0,59.0,87.8
20240512-0900,Mountain View Moffett Field Naval Air Station,"Mountain View, California, US",15.0,13.0,-9999.0,-9999.0,-9999.0,9.360000000000001,10,-9999,-9999.0,90.0,59.0,87.8
20240512-1000,Mountain View Moffett Field Naval Air Station,"Mountain View, California, US",14.0,13.0,-9999.0,-9999.0,-9999.0,5.4,280,-9999,-9999.0,95.0,57.2,93.7
20240512-1100,Mountain View Moffett Field Naval Air Station,"Mountain View, California, US",15.0,12.0,-9999.0,-9999.0,-9999.0,7.5600000000000005,340,-9999,-9999.0,85.0,59.0,82.2
20240512-1200,Mountain View Moffett Field Naval Air Station,"Mountain View, California, US",14.0,12.0,-9999.0,-9999.0,-9999.0,7.5600000000000005,10,-9999,-9999.0,90.0,57.2,87.7
20240512-1300,Mountain View Moffett Field Naval Air Station,"Mountain View, California, US",14.0,12.0,-9999.0,-9999.0,-9999.0,0.0,0,-9999,-9999.0,90.0,57.2,87.7
20240512-1400,Mountain View Moffett Field Naval Air Station,"Mountain View, California, US",15.0,12.0,-9999.0,-9999.0,-9999.0,0.0,0,-9999,-9999.0,85.0,59.0,82.2
20240512-1500,Mountain View Moffett Field Naval Air Station,"Mountain View, California, US",15.0,12.0,-9999.0,-9999.0,-9999.0,0.0,0,-9999,-9999.0,85.0,59.0,82.2
20240512-1600,Mountain View Moffett Field Naval Air Station,"Mountain View, California, US",15.0,12.0,-9999.0,-9999.0,-9999.0,5.4,-9999,-9999,-9999.0,85.0,59.0,82.2
20240512-1700,Mountain View Moffett Field Naval Air Station,"Mountain View, California, US",17.0,13.0,-9999.0,-9999.0,-9999.0,7.5600000000000005,10,-9999,-9999.0,80.0,62.6,77.3
20240512-1800,Mountain View Moffett Field Naval Air Station,"Mountain View, California, US",17.0,13.0,-9999.0,-9999.0,-9999.0,11.16,350,0,-9999.0,80.0,62.6,77.3
20240512-1900,Mountain View Moffett Field Naval Air Station,"Mountain View, California, US",18.0,14.0,-9999.0,-9999.0,-9999.0,18.36,350,0,-9999.0,80.0,64.4,77.4
20240512-2000,Mountain View Moffett Field Naval Air Station,"Mountain View, California, US",18.0,14.0,-9999.0,-9999.0,-9999.0,18.36,350,0,-9999.0,80.0,64.4,77.4
20240512-2100,Mountain View Moffett Field Naval Air Station,"Mountain View, California, US",18.0,14.0,-9999.0,-9999.0,-9999.0,20.520000000000003,360,0,-9999.0,80.0,64.4,77.4
20240512-2200,Mountain View Moffett Field Naval Air Station,"Mountain View, California, US",18.0,13.0,-9999.0,-9999.0,-9999.0,20.520000000000003,350,0,-9999.0,75.0,64.4,72.6
20240512-2300,Mountain View Moffett Field Naval Air Station,"Mountain View, California, US",18.0,13.0,-9999.0,-9999.0,-9999.0,22.32,340,0,-9999.0,75.0,64.4,72.6
20240513-0000,Mountain View Moffett Field Naval Air Station,"Mountain View, California, US",18.0,12.0,-9999.0,-9999.0,-9999.0,22.32,350,0,-9999.0,70.0,64.4,68.0
20240513-0100,Mountain View Moffett Field Naval Air Station,"Mountain View, California, US",18.0,12.0,-9999.0,-9999.0,-9999.0,22.32,340,0,-9999.0,70.0,64.4,68.0
20240513-0200,Mountain View Moffett Field Naval Air Station,"Mountain View, California, US",17.0,12.0,-9999.0,-9999.0,-9999.0,20.520000000000003,340,0,-9999.0,75.0,62.6,72.4
20240513-0300,Mountain View Moffett Field Naval Air Station,"Mountain View, California, US",15.0,12.0,-9999.0,-9999.0,-9999.0,18.36,340,0,-9999.0,85.0,59.0,82.2
20240513-0400,Mountain View Moffett Field Naval Air Station,"Mountain View, California, US",14.0,11.0,-9999.0,-9999.0,-9999.0,12.959999999999999,340,0,-9999.0,85.0,57.2,82.1
20240513-0500,Mountain View Moffett Field Naval Air Station,"Mountain View, California, US",14.0,12.0,-9999.0,-9999.0,-9999.0,11.16,330,0,-9999.0,90.0,57.2,87.7
20240513-0600,Mountain View Moffett Field Naval Air Station,"Mountain View, California, US",14.0,11.0,-9999.0,-9999.0,-9999.0,9.360000000000001,330,0,-9999.0,85.0,57.2,82.1
20240513-0700,Mountain View Moffett Field Naval Air Station,"Mountain View, California, US",13.0,11.0,-9999.0,-9999.0,-9999.0,12.959999999999999,360,0,-9999.0,90.0,55.4,87.6
20240513-0800,Mountain View Moffett Field Naval Air Station,"Mountain View, California, US",13.0,11.0,-9999.0,-9999.0,-9999.0,12.959999999999999,350,25,-9999.0,90.0,55.4,87.6
20240513-0900,Mountain View Moffett Field Naval Air Station,"Mountain View, California, US",13.0,11.0,-9999.0,-9999.0,-9999.0,12.959999999999999,10,-9999,-9999.0,90.0,55.4,87.6
20240513-1000,Mountain View Moffett Field Naval Air Station,"Mountain View, California, US",13.0,11.0,-9999.0,-9999.0,-9999.0,11.16,30,-9999,-9999.0,90.0,55.4,87.6
20240513-1100,Mountain View Moffett Field Naval Air Station,"Mountain View, California, US",12.0,11.0,-9999.0,-9999.0,-9999.0,7.5600000000000005,50,-9999,-9999.0,95.0,53.6,93.6
20240513-1200,Mountain View Moffett Field Naval Air Station,"Mountain View, California, US",12.0,10.0,-9999.0,-9999.0,-9999.0,7.5600000000000005,30,-9999,-9999.0,90.0,53.6,87.6
20240513-1300,Mountain View Moffett Field Naval Air Station,"Mountain View, California, US",12.0,10.0,-9999.0,-9999.0,-9999.0,0.0,0,-9999,-9999.0,90.0,53.6,87.6
20240513-1400,Mountain View Moffett Field Naval Air Station,"Mountain View, California, US",12.0,10.0,-9999.0,-9999.0,-9999.0,7.5600000000000005,30,-9999,-9999.0,90.0,53.6,87.6
20240513-1500,Mountain View Moffett Field Naval Air Station,"Mountain View, California, US",13.0,10.0,-9999.0,-9999.0,-9999.0,9.360000000000001,360,-9999,-9999.0,85.0,55.4,82.0
20240513-1600,Mountain View Moffett Field Naval Air Station,"Mountain View, California, US",13.0,10.0,-9999.0,-9999.0,-9999.0,11.16,30,-9999,-9999.0,85.0,55.4,82.0
20240513-1700,Mountain View Moffett Field Naval Air Station,"Mountain View, California, US",14.0,10.0,-9999.0,-9999.0,-9999.0,0.0,0,-9999,-9999.0,80.0,57.2,76.8
20240513-1800,Mountain View Moffett Field Naval Air Station,"Mountain View, California, US",16.0,10.0,-9999.0,-9999.0,-9999.0,12.959999999999999,10,0,-9999.0,70.0,60.8,67.5
20240513-1900,Mountain View Moffett Field Naval Air Station,"Mountain View, California, US",16.0,11.0,-9999.0,-9999.0,-9999.0,9.360000000000001,-9999,0,-9999.0,75.0,60.8,72.2
20240513-2000,Mountain View Moffett Field Naval Air Station,"Mountain View, California, US",17.0,12.0,-9999.0,-9999.0,-9999.0,20.520000000000003,350,0,-9999.0,75.0,62.6,72.4
20240513-2100,Mountain View Moffett Field Naval Air Station,"Mountain View, California, US",17.0,12.0,-9999.0,-9999.0,-9999.0,20.520000000000003,340,0,-9999.0,75.0,62.6,72.4
20240513-2200,Mountain View Moffett Field Naval Air Station,"Mountain View, California, US",17.0,12.0,-9999.0,-9999.0,-9999.0,14.76,340,0,-9999.0,75.0,62.6,72.4
20240513-2300,Mountain View Moffett Field Naval Air Station,"Mountain View, California, US",17.0,12.0,-9999.0,-9999.0,-9999.0,20.520000000000003,330,0,-9999.0,75.0,62.6,72.4
20240514-0000,Mountain View Moffett Field Naval Air Station,"Mountain View, California, US",17.0,11.0,-9999.0,-9999.0,-9999.0,24.12,350,0,-9999.0,70.0,62.6,67.7
20240514-0100,Mountain View Moffett Field Naval Air Station,"Mountain View, California, US",17.0,12.0,-9999.0,-9999.0,-9999.0,25.919999999999998,350,0,-9999.0,75.0,62.6,72.4
20240514-0200,Mountain View Moffett Field Naval Air Station,"Mountain View, California, US",16.0,12.0,-9999.0,-9999.0,-9999.0,20.520000000000003,340,0,-9999.0,80.0,60.8,77.1
20240514-0300,Mountain View Moffett Field Naval Air Station,"Mountain View, California, US",15.0,11.0,-9999.0,-9999.0,-9999.0,16.56,330,0,-9999.0,80.0,59.0,77.0
20240514-0400,Mountain View Moffett Field Naval Air Station,"Mountain View, California, US",14.0,11.0,-9999.0,-9999.0,-9999.0,11.16,320,0,-9999.0,85.0,57.2,82.1
20240514-0500,Mountain View Moffett Field Naval Air Station,"Mountain View, California, US",14.0,11.0,-9999.0,-9999.0,-9999.0,11.16,330,-9999,-9999.0,85.0,57.2,82.1
20240514-0600,Mountain View Moffett Field Naval Air Station,"Mountain View, California, US",14.0,11.0,-9999.0,-9999.0,-9999.0,7.5600000000000005,350,-9999,-9999.0,85.0,57.2,82.1
20240514-0700,Mountain View Moffett Field Naval Air Station,"Mountain View, California, US",13.0,11.0,-9999.0,-9999.0,-9999.0,12.959999999999999,30,-9999,-9999.0,90.0,55.4,87.6
20240514-0800,Mountain View Moffett Field Naval Air Station,"Mountain View, California, US",13.0,11.0,-9999.0,-9999.0,-9999.0,18.36,10,-9999,-9999.0,90.0,55.4,87.6
20240514-0900,Mountain View Moffett Field Naval Air Station,"Mountain View, California, US",13.0,11.0,-9999.0,-9999.0,-9999.0,0.0,0,-9999,-9999.0,90.0,55.4,87.6
20240514-1000,Mountain View Moffett Field Naval Air Station,"Mountain View, California, US",13.0,11.0,-9999.0,-9999.0,-9999.0,0.0,0,-9999,-9999.0,90.0,55.4,87.6
20240514-1100,Mountain View Moffett Field Naval Air Station,"Mountain View, California, US",13.0,11.0,-9999.0,-9999.0,-9999.0,7.5600000000000005,140,-9999,-9999.0,90.0,55.4,87.6
20240514-1200,Mountain View Moffett Field Naval Air Station,"Mountain View, California, US",14.0,11.0,-9999.0,-9999.0,-9999.0,9.360000000000001,130,-9999,-9999.0,85.0,57.2,82.1
20240514-1300,Mountain View Moffett Field Naval Air Station,"Mountain View, California, US",14.0,11.0,-9999.0,-9999.0,-9999.0,7.5600000000000005,130,-9999,-9999.0,85.0,57.2,82.1
20240514-1400,Mountain View Moffett Field Naval Air Station,"Mountain View, California, US",14.0,11.0,-9999.0,-9999.0,-9999.0,0.0,0,-9999,-9999.0,85.0,57.2,82.1
20240514-1500,Mountain View Moffett Field Naval Air Station,"Mountain View, California, US",14.0,11.0,-9999.0,-9999.0,-9999.0,11.16,110,-9999,-9999.0,85.0,57.2,82.1
20240514-1600,Mountain View Moffett Field Naval Air Station,"Mountain View, California, US",15.0,11.0,-9999.0,-9999.0,-9999.0,9.360000000000001,50,-9999,-9999.0,80.0,59.0,77.0
20240514-1700,Mountain View Moffett Field Naval Air Station,"Mountain View, California, US",17.0,11.0,-9999.0,-9999.0,-9999.0,9.360000000000001,50,0,-9999.0,70.0,62.6,67.7
20240514-1800,Mountain View Moffett Field Naval Air Station,"Mountain View, California, US",18.0,12.0,-9999.0,-9999.0,-9999.0,5.4,-9999,0,-9999.0,70.0,64.4,68.0
20240514-1900,Mountain View Moffett Field Naval Air Station,"Mountain View, California, US",19.0,12.0,-9999.0,-9999.0,-9999.0,9.360000000000001,-9999,0,-9999.0,65.0,66.2,63.8
20240514-2000,Mountain View Moffett Field Naval Air Station,"Mountain View, California, US",20.0,13.0,-9999.0,-9999.0,-9999.0,11.16,340,0,-9999.0,65.0,68.0,64.0
20240514-2100,Mountain View Moffett Field Naval Air Station,"Mountain View, California, US",21.0,14.0,-9999.0,-9999.0,-9999.0,16.56,340,0,-9999.0,65.0,69.8,64.3
20240514-2200,Mountain View Moffett Field Naval Air Station,"Mountain View, California, US",21.0,14.0,-9999.0,-9999.0,-9999.0,18.36,340,0,-9999.0,65.0,69.8,64.3
20240514-2300,Mountain View Moffett Field Naval Air Station,"Mountain View, California, US",19.0,13.0,-9999.0,-9999.0,-9999.0,22.32,340,0,-9999.0,70.0,66.2,68.2
20240515-0000,Mountain View Moffett Field Naval Air Station,"Mountain View, California, US",19.0,13.0,-9999.0,-9999.0,-9999.0,22.32,330,0,-9999.0,70.0,66.2,68.2
20240515-0100,Mountain View Moffett Field Naval Air Station,"Mountain View, California, US",18.0,13.0,-9999.0,-9999.0,-9999.0,18.36,340,0,-9999.0,75.0,64.4,72.6
20240515-0200,Mountain View Moffett Field Naval Air Station,"Mountain View, California, US",17.0,13.0,-9999.0,-9999.0,-9999.0,14.76,330,0,-9999.0,80.0,62.6,77.3
20240515-0300,Mountain View Moffett Field Naval Air Station,"Mountain View, California, US",16.0,13.0,-9999.0,-9999.0,-9999.0,11.16,300,0,-9999.0,85.0,60.8,82.4
20240515-0400,Mountain View Moffett Field Naval Air Station,"Mountain View, California, US",15.0,12.0,-9999.0,-9999.0,-9999.0,7.5600000000000005,340,0,-9999.0,85.0,59.0,82.2
20240515-0500,Mountain View Moffett Field Naval Air Station,"Mountain View, California, US",14.0,12.0,-9999.0,-9999.0,-9999.0,7.5600000000000005,330,50,-9999.0,90.0,57.2,87.7
20240515-0600,Mountain View Moffett Field Naval Air Station,"Mountain View, California, US",14.0,12.0,-9999.0,-9999.0,-9999.0,14.76,360,-9999,-9999.0,90.0,57.2,87.7
20240515-0700,Mountain View Moffett Field Naval Air Station,"Mountain View, California, US",14.0,12.0,-9999.0,-9999.0,-9999.0,11.16,10,-9999,-9999.0,90.0,57.2,87.7
20240515-0800,Mountain View Moffett Field Naval Air Station,"Mountain View, California, US",13.0,12.0,-9999.0,-9999.0,-9999.0,9.360000000000001,360,-9999,-9999.0,95.0,55.4,93.6
20240515-0900,Mountain View Moffett Field Naval Air Station,"Mountain View, California, US",14.0,12.0,-9999.0,-9999.0,-9999.0,5.4,20,-9999,-9999.0,90.0,57.2,87.7
20240515-1000,Mountain View Moffett Field Naval Air Station,"Mountain View, California, US",14.0,12.0,-9999.0,-9999.0,-9999.0,7.5600000000000005,20,-9999,-9999.0,90.0,57.2,87.7
20240515-1100,Mountain View Moffett Field Naval Air Station,"Mountain View, California, US",14.0,12.0,-9999.0,-9999.0,-9999.0,0.0,0,-9999,-9999.0,90.0,57.2,87.7
20240515-1200,Mountain View Moffett Field Naval Air Station,"Mountain View, California, US",14.0,11.0,-9999.0,-9999.0,-9999.0,11.16,130,-9999,-9999.0,85.0,57.2,82.1
20240515-1300,Mountain View Moffett Field Naval Air Station,"Mountain View, California, US",14.0,11.0,-9999.0,-9999.0,-9999.0,0.0,0,-9999,-9999.0,85.0,57.2,82.1
20240515-1400,Mountain View Moffett Field Naval Air Station,"Mountain View, California, US",13.0,11.0,-9999.0,-9999.0,-9999.0,11.16,120,-9999,-9999.0,90.0,55.4,87.6
20240515-1500,Mountain View Moffett Field Naval Air Station,"Mountain View, California, US",14.0,11.0,-9999.0,-9999.0,-9999.0,7.5600000000000005,140,-9999,-9999.0,85.0,57.2,82.1
20240515-1600,Mountain View Moffett Field Naval Air Station,"Mountain View, California, US",15.0,11.0,-9999.0,-9999.0,-9999.0,9.360000000000001,130,-9999,-9999.0,80.0,59.0,77.0
20240515-1700,Mountain View Moffett Field Naval Air Station,"Mountain View, California, US",17.0,11.0,-9999.0,-9999.0,-9999.0,5.4,80,-9999,-9999.0,70.0,62.6,67.7
20240515-1800,Mountain View Moffett Field Naval Air Station,"Mountain View, California, US",18.0,12.0,-9999.0,-9999.0,-9999.0,11.16,350,0,-9999.0,70.0,64.4,68.0
20240515-1900,Mountain View Moffett Field Naval Air Station,"Mountain View, California, US",18.0,13.0,-9999.0,-9999.0,-9999.0,9.360000000000001,-9999,0,-9999.0,75.0,64.4,72.6
20240515-2000,Mountain View Moffett Field Naval Air Station,"Mountain View, California, US",20.0,13.0,-9999.0,-9999.0,-9999.0,11.16,350,0,-9999.0,65.0,68.0,64.0
20240515-2100,Mountain View Moffett Field Naval Air Station,"Mountain View, California, US",20.0,14.0,-9999.0,-9999.0,-9999.0,16.56,340,0,-9999.0,70.0,68.0,68.4
20240515-2200,Mountain View Moffett Field Naval Air Station,"Mountain View, California, US",20.0,14.0,-9999.0,-9999.0,-9999.0,18.36,340,0,-9999.0,70.0,68.0,68.4
20240515-2300,Mountain View Moffett Field Naval Air Station,"Mountain View, California, US",19.0,13.0,-9999.0,-9999.0,-9999.0,24.12,340,0,-9999.0,70.0,66.2,68.2
20240516-0000,Mountain View Moffett Field Naval Air Station,"Mountain View, California, US",19.0,14.0,-9999.0,-9999.0,-9999.0,16.56,330,0,-9999.0,75.0,66.2,72.7
20240516-0100,Mountain View Moffett Field Naval Air Station,"Mountain View, California, US",19.0,13.0,-9999.0,-9999.0,-9999.0,14.76,340,0,-9999.0,70.0,66.2,68.2
20240516-0200,Mountain View Moffett Field Naval Air Station,"Mountain View, California, US",18.0,13.0,-9999.0,-9999.0,-9999.0,12.959999999999999,330,0,-9999.0,75.0,64.4,72.6
20240516-0300,Mountain View Moffett Field Naval Air Station,"Mountain View, California, US",16.0,13.0,-9999.0,-9999.0,-9999.0,18.36,350,0,-9999.0,85.0,60.8,82.4
20240516-0400,Mountain View Moffett Field Naval Air Station,"Mountain View, California, US",15.0,13.0,-9999.0,-9999.0,-9999.0,16.56,360,-9999,-9999.0,90.0,59.0,87.8
20240516-0500,Mountain View Moffett Field Naval Air Station,"Mountain View, California, US",15.0,12.0,-9999.0,-9999.0,-9999.0,12.959999999999999,20,0,-9999.0,85.0,59.0,82.2
20240516-0600,Mountain View Moffett Field Naval Air Station,"Mountain View, California, US",14.0,12.0,-9999.0,-9999.0,-9999.0,9.360000000000001,30,-9999,-9999.0,90.0,57.2,87.7
20240516-0700,Mountain View Moffett Field Naval Air Station,"Mountain View, California, US",14.0,12.0,-9999.0,-9999.0,-9999.0,5.4,30,-9999,-9999.0,90.0,57.2,87.7
20240516-0800,Mountain View Moffett Field Naval Air Station,"Mountain View, California, US",15.0,12.0,-9999.0,-9999.0,-9999.0,0.0,0,-9999,-9999.0,85.0,59.0,82.2
20240516-0900,Mountain View Moffett Field Naval Air Station,"Mountain View, California, US",15.0,12.0,-9999.0,-9999.0,-9999.0,0.0,0,-9999,-9999.0,85.0,59.0,82.2
20240516-1000,Mountain View Moffett Field Naval Air Station,"Mountain View, California, US",15.0,12.0,-9999.0,-9999.0,-9999.0,7.5600000000000005,90,-9999,-9999.0,85.0,59.0,82.2
20240516-1100,Mountain View Moffett Field Naval Air Station,"Mountain View, California, US",14.0,12.0,-9999.0,-9999.0,-9999.0,9.360000000000001,120,-9999,-9999.0,90.0,57.2,87.7
20240516-1200,Mountain View Moffett Field Naval Air Station,"Mountain View, California, US",14.0,11.0,-9999.0,-9999.0,-9999.0,0.0,0,-9999,-9999.0,85.0,57.2,82.1
20240516-1300,Mountain View Moffett Field Naval Air Station,"Mountain View, California, US",13.0,11.0,-9999.0,-9999.0,-9999.0,16.56,140,-9999,-9999.0,90.0,55.4,87.6
20240516-1400,Mountain View Moffett Field Naval Air Station,"Mountain View, California, US",13.0,10.0,-9999.0,-9999.0,-9999.0,12.959999999999999,140,-9999,-9999.0,85.0,55.4,82.0
20240516-1500,Mountain View Moffett Field Naval Air Station,"Mountain View, California, US",14.0,10.0,-9999.0,-9999.0,-9999.0,5.4,-9999,-9999,-9999.0,80.0,57.2,76.8
20240516-1600,Mountain View Moffett Field Naval Air Station,"Mountain View, California, US",16.0,10.0,-9999.0,-9999.0,-9999.0,11.16,150,0,-9999.0,70.0,60.8,67.5
20240516-1700,Mountain View Moffett Field Naval Air Station,"Mountain View, California, US",18.0,11.0,-9999.0,-9999.0,-9999.0,0.0,0,0,-9999.0,65.0,64.4,63.6
20240516-1800,Mountain View Moffett Field Naval Air Station,"Mountain View, California, US",20.0,11.0,-9999.0,-9999.0,-9999.0,0.0,0,0,-9999.0,55.0,68.0,56.1
20240516-1900,Mountain View Moffett Field Naval Air Station,"Mountain View, California, US",21.0,12.0,-9999.0,-9999.0,-9999.0,12.959999999999999,360,0,-9999.0,55.0,69.8,56.4
20240516-2000,Mountain View Moffett Field Naval Air Station,"Mountain View, California, US",21.0,13.0,-9999.0,-9999.0,-9999.0,14.76,340,0,-9999.0,60.0,69.8,60.2
20240516-2100,Mountain View Moffett Field Naval Air Station,"Mountain View, California, US",20.0,13.0,-9999.0,-9999.0,-9999.0,22.32,340,0,-9999.0,65.0,68.0,64.0
20240516-2200,Mountain View Moffett Field Naval Air Station,"Mountain View, California, US",21.0,13.0,-9999.0,-9999.0,-9999.0,24.12,330,0,-9999.0,60.0,69.8,60.2
20240516-2300,Mountain View Moffett Field Naval Air Station,"Mountain View, California, US",21.0,14.0,-9999.0,-9999.0,-9999.0,29.52,350,0,-9999.0,65.0,69.8,64.3
20240517-0000,Mountain View Moffett Field Naval Air Station,"Mountain View, California, US",20.0,13.0,-9999.0,-9999.0,-9999.0,27.72,350,0,-9999.0,65.0,68.0,64.0
20240517-0100,Mountain View Moffett Field Naval Air Station,"Mountain View, California, US",19.0,13.0,-9999.0,-9999.0,-9999.0,27.72,340,0,-9999.0,70.0,66.2,68.2
20240517-0200,Mountain View Moffett Field Naval Air Station,"Mountain View, California, US",18.0,13.0,-9999.0,-9999.0,-9999.0,22.32,350,0,-9999.0,75.0,64.4,72.6
20240517-0300,Mountain View Moffett Field Naval Air Station,"Mountain View, California, US",16.0,13.0,-9999.0,-9999.0,-9999.0,24.12,350,0,-9999.0,85.0,60.8,82.4
20240517-0400,Mountain View Moffett Field Naval Air Station,"Mountain View, California, US",15.0,13.0,-9999.0,-9999.0,-9999.0,20.520000000000003,360,-9999,-9999.0,90.0,59.0,87.8
20240517-0500,Mountain View Moffett Field Naval Air Station,"Mountain View, California, US",15.0,13.0,-9999.0,-9999.0,-9999.0,12.959999999999999,20,-9999,-9999.0,90.0,59.0,87.8
20240517-0600,Mountain View Moffett Field Naval Air Station,"Mountain View, California, US",16.0,13.0,-9999.0,-9999.0,-9999.0,0.0,0,-9999,-9999.0,85.0,60.8,82.4
20240517-0700,Mountain View Moffett Field Naval Air Station,"Mountain View, California, US",16.0,13.0,-9999.0,-9999.0,-9999.0,9.360000000000001,50,-9999,-9999.0,85.0,60.8,82.4
20240517-0800,Mountain View Moffett Field Naval Air Station,"Mountain View, California, US",15.0,13.0,-9999.0,-9999.0,-9999.0,9.360000000000001,-9999,-9999,-9999.0,90.0,59.0,87.8
20240517-0900,Mountain View Moffett Field Naval Air Station,"Mountain View, California, US",15.0,11.0,-9999.0,-9999.0,-9999.0,11.16,140,-9999,-9999.0,80.0,59.0,77.0
20240517-1000,Mountain View Moffett Field Naval Air Station,"Mountain View, California, US",15.0,11.0,-9999.0,-9999.0,-9999.0,12.959999999999999,150,-9999,-9999.0,80.0,59.0,77.0
20240517-1200,Mountain View Moffett Field Naval Air Station,"Mountain View, California, US",14.0,10.0,-9999.0,-9999.0,-9999.0,16.56,140,-9999,-9999.0,80.0,57.2,76.8
20240517-1300,Mountain View Moffett Field Naval Air Station,"Mountain View, California, US",14.0,10.0,-9999.0,-9999.0,-9999.0,16.56,140,-9999,-9999.0,80.0,57.2,76.8
20240517-1400,Mountain View Moffett Field Naval Air Station,"Mountain View, California, US",14.0,10.0,-9999.0,-9999.0,-9999.0,12.959999999999999,140,-9999,-9999.0,80.0,57.2,76.8
20240517-1500,Mountain View Moffett Field Naval Air Station,"Mountain View, California, US",14.0,10.0,-9999.0,-9999.0,-9999.0,16.56,140,-9999,-9999.0,80.0,57.2,76.8
20240517-1600,Mountain View Moffett Field Naval Air Station,"Mountain View, California, US",15.0,10.0,-9999.0,-9999.0,-9999.0,7.5600000000000005,110,-9999,-9999.0,75.0,59.0,72.0
20240517-1700,Mountain View Moffett Field Naval Air Station,"Mountain View, California, US",17.0,10.0,-9999.0,-9999.0,-9999.0,9.360000000000001,90,-9999,-9999.0,65.0,62.6,63.4
20240517-1800,Mountain View Moffett Field Naval Air Station,"Mountain View, California, US",18.0,10.0,-9999.0,-9999.0,-9999.0,0.0,0,0,-9999.0,60.0,64.4,59.5
20240517-1900,Mountain View Moffett Field Naval Air Station,"Mountain View, California, US",19.0,11.0,-9999.0,-9999.0,-9999.0,9.360000000000001,-9999,0,-9999.0,60.0,66.2,59.7
20240517-2000,Mountain View Moffett Field Naval Air Station,"Mountain View, California, US",20.0,12.0,-9999.0,-9999.0,-9999.0,16.56,330,0,-9999.0,60.0,68.0,60.0
20240517-2100,Mountain View Moffett Field Naval Air Station,"Mountain View, California, US",20.0,12.0,-9999.0,-9999.0,-9999.0,25.919999999999998,350,0,-9999.0,60.0,68.0,60.0
20240517-2200,Mountain View Moffett Field Naval Air Station,"Mountain View, California, US",20.0,13.0,-9999.0,-9999.0,-9999.0,27.72,350,0,-9999.0,65.0,68.0,64.0
20240517-2300,Mountain View Moffett Field Naval Air Station,"Mountain View, California, US",20.0,13.0,-9999.0,-9999.0,-9999.0,25.919999999999998,350,0,-9999.0,65.0,68.0,64.0
20240518-0000,Mountain View Moffett Field Naval Air Station,"Mountain View, California, US",20.0,12.0,-9999.0,-9999.0,-9999.0,24.12,340,0,-9999.0,60.0,68.0,60.0
20240518-0100,Mountain View Moffett Field Naval Air Station,"Mountain View, California, US",18.0,13.0,-9999.0,-9999.0,-9999.0,24.12,340,0,-9999.0,75.0,64.4,72.6
20240518-0200,Mountain View Moffett Field Naval Air Station,"Mountain View, California, US",17.0,13.0,-9999.0,-9999.0,-9999.0,25.919999999999998,350,0,-9999.0,80.0,62.6,77.3
20240518-0300,Mountain View Moffett Field Naval Air Station,"Mountain View, California, US",16.0,13.0,-9999.0,-9999.0,-9999.0,20.520000000000003,340,0,-9999.0,85.0,60.8,82.4
20240518-0400,Mountain View Moffett Field Naval Air Station,"Mountain View, California, US",15.0,12.0,-9999.0,-9999.0,-9999.0,14.76,350,0,-9999.0,85.0,59.0,82.2
20240518-0500,Mountain View Moffett Field Naval Air Station,"Mountain View, California, US",15.0,12.0,-9999.0,-9999.0,-9999.0,11.16,340,-9999,-9999.0,85.0,59.0,82.2
20240518-0600,Mountain View Moffett Field Naval Air Station,"Mountain View, California, US",15.0,12.0,-9999.0,-9999.0,-9999.0,7.5600000000000005,30,-9999,-9999.0,85.0,59.0,82.2
20240518-0700,Mountain View Moffett Field Naval Air Station,"Mountain View, California, US",15.0,12.0,-9999.0,-9999.0,-9999.0,7.5600000000000005,20,-9999,-9999.0,85.0,59.0,82.2
20240518-0800,Mountain View Moffett Field Naval Air Station,"Mountain View, California, US",15.0,12.0,-9999.0,-9999.0,-9999.0,5.4,120,-9999,-9999.0,85.0,59.0,82.2
20240518-0900,Mountain View Moffett Field Naval Air Station,"Mountain View, California, US",14.0,10.0,-9999.0,-9999.0,-9999.0,5.4,160,-9999,-9999.0,80.0,57.2,76.8
20240518-1000,Mountain View Moffett Field Naval Air Station,"Mountain View, California, US",14.0,10.0,-9999.0,-9999.0,-9999.0,7.5600000000000005,140,-9999,-9999.0,80.0,57.2,76.8
20240518-1100,Mountain View Moffett Field Naval Air Station,"Mountain View, California, US",13.0,10.0,-9999.0,-9999.0,-9999.0,11.16,140,-9999,-9999.0,85.0,55.4,82.0
20240518-1200,Mountain View Moffett Field Naval Air Station,"Mountain View, California, US",13.0,10.0,-9999.0,-9999.0,-9999.0,9.360000000000001,130,-9999,-9999.0,85.0,55.4,82.0
20240518-1300,Mountain View Moffett Field Naval Air Station,"Mountain View, California, US",13.0,10.0,-9999.0,-9999.0,-9999.0,12.959999999999999,140,-9999,-9999.0,85.0,55.4,82.0
20240518-1400,Mountain View Moffett Field Naval Air Station,"Mountain View, California, US",13.0,10.0,-9999.0,-9999.0,-9999.0,9.360000000000001,140,-9999,-9999.0,85.0,55.4,82.0
20240518-1500,Mountain View Moffett Field Naval Air Station,"Mountain View, California, US",15.0,10.0,-9999.0,-9999.0,-9999.0,11.16,-9999,-9999,-9999.0,75.0,59.0,72.0
20240518-1600,Mountain View Moffett Field Naval Air Station,"Mountain View, California, US",16.0,10.0,-9999.0,-9999.0,-9999.0,11.16,-9999,50,-9999.0,70.0,60.8,67.5
20240518-1700,Mountain View Moffett Field Naval Air Station,"Mountain View, California, US",18.0,10.0,-9999.0,-9999.0,-9999.0,0.0,0,0,-9999.0,60.0,64.4,59.5
20240518-1800,Mountain View Moffett Field Naval Air Station,"Mountain View, California, US",19.0,11.0,-9999.0,-9999.0,-9999.0,16.56,350,0,-9999.0,60.0,66.2,59.7
20240518-1900,Mountain View Moffett Field Naval Air Station,"Mountain View, California, US",19.0,12.0,-9999.0,-9999.0,-9999.0,16.56,340,0,-9999.0,65.0,66.2,63.8
20240518-2000,Mountain View Moffett Field Naval Air Station,"Mountain View, California, US",19.0,12.0,-9999.0,-9999.0,-9999.0,14.76,350,0,-9999.0,65.0,66.2,63.8
20240518-2100,Mountain View Moffett Field Naval Air Station,"Mountain View, California, US",20.0,13.0,-9999.0,-9999.0,-9999.0,18.36,340,0,-9999.0,65.0,68.0,64.0
20240518-2200,Mountain View Moffett Field Naval Air Station,"Mountain View, California, US",20.0,13.0,-9999.0,-9999.0,-9999.0,24.12,340,0,-9999.0,65.0,68.0,64.0
20240518-2300,Mountain View Moffett Field Naval Air Station,"Mountain View, California, US",19.0,12.0,-9999.0,-9999.0,-9999.0,22.32,340,0,-9999.0,65.0,66.2,63.8
20240519-0000,Mountain View Moffett Field Naval Air Station,"Mountain View, California, US",19.0,12.0,-9999.0,-9999.0,-9999.0,25.919999999999998,340,0,-9999.0,65.0,66.2,63.8
20240519-0100,Mountain View Moffett Field Naval Air Station,"Mountain View, California, US",18.0,12.0,-9999.0,-9999.0,-9999.0,27.72,350,0,-9999.0,70.0,64.4,68.0
20240519-0200,Mountain View Moffett Field Naval Air Station,"Mountain View, California, US",18.0,13.0,-9999.0,-9999.0,-9999.0,22.32,10,0,-9999.0,75.0,64.4,72.6
20240519-0300,Mountain View Moffett Field Naval Air Station,"Mountain View, California, US",17.0,11.0,-9999.0,-9999.0,-9999.0,9.360000000000001,20,0,-9999.0,70.0,62.6,67.7
20240519-0400,Mountain View Moffett Field Naval Air Station,"Mountain View, California, US",15.0,12.0,-9999.0,-9999.0,-9999.0,12.959999999999999,80,0,-9999.0,85.0,59.0,82.2
20240519-0500,Mountain View Moffett Field Naval Air Station,"Mountain View, California, US",15.0,12.0,-9999.0,-9999.0,-9999.0,14.76,60,50,-9999.0,85.0,59.0,82.2
20240519-0600,Mountain View Moffett Field Naval Air Station,"Mountain View, California, US",14.0,10.0,-9999.0,-9999.0,-9999.0,7.5600000000000005,120,50,-9999.0,80.0,57.2,76.8
20240519-0700,Mountain View Moffett Field Naval Air Station,"Mountain View, California, US",13.0,10.0,-9999.0,-9999.0,-9999.0,0.0,0,25,-9999.0,85.0,55.4,82.0
20240519-0800,Mountain View Moffett Field Naval Air Station,"Mountain View, California, US",13.0,9.0,-9999.0,-9999.0,-9999.0,12.959999999999999,150,25,-9999.0,80.0,55.4,76.7
20240519-0900,Mountain View Moffett Field Naval Air Station,"Mountain View, California, US",12.0,9.0,-9999.0,-9999.0,-9999.0,9.360000000000001,-9999,25,-9999.0,85.0,53.6,81.9
20240519-1000,Mountain View Moffett Field Naval Air Station,"Mountain View, California, US",12.0,9.0,-9999.0,-9999.0,-9999.0,11.16,140,-9999,-9999.0,85.0,53.6,81.9
20240519-1100,Mountain View Moffett Field Naval Air Station,"Mountain View, California, US",12.0,9.0,-9999.0,-9999.0,-9999.0,7.5600000000000005,-9999,-9999,-9999.0,85.0,53.6,81.9
20240519-1200,Mountain View Moffett Field Naval Air Station,"Mountain View, California, US",12.0,9.0,-9999.0,-9999.0,-9999.0,7.5600000000000005,150,50,-9999.0,85.0,53.6,81.9
20240519-1300,Mountain View Moffett Field Naval Air Station,"Mountain View, California, US",11.0,8.0,-9999.0,-9999.0,-9999.0,0.0,0,0,-9999.0,85.0,51.8,81.7
20240519-1400,Mountain View Moffett Field Naval Air Station,"Mountain View, California, US",12.0,9.0,-9999.0,-9999.0,-9999.0,9.360000000000001,140,0,-9999.0,85.0,53.6,81.9
20240519-1500,Mountain View Moffett Field Naval Air Station,"Mountain View, California, US",13.0,9.0,-9999.0,-9999.0,-9999.0,11.16,160,0,-9999.0,80.0,55.4,76.7
20240519-1600,Mountain View Moffett Field Naval Air Station,"Mountain View, California, US",15.0,8.0,-9999.0,-9999.0,-9999.0,14.76,150,0,-9999.0,65.0,59.0,62.9
20240519-1700,Mountain View Moffett Field Naval Air Station,"Mountain View, California, US",17.0,8.0,-9999.0,-9999.0,-9999.0,9.360000000000001,130,0,-9999.0,55.0,62.6,55.4
20240519-1800,Mountain View Moffett Field Naval Air Station,"Mountain View, California, US",19.0,9.0,-9999.0,-9999.0,-9999.0,0.0,0,0,-9999.0,50.0,66.2,52.2
20240519-1900,Mountain View Moffett Field Naval Air Station,"Mountain View, California, US",20.0,8.0,-9999.0,-9999.0,-9999.0,0.0,0,0,-9999.0,40.0,68.0,45.9
20240519-2000,Mountain View Moffett Field Naval Air Station,"Mountain View, California, US",20.0,10.0,-9999.0,-9999.0,-9999.0,14.76,340,0,-9999.0,50.0,68.0,52.5
20240519-2100,Mountain View Moffett Field Naval Air Station,"Mountain View, California, US",20.0,11.0,-9999.0,-9999.0,-9999.0,25.919999999999998,350,0,-9999.0,55.0,68.0,56.1
20240519-2200,Mountain View Moffett Field Naval Air Station,"Mountain View, California, US",19.0,11.0,-9999.0,-9999.0,-9999.0,29.52,340,0,-9999.0,60.0,66.2,59.7
20240519-2300,Mountain View Moffett Field Naval Air Station,"Mountain View, California, US",20.0,11.0,-9999.0,-9999.0,-9999.0,27.72,350,0,-9999.0,55.0,68.0,56.1
20240520-0000,Mountain View Moffett Field Naval Air Station,"Mountain View, California, US",20.0,7.0,-9999.0,-9999.0,-9999.0,29.52,340,0,-9999.0,35.0,68.0,42.9
20240520-0100,Mountain View Moffett Field Naval Air Station,"Mountain View, California, US",20.0,3.0,-9999.0,-9999.0,-9999.0,25.919999999999998,340,0,-9999.0,15.0,68.0,32.4
20240520-0200,Mountain View Moffett Field Naval Air Station,"Mountain View, California, US",19.0,1.0,-9999.0,-9999.0,-9999.0,14.76,340,0,-9999.0,10.0,66.2,29.9
20240520-0300,Mountain View Moffett Field Naval Air Station,"Mountain View, California, US",17.0,5.0,-9999.0,-9999.0,-9999.0,16.56,340,0,-9999.0,40.0,62.6,45.0
20240520-0400,Mountain View Moffett Field Naval Air Station,"Mountain View, California, US",15.0,4.0,-9999.0,-9999.0,-9999.0,9.360000000000001,310,0,-9999.0,45.0,59.0,47.7
20240520-0500,Mountain View Moffett Field Naval Air Station,"Mountain View, California, US",15.0,3.0,-9999.0,-9999.0,-9999.0,9.360000000000001,300,25,-9999.0,40.0,59.0,44.5
20240520-0600,Mountain View Moffett Field Naval Air Station,"Mountain View, California, US",15.0,3.0,-9999.0,-9999.0,-9999.0,0.0,0,0,-9999.0,40.0,59.0,44.5
20240520-0700,Mountain View Moffett Field Naval Air Station,"Mountain View, California, US",14.0,5.0,-9999.0,-9999.0,-9999.0,5.4,200,0,-9999.0,55.0,57.2,54.6
20240520-0800,Mountain View Moffett Field Naval Air Station,"Mountain View, California, US",13.0,7.0,-9999.0,-9999.0,-9999.0,9.360000000000001,150,0,-9999.0,70.0,55.4,66.9
20240520-0900,Mountain View Moffett Field Naval Air Station,"Mountain View, California, US",12.0,8.0,-9999.0,-9999.0,-9999.0,7.5600000000000005,140,25,-9999.0,80.0,53.6,76.5
20240520-1000,Mountain View Moffett Field Naval Air Station,"Mountain View, California, US",11.0,8.0,-9999.0,-9999.0,-9999.0,7.5600000000000005,150,0,-9999.0,85.0,51.8,81.7
20240520-1100,Mountain View Moffett Field Naval Air Station,"Mountain View, California, US",11.0,8.0,-9999.0,-9999.0,-9999.0,0.0,0,0,-9999.0,85.0,51.8,81.7
20240520-1200,Mountain View Moffett Field Naval Air Station,"Mountain View, California, US",10.0,7.0,-9999.0,-9999.0,-9999.0,7.5600000000000005,140,0,-9999.0,85.0,50.0,81.6
20240520-1300,Mountain View Moffett Field Naval Air Station,"Mountain View, California, US",10.0,7.0,-9999.0,-9999.0,-9999.0,9.360000000000001,140,0,-9999.0,85.0,50.0,81.6
20240520-1400,Mountain View Moffett Field Naval Air Station,"Mountain View, California, US",11.0,7.0,-9999.0,-9999.0,-9999.0,9.360000000000001,150,0,-9999.0,80.0,51.8,76.3
20240520-1500,Mountain View Moffett Field Naval Air Station,"Mountain View, California, US",13.0,7.0,-9999.0,-9999.0,-9999.0,11.16,160,0,-9999.0,70.0,55.4,66.9
20240520-1600,Mountain View Moffett Field Naval Air Station,"Mountain View, California, US",15.0,8.0,-9999.0,-9999.0,-9999.0,0.0,0,0,-9999.0,65.0,59.0,62.9
20240520-1700,Mountain View Moffett Field Naval Air Station,"Mountain View, California, US",17.0,8.0,-9999.0,-9999.0,-9999.0,9.360000000000001,350,0,-9999.0,55.0,62.6,55.4
20240520-1800,Mountain View Moffett Field Naval Air Station,"Mountain View, California, US",17.0,9.0,-9999.0,-9999.0,-9999.0,16.56,350,0,-9999.0,60.0,62.6,59.3
20240520-1900,Mountain View Moffett Field Naval Air Station,"Mountain View, California, US",18.0,8.0,-9999.0,-9999.0,-9999.0,16.56,360,0,-9999.0,50.0,64.4,52.0
20240520-2000,Mountain View Moffett Field Naval Air Station,"Mountain View, California, US",20.0,7.0,-9999.0,-9999.0,-9999.0,14.76,350,0,-9999.0,35.0,68.0,42.9
20240520-2100,Mountain View Moffett Field Naval Air Station,"Mountain View, California, US",22.0,8.0,-9999.0,-9999.0,-9999.0,22.32,350,0,-9999.0,30.0,71.6,40.6
20240520-2200,Mountain View Moffett Field Naval Air Station,"Mountain View, California, US",21.0,10.0,-9999.0,-9999.0,-9999.0,24.12,340,0,-9999.0,45.0,69.8,49.4
20240520-2300,Mountain View Moffett Field Naval Air Station,"Mountain View, California, US",22.0,13.0,-9999.0,-9999.0,-9999.0,27.72,340,0,-9999.0,55.0,71.6,56.6
20240521-0000,Mountain View Moffett Field Naval Air Station,"Mountain View, California, US",20.0,12.0,-9999.0,-9999.0,-9999.0,31.68,350,0,-9999.0,60.0,68.0,60.0
20240521-0100,Mountain View Moffett Field Naval Air Station,"Mountain View, California, US",19.0,12.0,-9999.0,-9999.0,-9999.0,27.72,350,0,-9999.0,65.0,66.2,63.8
20240521-0200,Mountain View Moffett Field Naval Air Station,"Mountain View, California, US",18.0,11.0,-9999.0,-9999.0,-9999.0,24.12,340,0,-9999.0,65.0,64.4,63.6
20240521-0300,Mountain View Moffett Field Naval Air Station,"Mountain View, California, US",17.0,11.0,-9999.0,-9999.0,-9999.0,20.520000000000003,350,0,-9999.0,70.0,62.6,67.7
20240521-0400,Mountain View Moffett Field Naval Air Station,"Mountain View, California, US",15.0,10.0,-9999.0,-9999.0,-9999.0,12.959999999999999,330,0,-9999.0,75.0,59.0,72.0
20240521-0500,Mountain View Moffett Field Naval Air Station,"Mountain View, California, US",15.0,9.0,-9999.0,-9999.0,-9999.0,0.0,0,0,-9999.0,70.0,59.0,67.3
20240521-0600,Mountain View Moffett Field Naval Air Station,"Mountain View, California, US",14.0,10.0,-9999.0,-9999.0,-9999.0,5.4,40,0,-9999.0,80.0,57.2,76.8
20240521-0700,Mountain View Moffett Field Naval Air Station,"Mountain View, California, US",14.0,10.0,-9999.0,-9999.0,-9999.0,0.0,0,0,-9999.0,80.0,57.2,76.8
20240521-0800,Mountain View Moffett Field Naval Air Station,"Mountain View, California, US",14.0,10.0,-9999.0,-9999.0,-9999.0,0.0,0,0,-9999.0,80.0,57.2,76.8
20240521-0900,Mountain View Moffett Field Naval Air Station,"Mountain View, California, US",13.0,9.0,-9999.0,-9999.0,-9999.0,0.0,0,0,-9999.0,80.0,55.4,76.7
20240521-1000,Mountain View Moffett Field Naval Air Station,"Mountain View, California, US",12.0,9.0,-9999.0,-9999.0,-9999.0,0.0,0,0,-9999.0,85.0,53.6,81.9
20240521-1100,Mountain View Moffett Field Naval Air Station,"Mountain View, California, US",12.0,9.0,-9999.0,-9999.0,-9999.0,7.5600000000000005,150,0,-9999.0,85.0,53.6,81.9
20240521-1200,Mountain View Moffett Field Naval Air Station,"Mountain View, California, US",11.0,8.0,-9999.0,-9999.0,-9999.0,0.0,0,0,-9999.0,85.0,51.8,81.7
20240521-1300,Mountain View Moffett Field Naval Air Station,"Mountain View, California, US",11.0,8.0,-9999.0,-9999.0,-9999.0,0.0,0,0,-9999.0,85.0,51.8,81.7
20240521-1400,Mountain View Moffett Field Naval Air Station,"Mountain View, California, US",11.0,9.0,-9999.0,-9999.0,-9999.0,9.360000000000001,140,0,-9999.0,90.0,51.8,87.5
20240521-1500,Mountain View Moffett Field Naval Air Station,"Mountain View, California, US",13.0,9.0,-9999.0,-9999.0,-9999.0,5.4,140,0,-9999.0,80.0,55.4,76.7
20240521-1600,Mountain View Moffett Field Naval Air Station,"Mountain View, California, US",16.0,9.0,-9999.0,-9999.0,-9999.0,0.0,0,0,-9999.0,65.0,60.8,63.1
20240521-1700,Mountain View Moffett Field Naval Air Station,"Mountain View, California, US",17.0,10.0,-9999.0,-9999.0,-9999.0,9.360000000000001,360,0,-9999.0,65.0,62.6,63.4
20240521-1800,Mountain View Moffett Field Naval Air Station,"Mountain View, California, US",19.0,11.0,-9999.0,-9999.0,-9999.0,9.360000000000001,360,0,-9999.0,60.0,66.2,59.7
20240521-1900,Mountain View Moffett Field Naval Air Station,"Mountain View, California, US",22.0,12.0,-9999.0,-9999.0,-9999.0,20.520000000000003,360,-9999,-9999.0,50.0,71.6,53.0
20240521-2000,Mountain View Moffett Field Naval Air Station,"Mountain View, California, US",23.0,12.0,-9999.0,-9999.0,-9999.0,22.32,350,0,-9999.0,45.0,73.4,49.9
20240521-2100,Mountain View Moffett Field Naval Air Station,"Mountain View, California, US",24.0,8.0,-9999.0,-9999.0,-9999.0,20.520000000000003,340,0,-9999.0,20.0,75.2,35.9
20240521-2200,Mountain View Moffett Field Naval Air Station,"Mountain View, California, US",25.0,8.0,-9999.0,-9999.0,-9999.0,20.520000000000003,340,0,-9999.0,15.0,77.0,33.9
20240521-2300,Mountain View Moffett Field Naval Air Station,"Mountain View, California, US",24.0,12.0,-9999.0,-9999.0,-9999.0,25.919999999999998,340,0,-9999.0,40.0,75.2,47.0
20240522-0000,Mountain View Moffett Field Naval Air Station,"Mountain View, California, US",25.0,12.0,-9999.0,-9999.0,-9999.0,31.68,360,0,-9999.0,35.0,77.0,44.2
20240522-0100,Mountain View Moffett Field Naval Air Station,"Mountain View, California, US",23.0,12.0,-9999.0,-9999.0,-9999.0,27.72,350,0,-9999.0,45.0,73.4,49.9
20240522-0200,Mountain View Moffett Field Naval Air Station,"Mountain View, California, US",22.0,12.0,-9999.0,-9999.0,-9999.0,24.12,350,0,-9999.0,50.0,71.6,53.0
20240522-0300,Mountain View Moffett Field Naval Air Station,"Mountain View, California, US",19.0,12.0,-9999.0,-9999.0,-9999.0,24.12,340,0,-9999.0,65.0,66.2,63.8
20240522-0400,Mountain View Moffett Field Naval Air Station,"Mountain View, California, US",17.0,12.0,-9999.0,-9999.0,-9999.0,12.959999999999999,330,0,-9999.0,75.0,62.6,72.4
20240522-0500,Mountain View Moffett Field Naval Air Station,"Mountain View, California, US",16.0,10.0,-9999.0,-9999.0,-9999.0,7.5600000000000005,320,0,-9999.0,70.0,60.8,67.5
20240522-0600,Mountain View Moffett Field Naval Air Station,"Mountain View, California, US",15.0,11.0,-9999.0,-9999.0,-9999.0,0.0,0,0,-9999.0,80.0,59.0,77.0
20240522-0700,Mountain View Moffett Field Naval Air Station,"Mountain View, California, US",15.0,11.0,-9999.0,-9999.0,-9999.0,9.360000000000001,10,0,-9999.0,80.0,59.0,77.0
20240522-0800,Mountain View Moffett Field Naval Air Station,"Mountain View, California, US",15.0,11.0,-9999.0,-9999.0,-9999.0,7.5600000000000005,280,0,-9999.0,80.0,59.0,77.0
20240522-0900,Mountain View Moffett Field Naval Air Station,"Mountain View, California, US",14.0,11.0,-9999.0,-9999.0,-9999.0,0.0,0,0,-9999.0,85.0,57.2,82.1
20240522-1000,Mountain View Moffett Field Naval Air Station,"Mountain View, California, US",13.0,11.0,-9999.0,-9999.0,-9999.0,9.360000000000001,20,0,-9999.0,90.0,55.4,87.6
20240522-1100,Mountain View Moffett Field Naval Air Station,"Mountain View, California, US",13.0,10.0,-9999.0,-9999.0,-9999.0,7.5600000000000005,30,0,-9999.0,85.0,55.4,82.0
20240522-1200,Mountain View Moffett Field Naval Air Station,"Mountain View, California, US",13.0,10.0,-9999.0,-9999.0,-9999.0,7.5600000000000005,30,0,-9999.0,85.0,55.4,82.0
20240522-1300,Mountain View Moffett Field Naval Air Station,"Mountain View, California, US",12.0,10.0,-9999.0,-9999.0,-9999.0,9.360000000000001,20,0,-9999.0,90.0,53.6,87.6
20240522-1400,Mountain View Moffett Field Naval Air Station,"Mountain View, California, US",13.0,10.0,-9999.0,-9999.0,-9999.0,0.0,0,0,-9999.0,85.0,55.4,82.0
20240522-1500,Mountain View Moffett Field Naval Air Station,"Mountain View, California, US",14.0,11.0,-9999.0,-9999.0,-9999.0,7.5600000000000005,40,0,-9999.0,85.0,57.2,82.1
20240522-1600,Mountain View Moffett Field Naval Air Station,"Mountain View, California, US",16.0,11.0,-9999.0,-9999.0,-9999.0,9.360000000000001,-9999,0,-9999.0,75.0,60.8,72.2
20240522-1700,Mountain View Moffett Field Naval Air Station,"Mountain View, California, US",17.0,11.0,-9999.0,-9999.0,-9999.0,7.5600000000000005,350,0,-9999.0,70.0,62.6,67.7
20240522-1800,Mountain View Moffett Field Naval Air Station,"Mountain View, California, US",19.0,11.0,-9999.0,-9999.0,-9999.0,7.5600000000000005,-9999,0,-9999.0,60.0,66.2,59.7
20240522-1900,Mountain View Moffett Field Naval Air Station,"Mountain View, California, US",20.0,11.0,-9999.0,-9999.0,-9999.0,9.360000000000001,10,0,-9999.0,55.0,68.0,56.1
20240522-2000,Mountain View Moffett Field Naval Air Station,"Mountain View, California, US",20.0,13.0,-9999.0,-9999.0,-9999.0,22.32,350,0,-9999.0,65.0,68.0,64.0
20240522-2100,Mountain View Moffett Field Naval Air Station,"Mountain View, California, US",20.0,12.0,-9999.0,-9999.0,-9999.0,24.12,340,0,-9999.0,60.0,68.0,60.0
20240522-2200,Mountain View Moffett Field Naval Air Station,"Mountain View, California, US",22.0,14.0,-9999.0,-9999.0,-9999.0,31.68,350,0,-9999.0,60.0,71.6,60.4
20240522-2300,Mountain View Moffett Field Naval Air Station,"Mountain View, California, US",22.0,13.0,-9999.0,-9999.0,-9999.0,25.919999999999998,350,0,-9999.0,55.0,71.6,56.6
20240523-0000,Mountain View Moffett Field Naval Air Station,"Mountain View, California, US",23.0,12.0,-9999.0,-9999.0,-9999.0,27.72,350,0,-9999.0,45.0,73.4,49.9
20240523-0100,Mountain View Moffett Field Naval Air Station,"Mountain View, California, US",22.0,9.0,-9999.0,-9999.0,-9999.0,14.76,310,0,-9999.0,35.0,71.6,43.4
20240523-0200,Mountain View Moffett Field Naval Air Station,"Mountain View, California, US",20.0,8.0,-9999.0,-9999.0,-9999.0,18.36,330,0,-9999.0,40.0,68.0,45.9
20240523-0300,Mountain View Moffett Field Naval Air Station,"Mountain View, California, US",19.0,4.0,-9999.0,-9999.0,-9999.0,12.959999999999999,310,0,-9999.0,25.0,66.2,37.0
20240523-0400,Mountain View Moffett Field Naval Air Station,"Mountain View, California, US",16.0,5.0,-9999.0,-9999.0,-9999.0,18.36,320,0,-9999.0,45.0,60.8,48.0
20240523-0500,Mountain View Moffett Field Naval Air Station,"Mountain View, California, US",15.0,5.0,-9999.0,-9999.0,-9999.0,12.959999999999999,320,0,-9999.0,50.0,59.0,51.2
20240523-0600,Mountain View Moffett Field Naval Air Station,"Mountain View, California, US",13.0,7.0,-9999.0,-9999.0,-9999.0,12.959999999999999,360,0,-9999.0,70.0,55.4,66.9
20240523-0700,Mountain View Moffett Field Naval Air Station,"Mountain View, California, US",13.0,8.0,-9999.0,-9999.0,-9999.0,9.360000000000001,80,0,-9999.0,75.0,55.4,71.6
20240523-0800,Mountain View Moffett Field Naval Air Station,"Mountain View, California, US",12.0,8.0,-9999.0,-9999.0,-9999.0,0.0,0,0,-9999.0,80.0,53.6,76.5
20240523-0900,Mountain View Moffett Field Naval Air Station,"Mountain View, California, US",13.0,8.0,-9999.0,-9999.0,-9999.0,0.0,0,0,-9999.0,75.0,55.4,71.6
20240523-1000,Mountain View Moffett Field Naval Air Station,"Mountain View, California, US",13.0,8.0,-9999.0,-9999.0,-9999.0,0.0,0,0,-9999.0,75.0,55.4,71.6
20240523-1100,Mountain View Moffett Field Naval Air Station,"Mountain View, California, US",12.0,8.0,-9999.0,-9999.0,-9999.0,0.0,0,0,-9999.0,80.0,53.6,76.5
20240523-1200,Mountain View Moffett Field Naval Air Station,"Mountain View, California, US",12.0,8.0,-9999.0,-9999.0,-9999.0,0.0,0,0,-9999.0,80.0,53.6,76.5
20240523-1300,Mountain View Moffett Field Naval Air Station,"Mountain View, California, US",11.0,8.0,-9999.0,-9999.0,-9999.0,5.4,130,0,-9999.0,85.0,51.8,81.7
20240523-1400,Mountain View Moffett Field Naval Air Station,"Mountain View, California, US",12.0,8.0,-9999.0,-9999.0,-9999.0,0.0,0,0,-9999.0,80.0,53.6,76.5
20240523-1500,Mountain View Moffett Field Naval Air Station,"Mountain View, California, US",13.0,8.0,-9999.0,-9999.0,-9999.0,0.0,0,0,-9999.0,75.0,55.4,71.6
20240523-1600,Mountain View Moffett Field Naval Air Station,"Mountain View, California, US",15.0,9.0,-9999.0,-9999.0,-9999.0,7.5600000000000005,50,0,-9999.0,70.0,59.0,67.3
20240523-1700,Mountain View Moffett Field Naval Air Station,"Mountain View, California, US",16.0,9.0,-9999.0,-9999.0,-9999.0,7.5600000000000005,10,0,-9999.0,65.0,60.8,63.1
20240523-1800,Mountain View Moffett Field Naval Air Station,"Mountain View, California, US",18.0,8.0,-9999.0,-9999.0,-9999.0,9.360000000000001,350,0,-9999.0,50.0,64.4,52.0
20240523-1900,Mountain View Moffett Field Naval Air Station,"Mountain View, California, US",19.0,8.0,-9999.0,-9999.0,-9999.0,16.56,340,0,-9999.0,45.0,66.2,48.8
20240523-2000,Mountain View Moffett Field Naval Air Station,"Mountain View, California, US",20.0,10.0,-9999.0,-9999.0,-9999.0,18.36,360,0,-9999.0,50.0,68.0,52.5
20240523-2100,Mountain View Moffett Field Naval Air Station,"Mountain View, California, US",19.0,10.0,-9999.0,-9999.0,-9999.0,20.520000000000003,340,0,-9999.0,55.0,66.2,55.9
20240523-2200,Mountain View Moffett Field Naval Air Station,"Mountain View, California, US",20.0,10.0,-9999.0,-9999.0,-9999.0,24.12,350,0,-9999.0,50.0,68.0,52.5
20240523-2300,Mountain View Moffett Field Naval Air Station,"Mountain View, California, US",20.0,10.0,-9999.0,-9999.0,-9999.0,27.72,350,0,-9999.0,50.0,68.0,52.5
20240524-0000,Mountain View Moffett Field Naval Air Station,"Mountain View, California, US",21.0,10.0,-9999.0,-9999.0,-9999.0,33.480000000000004,350,0,-9999.0,45.0,69.8,49.4
20240524-0100,Mountain View Moffett Field Naval Air Station,"Mountain View, California, US",19.0,7.0,-9999.0,-9999.0,-9999.0,27.72,340,0,-9999.0,40.0,66.2,45.6
20240524-0200,Mountain View Moffett Field Naval Air Station,"Mountain View, California, US",18.0,6.0,-9999.0,-9999.0,-9999.0,25.919999999999998,340,0,-9999.0,40.0,64.4,45.3
20240524-0300,Mountain View Moffett Field Naval Air Station,"Mountain View, California, US",16.0,6.0,-9999.0,-9999.0,-9999.0,25.919999999999998,350,0,-9999.0,50.0,60.8,51.5
20240524-0400,Mountain View Moffett Field Naval Air Station,"Mountain View, California, US",14.0,7.0,-9999.0,-9999.0,-9999.0,12.959999999999999,350,0,-9999.0,65.0,57.2,62.7
20240524-0500,Mountain View Moffett Field Naval Air Station,"Mountain View, California, US",13.0,6.0,-9999.0,-9999.0,-9999.0,16.56,360,0,-9999.0,65.0,55.4,62.5
20240524-0600,Mountain View Moffett Field Naval Air Station,"Mountain View, California, US",14.0,6.0,-9999.0,-9999.0,-9999.0,7.5600000000000005,270,25,-9999.0,60.0,57.2,58.5
20240524-0700,Mountain View Moffett Field Naval Air Station,"Mountain View, California, US",14.0,7.0,-9999.0,-9999.0,-9999.0,0.0,0,0,-9999.0,65.0,57.2,62.7
20240524-0800,Mountain View Moffett Field Naval Air Station,"Mountain View, California, US",13.0,8.0,-9999.0,-9999.0,-9999.0,7.5600000000000005,160,0,-9999.0,75.0,55.4,71.6
20240524-0900,Mountain View Moffett Field Naval Air Station,"Mountain View, California, US",12.0,8.0,-9999.0,-9999.0,-9999.0,12.959999999999999,130,0,-9999.0,80.0,53.6,76.5
20240524-1000,Mountain View Moffett Field Naval Air Station,"Mountain View, California, US",12.0,8.0,-9999.0,-9999.0,-9999.0,7.5600000000000005,150,0,-9999.0,80.0,53.6,76.5
20240524-1100,Mountain View Moffett Field Naval Air Station,"Mountain View, California, US",11.0,8.0,-9999.0,-9999.0,-9999.0,7.5600000000000005,150,0,-9999.0,85.0,51.8,81.7
20240524-1200,Mountain View Moffett Field Naval Air Station,"Mountain View, California, US",11.0,8.0,-9999.0,-9999.0,-9999.0,7.5600000000000005,140,0,-9999.0,85.0,51.8,81.7
20240524-1300,Mountain View Moffett Field Naval Air Station,"Mountain View, California, US",11.0,8.0,-9999.0,-9999.0,-9999.0,7.5600000000000005,140,0,-9999.0,85.0,51.8,81.7
20240524-1400,Mountain View Moffett Field Naval Air Station,"Mountain View, California, US",11.0,8.0,-9999.0,-9999.0,-9999.0,0.0,0,25,-9999.0,85.0,51.8,81.7
20240524-1500,Mountain View Moffett Field Naval Air Station,"Mountain View, California, US",13.0,7.0,-9999.0,-9999.0,-9999.0,11.16,270,25,-9999.0,70.0,55.4,66.9
20240524-1600,Mountain View Moffett Field Naval Air Station,"Mountain View, California, US",14.0,7.0,-9999.0,-9999.0,-9999.0,16.56,260,0,-9999.0,65.0,57.2,62.7
20240524-1700,Mountain View Moffett Field Naval Air Station,"Mountain View, California, US",15.0,7.0,-9999.0,-9999.0,-9999.0,11.16,280,0,-9999.0,60.0,59.0,58.8
20240524-1800,Mountain View Moffett Field Naval Air Station,"Mountain View, California, US",15.0,7.0,-9999.0,-9999.0,-9999.0,16.56,280,0,-9999.0,60.0,59.0,58.8
20240524-1900,Mountain View Moffett Field Naval Air Station,"Mountain View, California, US",15.0,8.0,-9999.0,-9999.0,-9999.0,29.52,240,0,-9999.0,65.0,59.0,62.9
20240524-2000,Mountain View Moffett Field Naval Air Station,"Mountain View, California, US",15.0,7.0,-9999.0,-9999.0,-9999.0,18.36,260,25,-9999.0,60.0,59.0,58.8
20240524-2100,Mountain View Moffett Field Naval Air Station,"Mountain View, California, US",16.0,7.0,-9999.0,-9999.0,-9999.0,25.919999999999998,250,0,-9999.0,55.0,60.8,55.1
20240524-2200,Mountain View Moffett Field Naval Air Station,"Mountain View, California, US",17.0,8.0,-9999.0,-9999.0,-9999.0,16.56,240,-9999,-9999.0,55.0,62.6,55.4
20240524-2300,Mountain View Moffett Field Naval Air Station,"Mountain View, California, US",17.0,8.0,-9999.0,-9999.0,-9999.0,27.72,260,-9999,-9999.0,55.0,62.6,55.4
20240525-0000,Mountain View Moffett Field Naval Air Station,"Mountain View, California, US",16.0,8.0,-9999.0,-9999.0,-9999.0,20.520000000000003,250,0,-9999.0,60.0,60.8,59.0
20240525-0100,Mountain View Moffett Field Naval Air Station,"Mountain View, California, US",15.0,8.0,-9999.0,-9999.0,-9999.0,16.56,230,-9999,-9999.0,65.0,59.0,62.9
20240525-0200,Mountain View Moffett Field Naval Air Station,"Mountain View, California, US",15.0,8.0,-9999.0,-9999.0,-9999.0,16.56,250,-9999,-9999.0,65.0,59.0,62.9
20240525-0300,Mountain View Moffett Field Naval Air Station,"Mountain View, California, US",14.0,9.0,-9999.0,-9999.0,-9999.0,16.56,250,-9999,-9999.0,75.0,57.2,71.8
20240525-0400,Mountain View Moffett Field Naval Air Station,"Mountain View, California, US",14.0,9.0,-9999.0,-9999.0,-9999.0,11.16,260,-9999,-9999.0,75.0,57.2,71.8
20240525-0500,Mountain View Moffett Field Naval Air Station,"Mountain View, California, US",14.0,9.0,-9999.0,-9999.0,-9999.0,9.360000000000001,250,-9999,-9999.0,75.0,57.2,71.8
20240525-0600,Mountain View Moffett Field Naval Air Station,"Mountain View, California, US",14.0,10.0,-9999.0,-9999.0,-9999.0,12.959999999999999,240,-9999,-9999.0,80.0,57.2,76.8
20240525-0700,Mountain View Moffett Field Naval Air Station,"Mountain View, California, US",13.0,9.0,-9999.0,-9999.0,-9999.0,12.959999999999999,260,0,-9999.0,80.0,55.4,76.7
20240525-0800,Mountain View Moffett Field Naval Air Station,"Mountain View, California, US",13.0,9.0,-9999.0,-9999.0,-9999.0,11.16,250,50,-9999.0,80.0,55.4,76.7
20240525-0900,Mountain View Moffett Field Naval Air Station,"Mountain View, California, US",13.0,9.0,-9999.0,-9999.0,-9999.0,12.959999999999999,270,-9999,-9999.0,80.0,55.4,76.7
20240525-1000,Mountain View Moffett Field Naval Air Station,"Mountain View, California, US",13.0,9.0,-9999.0,-9999.0,-9999.0,9.360000000000001,-9999,-9999,-9999.0,80.0,55.4,76.7
20240525-1100,Mountain View Moffett Field Naval Air Station,"Mountain View, California, US",13.0,9.0,-9999.0,-9999.0,-9999.0,9.360000000000001,-9999,-9999,-9999.0,80.0,55.4,76.7
20240525-1200,Mountain View Moffett Field Naval Air Station,"Mountain View, California, US",14.0,9.0,-9999.0,-9999.0,-9999.0,12.959999999999999,250,-9999,-9999.0,75.0,57.2,71.8
20240525-1300,Mountain View Moffett Field Naval Air Station,"Mountain View, California, US",14.0,9.0,-9999.0,-9999.0,-9999.0,11.16,230,-9999,-9999.0,75.0,57.2,71.8
20240525-1400,Mountain View Moffett Field Naval Air Station,"Mountain View, California, US",14.0,10.0,-9999.0,-9999.0,-9999.0,9.360000000000001,250,-9999,-9999.0,80.0,57.2,76.8
20240525-1500,Mountain View Moffett Field Naval Air Station,"Mountain View, California, US",14.0,10.0,-9999.0,-9999.0,-9999.0,9.360000000000001,250,-9999,-9999.0,80.0,57.2,76.8
20240525-1600,Mountain View Moffett Field Naval Air Station,"Mountain View, California, US",15.0,10.0,-9999.0,-9999.0,-9999.0,16.56,240,-9999,-9999.0,75.0,59.0,72.0
20240525-1700,Mountain View Moffett Field Naval Air Station,"Mountain View, California, US",14.0,11.0,-9999.0,-9999.0,-9999.0,12.959999999999999,350,-9999,-9999.0,85.0,57.2,82.1
20240525-1800,Mountain View Moffett Field Naval Air Station,"Mountain View, California, US",16.0,10.0,-9999.0,-9999.0,-9999.0,16.56,280,-9999,-9999.0,70.0,60.8,67.5
20240525-1900,Mountain View Moffett Field Naval Air Station,"Mountain View, California, US",16.0,9.0,-9999.0,-9999.0,-9999.0,9.360000000000001,-9999,-9999,-9999.0,65.0,60.8,63.1
20240525-2000,Mountain View Moffett Field Naval Air Station,"Mountain View, California, US",17.0,10.0,-9999.0,-9999.0,-9999.0,7.5600000000000005,-9999,-9999,-9999.0,65.0,62.6,63.4
20240525-2100,Mountain View Moffett Field Naval Air Station,"Mountain View, California, US",17.0,10.0,-9999.0,-9999.0,-9999.0,11.16,310,-9999,-9999.0,65.0,62.6,63.4
20240525-2200,Mountain View Moffett Field Naval Air Station,"Mountain View, California, US",18.0,9.0,-9999.0,-9999.0,-9999.0,7.5600000000000005,-9999,-9999,-9999.0,55.0,64.4,55.6
20240525-2300,Mountain View Moffett Field Naval Air Station,"Mountain View, California, US",18.0,8.0,-9999.0,-9999.0,-9999.0,14.76,270,0,-9999.0,50.0,64.4,52.0
20240526-0000,Mountain View Moffett Field Naval Air Station,"Mountain View, California, US",17.0,8.0,-9999.0,-9999.0,-9999.0,18.36,280,0,-9999.0,55.0,62.6,55.4
20240526-0100,Mountain View Moffett Field Naval Air Station,"Mountain View, California, US",17.0,8.0,-9999.0,-9999.0,-9999.0,18.36,260,0,-9999.0,55.0,62.6,55.4
20240526-0200,Mountain View Moffett Field Naval Air Station,"Mountain View, California, US",15.0,8.0,-9999.0,-9999.0,-9999.0,16.56,340,0,-9999.0,65.0,59.0,62.9
20240526-0300,Mountain View Moffett Field Naval Air Station,"Mountain View, California, US",14.0,7.0,-9999.0,-9999.0,-9999.0,12.959999999999999,270,0,-9999.0,65.0,57.2,62.7
20240526-0400,Mountain View Moffett Field Naval Air Station,"Mountain View, California, US",12.0,6.0,-9999.0,-9999.0,-9999.0,9.360000000000001,310,50,-9999.0,70.0,53.6,66.7
20240526-0500,Mountain View Moffett Field Naval Air Station,"Mountain View, California, US",12.0,6.0,-9999.0,-9999.0,-9999.0,7.5600000000000005,310,0,-9999.0,70.0,53.6,66.7
20240526-0600,Mountain View Moffett Field Naval Air Station,"Mountain View, California, US",11.0,6.0,-9999.0,-9999.0,-9999.0,5.4,300,0,-9999.0,75.0,51.8,71.3
20240526-0700,Mountain View Moffett Field Naval Air Station,"Mountain View, California, US",11.0,6.0,-9999.0,-9999.0,-9999.0,0.0,0,0,-9999.0,75.0,51.8,71.3
20240526-0800,Mountain View Moffett Field Naval Air Station,"Mountain View, California, US",11.0,6.0,-9999.0,-9999.0,-9999.0,0.0,0,0,-9999.0,75.0,51.8,71.3
20240526-0900,Mountain View Moffett Field Naval Air Station,"Mountain View, California, US",11.0,6.0,-9999.0,-9999.0,-9999.0,0.0,0,0,-9999.0,75.0,51.8,71.3
20240526-1000,Mountain View Moffett Field Naval Air Station,"Mountain View, California, US",10.0,6.0,-9999.0,-9999.0,-9999.0,0.0,0,25,-9999.0,80.0,50.0,76.2
20240526-1100,Mountain View Moffett Field Naval Air Station,"Mountain View, California, US",10.0,6.0,-9999.0,-9999.0,-9999.0,0.0,0,25,-9999.0,80.0,50.0,76.2
20240526-1200,Mountain View Moffett Field Naval Air Station,"Mountain View, California, US",9.0,5.0,-9999.0,-9999.0,-9999.0,0.0,0,0,-9999.0,80.0,48.2,76.0
20240526-1300,Mountain View Moffett Field Naval Air Station,"Mountain View, California, US",9.0,6.0,-9999.0,-9999.0,-9999.0,5.4,180,0,-9999.0,85.0,48.2,81.5
20240526-1400,Mountain View Moffett Field Naval Air Station,"Mountain View, California, US",10.0,6.0,-9999.0,-9999.0,-9999.0,0.0,0,0,-9999.0,80.0,50.0,76.2
20240526-1500,Mountain View Moffett Field Naval Air Station,"Mountain View, California, US",13.0,8.0,-9999.0,-9999.0,-9999.0,0.0,0,0,-9999.0,75.0,55.4,71.6
20240526-1600,Mountain View Moffett Field Naval Air Station,"Mountain View, California, US",14.0,8.0,-9999.0,-9999.0,-9999.0,0.0,0,0,-9999.0,70.0,57.2,67.1
20240526-1700,Mountain View Moffett Field Naval Air Station,"Mountain View, California, US",15.0,8.0,-9999.0,-9999.0,-9999.0,7.5600000000000005,40,0,-9999.0,65.0,59.0,62.9
20240526-1800,Mountain View Moffett Field Naval Air Station,"Mountain View, California, US",16.0,9.0,-9999.0,-9999.0,-9999.0,5.4,-9999,0,-9999.0,65.0,60.8,63.1
20240526-1900,Mountain View Moffett Field Naval Air Station,"Mountain View, California, US",18.0,9.0,-9999.0,-9999.0,-9999.0,5.4,-9999,0,-9999.0,55.0,64.4,55.6
20240526-2000,Mountain View Moffett Field Naval Air Station,"Mountain View, California, US",20.0,10.0,-9999.0,-9999.0,-9999.0,16.56,360,0,-9999.0,50.0,68.0,52.5
20240526-2100,Mountain View Moffett Field Naval Air Station,"Mountain View, California, US",19.0,11.0,-9999.0,-9999.0,-9999.0,18.36,340,-9999,-9999.0,60.0,66.2,59.7
20240526-2200,Mountain View Moffett Field Naval Air Station,"Mountain View, California, US",20.0,11.0,-9999.0,-9999.0,-9999.0,24.12,340,0,-9999.0,55.0,68.0,56.1
20240526-2300,Mountain View Moffett Field Naval Air Station,"Mountain View, California, US",21.0,12.0,-9999.0,-9999.0,-9999.0,25.919999999999998,340,0,-9999.0,55.0,69.8,56.4
20240527-0000,Mountain View Moffett Field Naval Air Station,"Mountain View, California, US",20.0,12.0,-9999.0,-9999.0,-9999.0,24.12,340,0,-9999.0,60.0,68.0,60.0
20240527-0100,Mountain View Moffett Field Naval Air Station,"Mountain View, California, US",20.0,12.0,-9999.0,-9999.0,-9999.0,27.72,350,0,-9999.0,60.0,68.0,60.0
20240527-0200,Mountain View Moffett Field Naval Air Station,"Mountain View, California, US",18.0,12.0,-9999.0,-9999.0,-9999.0,29.52,350,0,-9999.0,70.0,64.4,68.0
20240527-0300,Mountain View Moffett Field Naval Air Station,"Mountain View, California, US",17.0,11.0,-9999.0,-9999.0,-9999.0,22.32,350,0,-9999.0,70.0,62.6,67.7
20240527-0400,Mountain View Moffett Field Naval Air Station,"Mountain View, California, US",15.0,11.0,-9999.0,-9999.0,-9999.0,20.520000000000003,360,0,-9999.0,80.0,59.0,77.0
20240527-0500,Mountain View Moffett Field Naval Air Station,"Mountain View, California, US",15.0,11.0,-9999.0,-9999.0,-9999.0,14.76,20,0,-9999.0,80.0,59.0,77.0
20240527-0600,Mountain View Moffett Field Naval Air Station,"Mountain View, California, US",13.0,10.0,-9999.0,-9999.0,-9999.0,11.16,20,0,-9999.0,85.0,55.4,82.0
20240527-0700,Mountain View Moffett Field Naval Air Station,"Mountain View, California, US",13.0,10.0,-9999.0,-9999.0,-9999.0,9.360000000000001,40,0,-9999.0,85.0,55.4,82.0
20240527-0800,Mountain View Moffett Field Naval Air Station,"Mountain View, California, US",12.0,9.0,-9999.0,-9999.0,-9999.0,9.360000000000001,30,0,-9999.0,85.0,53.6,81.9
20240527-0900,Mountain View Moffett Field Naval Air Station,"Mountain View, California, US",12.0,9.0,-9999.0,-9999.0,-9999.0,9.360000000000001,40,0,-9999.0,85.0,53.6,81.9
20240527-1000,Mountain View Moffett Field Naval Air Station,"Mountain View, California, US",12.0,9.0,-9999.0,-9999.0,-9999.0,9.360000000000001,50,0,-9999.0,85.0,53.6,81.9
20240527-1100,Mountain View Moffett Field Naval Air Station,"Mountain View, California, US",12.0,9.0,-9999.0,-9999.0,-9999.0,0.0,0,0,-9999.0,85.0,53.6,81.9
20240527-1200,Mountain View Moffett Field Naval Air Station,"Mountain View, California, US",11.0,9.0,-9999.0,-9999.0,-9999.0,5.4,140,0,-9999.0,90.0,51.8,87.5
20240527-1300,Mountain View Moffett Field Naval Air Station,"Mountain View, California, US",11.0,9.0,-9999.0,-9999.0,-9999.0,0.0,0,0,-9999.0,90.0,51.8,87.5
20240527-1400,Mountain View Moffett Field Naval Air Station,"Mountain View, California, US",12.0,10.0,-9999.0,-9999.0,-9999.0,0.0,0,0,-9999.0,90.0,53.6,87.6
20240527-1500,Mountain View Moffett Field Naval Air Station,"Mountain View, California, US",13.0,10.0,-9999.0,-9999.0,-9999.0,7.5600000000000005,50,-9999,-9999.0,85.0,55.4,82.0
20240527-1600,Mountain View Moffett Field Naval Air Station,"Mountain View, California, US",15.0,11.0,-9999.0,-9999.0,-9999.0,0.0,0,-9999,-9999.0,80.0,59.0,77.0
20240527-1700,Mountain View Moffett Field Naval Air Station,"Mountain View, California, US",17.0,11.0,-9999.0,-9999.0,-9999.0,11.16,-9999,0,-9999.0,70.0,62.6,67.7
20240527-1800,Mountain View Moffett Field Naval Air Station,"Mountain View, California, US",17.0,11.0,-9999.0,-9999.0,-9999.0,11.16,20,0,-9999.0,70.0,62.6,67.7
20240527-1900,Mountain View Moffett Field Naval Air Station,"Mountain View, California, US",18.0,12.0,-9999.0,-9999.0,-9999.0,12.959999999999999,350,0,-9999.0,70.0,64.4,68.0
20240527-2000,Mountain View Moffett Field Naval Air Station,"Mountain View, California, US",18.0,12.0,-9999.0,-9999.0,-9999.0,18.36,340,0,-9999.0,70.0,64.4,68.0
20240527-2100,Mountain View Moffett Field Naval Air Station,"Mountain View, California, US",19.0,11.0,-9999.0,-9999.0,-9999.0,25.919999999999998,350,0,-9999.0,60.0,66.2,59.7
20240527-2200,Mountain View Moffett Field Naval Air Station,"Mountain View, California, US",19.0,10.0,-9999.0,-9999.0,-9999.0,25.919999999999998,340,0,-9999.0,55.0,66.2,55.9
20240527-2300,Mountain View Moffett Field Naval Air Station,"Mountain View, California, US",18.0,11.0,-9999.0,-9999.0,-9999.0,25.919999999999998,350,0,-9999.0,65.0,64.4,63.6
20240528-0000,Mountain View Moffett Field Naval Air Station,"Mountain View, California, US",18.0,11.0,-9999.0,-9999.0,-9999.0,25.919999999999998,350,0,-9999.0,65.0,64.4,63.6
20240528-0100,Mountain View Moffett Field Naval Air Station,"Mountain View, California, US",17.0,12.0,-9999.0,-9999.0,-9999.0,24.12,350,0,-9999.0,75.0,62.6,72.4
20240528-0200,Mountain View Moffett Field Naval Air Station,"Mountain View, California, US",16.0,12.0,-9999.0,-9999.0,-9999.0,20.520000000000003,350,0,-9999.0,80.0,60.8,77.1
20240528-0300,Mountain View Moffett Field Naval Air Station,"Mountain View, California, US",15.0,11.0,-9999.0,-9999.0,-9999.0,18.36,350,0,-9999.0,80.0,59.0,77.0
20240528-0400,Mountain View Moffett Field Naval Air Station,"Mountain View, California, US",14.0,11.0,-9999.0,-9999.0,-9999.0,12.959999999999999,340,0,-9999.0,85.0,57.2,82.1
20240528-0500,Mountain View Moffett Field Naval Air Station,"Mountain View, California, US",13.0,11.0,-9999.0,-9999.0,-9999.0,11.16,30,25,-9999.0,90.0,55.4,87.6
20240528-0600,Mountain View Moffett Field Naval Air Station,"Mountain View, California, US",12.0,10.0,-9999.0,-9999.0,-9999.0,7.5600000000000005,30,0,-9999.0,90.0,53.6,87.6
20240528-0700,Mountain View Moffett Field Naval Air Station,"Mountain View, California, US",12.0,10.0,-9999.0,-9999.0,-9999.0,0.0,0,-9999,-9999.0,90.0,53.6,87.6
20240528-0800,Mountain View Moffett Field Naval Air Station,"Mountain View, California, US",13.0,10.0,-9999.0,-9999.0,-9999.0,7.5600000000000005,30,-9999,-9999.0,85.0,55.4,82.0
20240528-0900,Mountain View Moffett Field Naval Air Station,"Mountain View, California, US",13.0,11.0,-9999.0,-9999.0,-9999.0,11.16,120,-9999,-9999.0,90.0,55.4,87.6
20240528-1000,Mountain View Moffett Field Naval Air Station,"Mountain View, California, US",13.0,11.0,-9999.0,-9999.0,-9999.0,0.0,0,-9999,-9999.0,90.0,55.4,87.6
20240528-1100,Mountain View Moffett Field Naval Air Station,"Mountain View, California, US",13.0,10.0,-9999.0,-9999.0,-9999.0,0.0,0,-9999,-9999.0,85.0,55.4,82.0
20240528-1200,Mountain View Moffett Field Naval Air Station,"Mountain View, California, US",13.0,10.0,-9999.0,-9999.0,-9999.0,9.360000000000001,130,-9999,-9999.0,85.0,55.4,82.0
20240528-1300,Mountain View Moffett Field Naval Air Station,"Mountain View, California, US",13.0,10.0,-9999.0,-9999.0,-9999.0,11.16,110,-9999,-9999.0,85.0,55.4,82.0
20240528-1400,Mountain View Moffett Field Naval Air Station,"Mountain View, California, US",13.0,10.0,-9999.0,-9999.0,-9999.0,11.16,150,-9999,-9999.0,85.0,55.4,82.0
20240528-1500,Mountain View Moffett Field Naval Air Station,"Mountain View, California, US",13.0,10.0,-9999.0,-9999.0,-9999.0,9.360000000000001,130,-9999,-9999.0,85.0,55.4,82.0
20240528-1600,Mountain View Moffett Field Naval Air Station,"Mountain View, California, US",15.0,10.0,-9999.0,-9999.0,-9999.0,5.4,170,25,-9999.0,75.0,59.0,72.0
20240528-1700,Mountain View Moffett Field Naval Air Station,"Mountain View, California, US",17.0,10.0,-9999.0,-9999.0,-9999.0,5.4,-9999,0,-9999.0,65.0,62.6,63.4
20240528-1800,Mountain View Moffett Field Naval Air Station,"Mountain View, California, US",18.0,11.0,-9999.0,-9999.0,-9999.0,12.959999999999999,20,0,-9999.0,65.0,64.4,63.6
20240528-1900,Mountain View Moffett Field Naval Air Station,"Mountain View, California, US",19.0,11.0,-9999.0,-9999.0,-9999.0,11.16,340,0,-9999.0,60.0,66.2,59.7
20240528-2000,Mountain View Moffett Field Naval Air Station,"Mountain View, California, US",19.0,12.0,-9999.0,-9999.0,-9999.0,14.76,350,0,-9999.0,65.0,66.2,63.8
20240528-2100,Mountain View Moffett Field Naval Air Station,"Mountain View, California, US",19.0,12.0,-9999.0,-9999.0,-9999.0,22.32,350,0,-9999.0,65.0,66.2,63.8
20240528-2200,Mountain View Moffett Field Naval Air Station,"Mountain View, California, US",20.0,11.0,-9999.0,-9999.0,-9999.0,25.919999999999998,350,0,-9999.0,55.0,68.0,56.1
20240528-2300,Mountain View Moffett Field Naval Air Station,"Mountain View, California, US",21.0,12.0,-9999.0,-9999.0,-9999.0,27.72,10,0,-9999.0,55.0,69.8,56.4
20240529-0000,Mountain View Moffett Field Naval Air Station,"Mountain View, California, US",23.0,6.0,-9999.0,-9999.0,-9999.0,24.12,340,0,-9999.0,15.0,73.4,33.3
20240529-0100,Mountain View Moffett Field Naval Air Station,"Mountain View, California, US",21.0,10.0,-9999.0,-9999.0,-9999.0,27.72,340,0,-9999.0,45.0,69.8,49.4
20240529-0200,Mountain View Moffett Field Naval Air Station,"Mountain View, California, US",21.0,5.0,-9999.0,-9999.0,-9999.0,16.56,320,0,-9999.0,20.0,69.8,35.1
20240529-0300,Mountain View Moffett Field Naval Air Station,"Mountain View, California, US",18.0,9.0,-9999.0,-9999.0,-9999.0,16.56,340,0,-9999.0,55.0,64.4,55.6
20240529-0400,Mountain View Moffett Field Naval Air Station,"Mountain View, California, US",17.0,7.0,-9999.0,-9999.0,-9999.0,14.76,340,0,-9999.0,50.0,62.6,51.7
20240529-0500,Mountain View Moffett Field Naval Air Station,"Mountain View, California, US",16.0,9.0,-9999.0,-9999.0,-9999.0,12.959999999999999,330,0,-9999.0,65.0,60.8,63.1
20240529-0600,Mountain View Moffett Field Naval Air Station,"Mountain View, California, US",16.0,8.0,-9999.0,-9999.0,-9999.0,7.5600000000000005,320,0,-9999.0,60.0,60.8,59.0
20240529-0700,Mountain View Moffett Field Naval Air Station,"Mountain View, California, US",15.0,8.0,-9999.0,-9999.0,-9999.0,5.4,300,0,-9999.0,65.0,59.0,62.9
20240529-0800,Mountain View Moffett Field Naval Air Station,"Mountain View, California, US",15.0,9.0,-9999.0,-9999.0,-9999.0,7.5600000000000005,10,0,-9999.0,70.0,59.0,67.3
20240529-0900,Mountain View Moffett Field Naval Air Station,"Mountain View, California, US",15.0,7.0,-9999.0,-9999.0,-9999.0,12.959999999999999,330,0,-9999.0,60.0,59.0,58.8
20240529-1000,Mountain View Moffett Field Naval Air Station,"Mountain View, California, US",13.0,9.0,-9999.0,-9999.0,-9999.0,7.5600000000000005,70,0,-9999.0,80.0,55.4,76.7
20240529-1100,Mountain View Moffett Field Naval Air Station,"Mountain View, California, US",13.0,8.0,-9999.0,-9999.0,-9999.0,7.5600000000000005,350,0,-9999.0,75.0,55.4,71.6
20240529-1200,Mountain View Moffett Field Naval Air Station,"Mountain View, California, US",13.0,9.0,-9999.0,-9999.0,-9999.0,9.360000000000001,70,0,-9999.0,80.0,55.4,76.7
20240529-1300,Mountain View Moffett Field Naval Air Station,"Mountain View, California, US",12.0,9.0,-9999.0,-9999.0,-9999.0,9.360000000000001,70,0,-9999.0,85.0,53.6,81.9
20240529-1400,Mountain View Moffett Field Naval Air Station,"Mountain View, California, US",13.0,10.0,-9999.0,-9999.0,-9999.0,7.5600000000000005,90,0,-9999.0,85.0,55.4,82.0
20240529-1500,Mountain View Moffett Field Naval Air Station,"Mountain View, California, US",15.0,10.0,-9999.0,-9999.0,-9999.0,0.0,0,0,-9999.0,75.0,59.0,72.0
20240529-1600,Mountain View Moffett Field Naval Air Station,"Mountain View, California, US",17.0,10.0,-9999.0,-9999.0,-9999.0,0.0,0,0,-9999.0,65.0,62.6,63.4
20240529-1700,Mountain View Moffett Field Naval Air Station,"Mountain View, California, US",18.0,10.0,-9999.0,-9999.0,-9999.0,11.16,350,0,-9999.0,60.0,64.4,59.5
20240529-1800,Mountain View Moffett Field Naval Air Station,"Mountain View, California, US",21.0,10.0,-9999.0,-9999.0,-9999.0,11.16,300,0,-9999.0,45.0,69.8,49.4
20240529-1900,Mountain View Moffett Field Naval Air Station,"Mountain View, California, US",21.0,10.0,-9999.0,-9999.0,-9999.0,18.36,320,0,-9999.0,45.0,69.8,49.4
20240529-2000,Mountain View Moffett Field Naval Air Station,"Mountain View, California, US",23.0,11.0,-9999.0,-9999.0,-9999.0,24.12,350,0,-9999.0,40.0,73.4,46.7
20240529-2100,Mountain View Moffett Field Naval Air Station,"Mountain View, California, US",24.0,11.0,-9999.0,-9999.0,-9999.0,22.32,350,0,-9999.0,35.0,75.2,44.0
20240529-2200,Mountain View Moffett Field Naval Air Station,"Mountain View, California, US",25.0,9.0,-9999.0,-9999.0,-9999.0,25.919999999999998,340,0,-9999.0,20.0,77.0,36.2
20240529-2300,Mountain View Moffett Field Naval Air Station,"Mountain View, California, US",25.0,9.0,-9999.0,-9999.0,-9999.0,25.919999999999998,340,0,-9999.0,20.0,77.0,36.2
20240530-0000,Mountain View Moffett Field Naval Air Station,"Mountain View, California, US",25.0,12.0,-9999.0,-9999.0,-9999.0,27.72,340,-9999,-9999.0,35.0,77.0,44.2
20240530-0100,Mountain View Moffett Field Naval Air Station,"Mountain View, California, US",24.0,12.0,-9999.0,-9999.0,-9999.0,25.919999999999998,350,-9999,-9999.0,40.0,75.2,47.0
20240530-0200,Mountain View Moffett Field Naval Air Station,"Mountain View, California, US",21.0,12.0,-9999.0,-9999.0,-9999.0,31.68,360,0,-9999.0,55.0,69.8,56.4
20240530-0300,Mountain View Moffett Field Naval Air Station,"Mountain View, California, US",19.0,11.0,-9999.0,-9999.0,-9999.0,25.919999999999998,350,0,-9999.0,60.0,66.2,59.7
20240530-0400,Mountain View Moffett Field Naval Air Station,"Mountain View, California, US",18.0,12.0,-9999.0,-9999.0,-9999.0,11.16,320,0,-9999.0,70.0,64.4,68.0
20240530-0500,Mountain View Moffett Field Naval Air Station,"Mountain View, California, US",17.0,12.0,-9999.0,-9999.0,-9999.0,5.4,10,0,-9999.0,75.0,62.6,72.4
20240530-0600,Mountain View Moffett Field Naval Air Station,"Mountain View, California, US",16.0,12.0,-9999.0,-9999.0,-9999.0,9.360000000000001,20,0,-9999.0,80.0,60.8,77.1
20240530-0700,Mountain View Moffett Field Naval Air Station,"Mountain View, California, US",16.0,12.0,-9999.0,-9999.0,-9999.0,0.0,0,0,-9999.0,80.0,60.8,77.1
20240530-0800,Mountain View Moffett Field Naval Air Station,"Mountain View, California, US",16.0,11.0,-9999.0,-9999.0,-9999.0,0.0,0,0,-9999.0,75.0,60.8,72.2
20240530-0900,Mountain View Moffett Field Naval Air Station,"Mountain View, California, US",15.0,11.0,-9999.0,-9999.0,-9999.0,0.0,0,0,-9999.0,80.0,59.0,77.0
20240530-1000,Mountain View Moffett Field Naval Air Station,"Mountain View, California, US",15.0,11.0,-9999.0,-9999.0,-9999.0,0.0,0,0,-9999.0,80.0,59.0,77.0
20240530-1100,Mountain View Moffett Field Naval Air Station,"Mountain View, California, US",13.0,10.0,-9999.0,-9999.0,-9999.0,0.0,0,0,-9999.0,85.0,55.4,82.0
20240530-1200,Mountain View Moffett Field Naval Air Station,"Mountain View, California, US",14.0,11.0,-9999.0,-9999.0,-9999.0,0.0,0,0,-9999.0,85.0,57.2,82.1
20240530-1300,Mountain View Moffett Field Naval Air Station,"Mountain View, California, US",14.0,10.0,-9999.0,-9999.0,-9999.0,0.0,0,0,-9999.0,80.0,57.2,76.8
20240530-1400,Mountain View Moffett Field Naval Air Station,"Mountain View, California, US",16.0,11.0,-9999.0,-9999.0,-9999.0,0.0,0,0,-9999.0,75.0,60.8,72.2
20240530-1500,Mountain View Moffett Field Naval Air Station,"Mountain View, California, US",17.0,12.0,-9999.0,-9999.0,-9999.0,0.0,0,0,-9999.0,75.0,62.6,72.4
20240530-1600,Mountain View Moffett Field Naval Air Station,"Mountain View, California, US",18.0,13.0,-9999.0,-9999.0,-9999.0,5.4,10,0,-9999.0,75.0,64.4,72.6
20240530-1700,Mountain View Moffett Field Naval Air Station,"Mountain View, California, US",19.0,13.0,-9999.0,-9999.0,-9999.0,7.5600000000000005,-9999,0,-9999.0,70.0,66.2,68.2
20240530-1800,Mountain View Moffett Field Naval Air Station,"Mountain View, California, US",21.0,14.0,-9999.0,-9999.0,-9999.0,11.16,340,0,-9999.0,65.0,69.8,64.3
20240530-1900,Mountain View Moffett Field Naval Air Station,"Mountain View, California, US",23.0,13.0,-9999.0,-9999.0,-9999.0,12.959999999999999,350,0,-9999.0,50.0,73.4,53.3
20240530-2000,Mountain View Moffett Field Naval Air Station,"Mountain View, California, US",24.0,13.0,-9999.0,-9999.0,-9999.0,14.76,350,0,-9999.0,45.0,75.2,50.2
20240530-2100,Mountain View Moffett Field Naval Air Station,"Mountain View, California, US",26.0,14.0,-9999.0,-9999.0,-9999.0,16.56,350,0,-9999.0,40.0,78.8,47.5
20240530-2200,Mountain View Moffett Field Naval Air Station,"Mountain View, California, US",26.0,12.0,-9999.0,-9999.0,-9999.0,20.520000000000003,350,0,-9999.0,30.0,78.8,41.7
20240530-2300,Mountain View Moffett Field Naval Air Station,"Mountain View, California, US",26.0,10.0,-9999.0,-9999.0,-9999.0,18.36,340,0,-9999.0,20.0,78.8,36.5
20240531-0000,Mountain View Moffett Field Naval Air Station,"Mountain View, California, US",25.0,11.0,-9999.0,-9999.0,-9999.0,18.36,340,0,-9999.0,30.0,77.0,41.4
20240531-0100,Mountain View Moffett Field Naval Air Station,"Mountain View, California, US",24.0,9.0,-9999.0,-9999.0,-9999.0,16.56,330,0,-9999.0,25.0,75.2,38.5
20240531-0200,Mountain View Moffett Field Naval Air Station,"Mountain View, California, US",23.0,10.0,-9999.0,-9999.0,-9999.0,14.76,350,0,-9999.0,35.0,73.4,43.7
20240531-0300,Mountain View Moffett Field Naval Air Station,"Mountain View, California, US",21.0,10.0,-9999.0,-9999.0,-9999.0,12.959999999999999,320,0,-9999.0,45.0,69.8,49.4
20240531-0400,Mountain View Moffett Field Naval Air Station,"Mountain View, California, US",19.0,10.0,-9999.0,-9999.0,-9999.0,9.360000000000001,330,0,-9999.0,55.0,66.2,55.9
20240531-0500,Mountain View Moffett Field Naval Air Station,"Mountain View, California, US",19.0,11.0,-9999.0,-9999.0,-9999.0,0.0,0,0,-9999.0,60.0,66.2,59.7
20240531-0600,Mountain View Moffett Field Naval Air Station,"Mountain View, California, US",19.0,10.0,-9999.0,-9999.0,-9999.0,0.0,0,0,-9999.0,55.0,66.2,55.9
20240531-0700,Mountain View Moffett Field Naval Air Station,"Mountain View, California, US",18.0,10.0,-9999.0,-9999.0,-9999.0,0.0,0,0,-9999.0,60.0,64.4,59.5
20240531-0800,Mountain View Moffett Field Naval Air Station,"Mountain View, California, US",18.0,10.0,-9999.0,-9999.0,-9999.0,0.0,0,0,-9999.0,60.0,64.4,59.5
20240531-0900,Mountain View Moffett Field Naval Air Station,"Mountain View, California, US",17.0,10.0,-9999.0,-9999.0,-9999.0,0.0,0,0,-9999.0,65.0,62.6,63.4
20240531-1000,Mountain View Moffett Field Naval Air Station,"Mountain View, California, US",17.0,11.0,-9999.0,-9999.0,-9999.0,0.0,0,0,-9999.0,70.0,62.6,67.7
20240531-1100,Mountain View Moffett Field Naval Air Station,"Mountain View, California, US",16.0,11.0,-9999.0,-9999.0,-9999.0,0.0,0,0,-9999.0,75.0,60.8,72.2
20240531-1200,Mountain View Moffett Field Naval Air Station,"Mountain View, California, US",15.0,12.0,-9999.0,-9999.0,-9999.0,0.0,0,-9999,-9999.0,85.0,59.0,82.2
20240531-1300,Mountain View Moffett Field Naval Air Station,"Mountain View, California, US",15.0,11.0,-9999.0,-9999.0,-9999.0,7.5600000000000005,230,0,-9999.0,80.0,59.0,77.0
20240531-1400,Mountain View Moffett Field Naval Air Station,"Mountain View, California, US",16.0,12.0,-9999.0,-9999.0,-9999.0,0.0,0,0,-9999.0,80.0,60.8,77.1
20240531-1500,Mountain View Moffett Field Naval Air Station,"Mountain View, California, US",18.0,12.0,-9999.0,-9999.0,-9999.0,0.0,0,0,-9999.0,70.0,64.4,68.0
20240531-1600,Mountain View Moffett Field Naval Air Station,"Mountain View, California, US",19.0,13.0,-9999.0,-9999.0,-9999.0,9.360000000000001,360,0,-9999.0,70.0,66.2,68.2
20240531-1700,Mountain View Moffett Field Naval Air Station,"Mountain View, California, US",20.0,13.0,-9999.0,-9999.0,-9999.0,9.360000000000001,350,0,-9999.0,65.0,68.0,64.0
20240531-1800,Mountain View Moffett Field Naval Air Station,"Mountain View, California, US",22.0,14.0,-9999.0,-9999.0,-9999.0,11.16,350,0,-9999.0,60.0,71.6,60.4
20240531-1900,Mountain View Moffett Field Naval Air Station,"Mountain View, California, US",23.0,13.0,-9999.0,-9999.0,-9999.0,14.76,350,0,-9999.0,50.0,73.4,53.3
20240531-2000,Mountain View Moffett Field Naval Air Station,"Mountain View, California, US",24.0,13.0,-9999.0,-9999.0,-9999.0,16.56,360,0,-9999.0,45.0,75.2,50.2
20240531-2100,Mountain View Moffett Field Naval Air Station,"Mountain View, California, US",25.0,13.0,-9999.0,-9999.0,-9999.0,18.36,350,0,-9999.0,40.0,77.0,47.3
20240531-2200,Mountain View Moffett Field Naval Air Station,"Mountain View, California, US",25.0,13.0,-9999.0,-9999.0,-9999.0,20.520000000000003,340,0,-9999.0,40.0,77.0,47.3
20240531-2300,Mountain View Moffett Field Naval Air Station,"Mountain View, California, US",23.0,13.0,-9999.0,-9999.0,-9999.0,25.919999999999998,340,0,-9999.0,50.0,73.4,53.3
20240601-0000,Mountain View Moffett Field Naval Air Station,"Mountain View, California, US",22.0,14.0,-9999.0,-9999.0,-9999.0,22.32,330,0,-9999.0,60.0,71.6,60.4
20240601-0100,Mountain View Moffett Field Naval Air Station,"Mountain View, California, US",22.0,14.0,-9999.0,-9999.0,-9999.0,29.52,350,0,-9999.0,60.0,71.6,60.4
20240601-0200,Mountain View Moffett Field Naval Air Station,"Mountain View, California, US",20.0,14.0,-9999.0,-9999.0,-9999.0,29.52,340,0,-9999.0,70.0,68.0,68.4
20240601-0300,Mountain View Moffett Field Naval Air Station,"Mountain View, California, US",17.0,13.0,-9999.0,-9999.0,-9999.0,20.520000000000003,350,0,-9999.0,80.0,62.6,77.3
20240601-0400,Mountain View Moffett Field Naval Air Station,"Mountain View, California, US",16.0,12.0,-9999.0,-9999.0,-9999.0,16.56,10,0,-9999.0,80.0,60.8,77.1
20240601-0500,Mountain View Moffett Field Naval Air Station,"Mountain View, California, US",15.0,12.0,-9999.0,-9999.0,-9999.0,11.16,20,0,-9999.0,85.0,59.0,82.2
20240601-0600,Mountain View Moffett Field Naval Air Station,"Mountain View, California, US",15.0,11.0,-9999.0,-9999.0,-9999.0,12.959999999999999,30,0,-9999.0,80.0,59.0,77.0
20240601-0700,Mountain View Moffett Field Naval Air Station,"Mountain View, California, US",14.0,10.0,-9999.0,-9999.0,-9999.0,11.16,30,0,-9999.0,80.0,57.2,76.8
20240601-0800,Mountain View Moffett Field Naval Air Station,"Mountain View, California, US",14.0,10.0,-9999.0,-9999.0,-9999.0,9.360000000000001,40,0,-9999.0,80.0,57.2,76.8
20240601-0900,Mountain View Moffett Field Naval Air Station,"Mountain View, California, US",14.0,11.0,-9999.0,-9999.0,-9999.0,7.5600000000000005,30,25,-9999.0,85.0,57.2,82.1
20240601-1000,Mountain View Moffett Field Naval Air Station,"Mountain View, California, US",13.0,10.0,-9999.0,-9999.0,-9999.0,7.5600000000000005,110,50,-9999.0,85.0,55.4,82.0
20240601-1100,Mountain View Moffett Field Naval Air Station,"Mountain View, California, US",12.0,10.0,-9999.0,-9999.0,-9999.0,7.5600000000000005,120,25,-9999.0,90.0,53.6,87.6
20240601-1200,Mountain View Moffett Field Naval Air Station,"Mountain View, California, US",12.0,10.0,-9999.0,-9999.0,-9999.0,7.5600000000000005,140,0,-9999.0,90.0,53.6,87.6
20240601-1300,Mountain View Moffett Field Naval Air Station,"Mountain View, California, US",12.0,10.0,-9999.0,-9999.0,-9999.0,9.360000000000001,140,0,-9999.0,90.0,53.6,87.6
20240601-1400,Mountain View Moffett Field Naval Air Station,"Mountain View, California, US",13.0,10.0,-9999.0,-9999.0,-9999.0,0.0,0,0,-9999.0,85.0,55.4,82.0
20240601-1500,Mountain View Moffett Field Naval Air Station,"Mountain View, California, US",15.0,11.0,-9999.0,-9999.0,-9999.0,9.360000000000001,130,0,-9999.0,80.0,59.0,77.0
20240601-1600,Mountain View Moffett Field Naval Air Station,"Mountain View, California, US",17.0,10.0,-9999.0,-9999.0,-9999.0,0.0,0,0,-9999.0,65.0,62.6,63.4
20240601-1700,Mountain View Moffett Field Naval Air Station,"Mountain View, California, US",18.0,9.0,-9999.0,-9999.0,-9999.0,0.0,0,0,-9999.0,55.0,64.4,55.6
20240601-1800,Mountain View Moffett Field Naval Air Station,"Mountain View, California, US",18.0,11.0,-9999.0,-9999.0,-9999.0,14.76,330,0,-9999.0,65.0,64.4,63.6
20240601-1900,Mountain View Moffett Field Naval Air Station,"Mountain View, California, US",18.0,10.0,-9999.0,-9999.0,-9999.0,20.520000000000003,340,0,-9999.0,60.0,64.4,59.5
20240601-2000,Mountain View Moffett Field Naval Air Station,"Mountain View, California, US",19.0,10.0,-9999.0,-9999.0,-9999.0,25.919999999999998,350,0,-9999.0,55.0,66.2,55.9
20240601-2100,Mountain View Moffett Field Naval Air Station,"Mountain View, California, US",20.0,10.0,-9999.0,-9999.0,-9999.0,27.72,340,0,-9999.0,50.0,68.0,52.5
20240601-2200,Mountain View Moffett Field Naval Air Station,"Mountain View, California, US",22.0,9.0,-9999.0,-9999.0,-9999.0,24.12,330,0,-9999.0,35.0,71.6,43.4
20240601-2300,Mountain View Moffett Field Naval Air Station,"Mountain View, California, US",21.0,7.0,-9999.0,-9999.0,-9999.0,22.32,330,0,-9999.0,30.0,69.8,40.3
20240602-0000,Mountain View Moffett Field Naval Air Station,"Mountain View, California, US",20.0,8.0,-9999.0,-9999.0,-9999.0,22.32,300,0,-9999.0,40.0,68.0,45.9
20240602-0100,Mountain View Moffett Field Naval Air Station,"Mountain View, California, US",20.0,9.0,-9999.0,-9999.0,-9999.0,18.36,280,0,-9999.0,45.0,68.0,49.1
20240602-0200,Mountain View Moffett Field Naval Air Station,"Mountain View, California, US",18.0,11.0,-9999.0,-9999.0,-9999.0,18.36,360,0,-9999.0,65.0,64.4,63.6
20240602-0300,Mountain View Moffett Field Naval Air Station,"Mountain View, California, US",18.0,8.0,-9999.0,-9999.0,-9999.0,22.32,340,0,-9999.0,50.0,64.4,52.0
20240602-0400,Mountain View Moffett Field Naval Air Station,"Mountain View, California, US",18.0,8.0,-9999.0,-9999.0,-9999.0,12.959999999999999,330,0,-9999.0,50.0,64.4,52.0
20240602-0500,Mountain View Moffett Field Naval Air Station,"Mountain View, California, US",17.0,10.0,-9999.0,-9999.0,-9999.0,0.0,0,0,-9999.0,65.0,62.6,63.4
20240602-0600,Mountain View Moffett Field Naval Air Station,"Mountain View, California, US",17.0,11.0,-9999.0,-9999.0,-9999.0,14.76,280,0,-9999.0,70.0,62.6,67.7
20240602-0700,Mountain View Moffett Field Naval Air Station,"Mountain View, California, US",17.0,11.0,-9999.0,-9999.0,-9999.0,9.360000000000001,280,0,-9999.0,70.0,62.6,67.7
20240602-0800,Mountain View Moffett Field Naval Air Station,"Mountain View, California, US",16.0,11.0,-9999.0,-9999.0,-9999.0,5.4,-9999,0,-9999.0,75.0,60.8,72.2
20240602-0900,Mountain View Moffett Field Naval Air Station,"Mountain View, California, US",15.0,12.0,-9999.0,-9999.0,-9999.0,11.16,180,0,-9999.0,85.0,59.0,82.2
20240602-1000,Mountain View Moffett Field Naval Air Station,"Mountain View, California, US",15.0,12.0,-9999.0,-9999.0,-9999.0,0.0,0,0,-9999.0,85.0,59.0,82.2
20240602-1100,Mountain View Moffett Field Naval Air Station,"Mountain View, California, US",15.0,12.0,-9999.0,-9999.0,-9999.0,0.0,0,25,-9999.0,85.0,59.0,82.2
20240602-1200,Mountain View Moffett Field Naval Air Station,"Mountain View, California, US",14.0,11.0,-9999.0,-9999.0,-9999.0,0.0,0,0,-9999.0,85.0,57.2,82.1
20240602-1300,Mountain View Moffett Field Naval Air Station,"Mountain View, California, US",14.0,11.0,-9999.0,-9999.0,-9999.0,0.0,0,25,-9999.0,85.0,57.2,82.1
20240602-1400,Mountain View Moffett Field Naval Air Station,"Mountain View, California, US",15.0,12.0,-9999.0,-9999.0,-9999.0,7.5600000000000005,150,0,-9999.0,85.0,59.0,82.2
20240602-1500,Mountain View Moffett Field Naval Air Station,"Mountain View, California, US",16.0,12.0,-9999.0,-9999.0,-9999.0,11.16,-9999,0,-9999.0,80.0,60.8,77.1
20240602-1600,Mountain View Moffett Field Naval Air Station,"Mountain View, California, US",17.0,12.0,-9999.0,-9999.0,-9999.0,7.5600000000000005,10,50,-9999.0,75.0,62.6,72.4
20240602-1700,Mountain View Moffett Field Naval Air Station,"Mountain View, California, US",17.0,12.0,-9999.0,-9999.0,-9999.0,18.36,360,25,-9999.0,75.0,62.6,72.4
20240602-1800,Mountain View Moffett Field Naval Air Station,"Mountain View, California, US",17.0,12.0,-9999.0,-9999.0,-9999.0,14.76,360,0,-9999.0,75.0,62.6,72.4
20240602-1900,Mountain View Moffett Field Naval Air Station,"Mountain View, California, US",18.0,13.0,-9999.0,-9999.0,-9999.0,22.32,10,0,-9999.0,75.0,64.4,72.6
20240602-2000,Mountain View Moffett Field Naval Air Station,"Mountain View, California, US",20.0,13.0,-9999.0,-9999.0,-9999.0,25.919999999999998,340,0,-9999.0,65.0,68.0,64.0
20240602-2100,Mountain View Moffett Field Naval Air Station,"Mountain View, California, US",20.0,12.0,-9999.0,-9999.0,-9999.0,24.12,340,0,-9999.0,60.0,68.0,60.0
20240602-2200,Mountain View Moffett Field Naval Air Station,"Mountain View, California, US",20.0,13.0,-9999.0,-9999.0,-9999.0,31.68,340,0,-9999.0,65.0,68.0,64.0
20240602-2300,Mountain View Moffett Field Naval Air Station,"Mountain View, California, US",20.0,14.0,-9999.0,-9999.0,-9999.0,33.480000000000004,340,0,-9999.0,70.0,68.0,68.4
20240603-0000,Mountain View Moffett Field Naval Air Station,"Mountain View, California, US",20.0,14.0,-9999.0,-9999.0,-9999.0,27.72,340,0,-9999.0,70.0,68.0,68.4
20240603-0100,Mountain View Moffett Field Naval Air Station,"Mountain View, California, US",21.0,13.0,-9999.0,-9999.0,-9999.0,18.36,320,0,-9999.0,60.0,69.8,60.2
20240603-0200,Mountain View Moffett Field Naval Air Station,"Mountain View, California, US",19.0,14.0,-9999.0,-9999.0,-9999.0,16.56,330,0,-9999.0,75.0,66.2,72.7
20240603-0300,Mountain View Moffett Field Naval Air Station,"Mountain View, California, US",18.0,14.0,-9999.0,-9999.0,-9999.0,16.56,330,0,-9999.0,80.0,64.4,77.4
20240603-0400,Mountain View Moffett Field Naval Air Station,"Mountain View, California, US",18.0,13.0,-9999.0,-9999.0,-9999.0,12.959999999999999,330,0,-9999.0,75.0,64.4,72.6
20240603-0500,Mountain View Moffett Field Naval Air Station,"Mountain View, California, US",17.0,14.0,-9999.0,-9999.0,-9999.0,12.959999999999999,360,0,-9999.0,85.0,62.6,82.5
20240603-0600,Mountain View Moffett Field Naval Air Station,"Mountain View, California, US",16.0,14.0,-9999.0,-9999.0,-9999.0,14.76,360,0,-9999.0,90.0,60.8,87.9
20240603-0700,Mountain View Moffett Field Naval Air Station,"Mountain View, California, US",16.0,14.0,-9999.0,-9999.0,-9999.0,11.16,80,0,-9999.0,90.0,60.8,87.9
20240603-0800,Mountain View Moffett Field Naval Air Station,"Mountain View, California, US",15.0,13.0,-9999.0,-9999.0,-9999.0,9.360000000000001,130,0,-9999.0,90.0,59.0,87.8
20240603-0900,Mountain View Moffett Field Naval Air Station,"Mountain View, California, US",15.0,13.0,-9999.0,-9999.0,-9999.0,7.5600000000000005,140,0,-9999.0,90.0,59.0,87.8
20240603-1000,Mountain View Moffett Field Naval Air Station,"Mountain View, California, US",16.0,14.0,-9999.0,-9999.0,-9999.0,9.360000000000001,360,-9999,-9999.0,90.0,60.8,87.9
20240603-1100,Mountain View Moffett Field Naval Air Station,"Mountain View, California, US",16.0,14.0,-9999.0,-9999.0,-9999.0,0.0,0,-9999,-9999.0,90.0,60.8,87.9
20240603-1200,Mountain View Moffett Field Naval Air Station,"Mountain View, California, US",16.0,14.0,-9999.0,-9999.0,-9999.0,5.4,-9999,-9999,-9999.0,90.0,60.8,87.9
20240603-1300,Mountain View Moffett Field Naval Air Station,"Mountain View, California, US",16.0,14.0,-9999.0,-9999.0,-9999.0,0.0,0,-9999,-9999.0,90.0,60.8,87.9
20240603-1400,Mountain View Moffett Field Naval Air Station,"Mountain View, California, US",16.0,15.0,-9999.0,-9999.0,-9999.0,7.5600000000000005,20,-9999,-9999.0,95.0,60.8,93.8
20240603-1500,Mountain View Moffett Field Naval Air Station,"Mountain View, California, US",18.0,14.0,-9999.0,-9999.0,-9999.0,0.0,0,-9999,-9999.0,80.0,64.4,77.4
20240603-1600,Mountain View Moffett Field Naval Air Station,"Mountain View, California, US",19.0,15.0,-9999.0,-9999.0,-9999.0,12.959999999999999,330,-9999,-9999.0,80.0,66.2,77.6
20240603-1700,Mountain View Moffett Field Naval Air Station,"Mountain View, California, US",19.0,15.0,-9999.0,-9999.0,-9999.0,24.12,340,0,-9999.0,80.0,66.2,77.6
20240603-1800,Mountain View Moffett Field Naval Air Station,"Mountain View, California, US",22.0,15.0,-9999.0,-9999.0,-9999.0,12.959999999999999,320,25,-9999.0,65.0,71.6,64.5
20240603-1900,Mountain View Moffett Field Naval Air Station,"Mountain View, California, US",21.0,15.0,-9999.0,-9999.0,-9999.0,24.12,320,0,-9999.0,70.0,69.8,68.6
20240603-2000,Mountain View Moffett Field Naval Air Station,"Mountain View, California, US",22.0,15.0,-9999.0,-9999.0,-9999.0,12.959999999999999,290,25,-9999.0,65.0,71.6,64.5
20240603-2200,Mountain View Moffett Field Naval Air Station,"Mountain View, California, US",23.0,15.0,-9999.0,-9999.0,-9999.0,12.959999999999999,280,0,-9999.0,60.0,73.4,60.7
20240603-2300,Mountain View Moffett Field Naval Air Station,"Mountain View, California, US",24.0,13.0,-9999.0,-9999.0,-9999.0,18.36,320,0,-9999.0,45.0,75.2,50.2
20240604-0000,Mountain View Moffett Field Naval Air Station,"Mountain View, California, US",22.0,13.0,-9999.0,-9999.0,-9999.0,18.36,310,0,-9999.0,55.0,71.6,56.6
20240604-0100,Mountain View Moffett Field Naval Air Station,"Mountain View, California, US",21.0,12.0,-9999.0,-9999.0,-9999.0,24.12,310,0,-9999.0,55.0,69.8,56.4
20240604-0200,Mountain View Moffett Field Naval Air Station,"Mountain View, California, US",19.0,10.0,-9999.0,-9999.0,-9999.0,22.32,330,0,-9999.0,55.0,66.2,55.9
20240604-0300,Mountain View Moffett Field Naval Air Station,"Mountain View, California, US",17.0,11.0,-9999.0,-9999.0,-9999.0,20.520000000000003,350,0,-9999.0,70.0,62.6,67.7
20240604-0400,Mountain View Moffett Field Naval Air Station,"Mountain View, California, US",16.0,10.0,-9999.0,-9999.0,-9999.0,11.16,280,0,-9999.0,70.0,60.8,67.5
20240604-0500,Mountain View Moffett Field Naval Air Station,"Mountain View, California, US",15.0,9.0,-9999.0,-9999.0,-9999.0,16.56,330,0,-9999.0,70.0,59.0,67.3
20240604-0600,Mountain View Moffett Field Naval Air Station,"Mountain View, California, US",15.0,10.0,-9999.0,-9999.0,-9999.0,5.4,50,0,-9999.0,75.0,59.0,72.0
20240604-0700,Mountain View Moffett Field Naval Air Station,"Mountain View, California, US",14.0,11.0,-9999.0,-9999.0,-9999.0,11.16,30,0,-9999.0,85.0,57.2,82.1
20240604-0800,Mountain View Moffett Field Naval Air Station,"Mountain View, California, US",14.0,11.0,-9999.0,-9999.0,-9999.0,0.0,0,0,-9999.0,85.0,57.2,82.1
20240604-0900,Mountain View Moffett Field Naval Air Station,"Mountain View, California, US",14.0,11.0,-9999.0,-9999.0,-9999.0,0.0,0,0,-9999.0,85.0,57.2,82.1
20240604-1000,Mountain View Moffett Field Naval Air Station,"Mountain View, California, US",14.0,11.0,-9999.0,-9999.0,-9999.0,0.0,0,0,-9999.0,85.0,57.2,82.1
20240604-1100,Mountain View Moffett Field Naval Air Station,"Mountain View, California, US",-9999.0,-9999.0,-9999.0,-9999.0,-9999.0,7.5600000000000005,250,-9999,-9999.0,100.0,-17966.2,100.0
20240604-1200,Mountain View Moffett Field Naval Air Station,"Mountain View, California, US",14.0,10.0,-9999.0,-9999.0,-9999.0,0.0,0,0,-9999.0,80.0,57.2,76.8
20240604-1300,Mountain View Moffett Field Naval Air Station,"Mountain View, California, US",14.0,10.0,-9999.0,-9999.0,-9999.0,0.0,0,0,-9999.0,80.0,57.2,76.8
20240604-1400,Mountain View Moffett Field Naval Air Station,"Mountain View, California, US",15.0,11.0,-9999.0,-9999.0,-9999.0,0.0,0,0,-9999.0,80.0,59.0,77.0
20240604-1500,Mountain View Moffett Field Naval Air Station,"Mountain View, California, US",18.0,11.0,-9999.0,-9999.0,-9999.0,0.0,0,0,-9999.0,65.0,64.4,63.6
20240604-1600,Mountain View Moffett Field Naval Air Station,"Mountain View, California, US",19.0,12.0,-9999.0,-9999.0,-9999.0,0.0,0,0,-9999.0,65.0,66.2,63.8
20240604-1700,Mountain View Moffett Field Naval Air Station,"Mountain View, California, US",21.0,13.0,-9999.0,-9999.0,-9999.0,11.16,350,0,-9999.0,60.0,69.8,60.2
20240604-1800,Mountain View Moffett Field Naval Air Station,"Mountain View, California, US",23.0,13.0,-9999.0,-9999.0,-9999.0,20.520000000000003,340,0,-9999.0,50.0,73.4,53.3
20240604-1900,Mountain View Moffett Field Naval Air Station,"Mountain View, California, US",25.0,14.0,-9999.0,-9999.0,-9999.0,18.36,360,0,-9999.0,45.0,77.0,50.4
20240604-2000,Mountain View Moffett Field Naval Air Station,"Mountain View, California, US",27.0,14.0,-9999.0,-9999.0,-9999.0,20.520000000000003,340,0,-9999.0,35.0,80.6,44.8
20240604-2100,Mountain View Moffett Field Naval Air Station,"Mountain View, California, US",25.0,13.0,-9999.0,-9999.0,-9999.0,22.32,350,0,-9999.0,40.0,77.0,47.3
20240604-2200,Mountain View Moffett Field Naval Air Station,"Mountain View, California, US",27.0,14.0,-9999.0,-9999.0,-9999.0,24.12,350,0,-9999.0,35.0,80.6,44.8
20240604-2300,Mountain View Moffett Field Naval Air Station,"Mountain View, California, US",26.0,15.0,-9999.0,-9999.0,-9999.0,18.36,340,0,-9999.0,45.0,78.8,50.7
20240605-0000,Mountain View Moffett Field Naval Air Station,"Mountain View, California, US",26.0,15.0,-9999.0,-9999.0,-9999.0,20.520000000000003,350,0,-9999.0,45.0,78.8,50.7
20240605-0100,Mountain View Moffett Field Naval Air Station,"Mountain View, California, US",25.0,15.0,-9999.0,-9999.0,-9999.0,22.32,340,0,-9999.0,50.0,77.0,53.8
20240605-0200,Mountain View Moffett Field Naval Air Station,"Mountain View, California, US",24.0,15.0,-9999.0,-9999.0,-9999.0,18.36,330,0,-9999.0,55.0,75.2,57.1
20240605-0300,Mountain View Moffett Field Naval Air Station,"Mountain View, California, US",24.0,16.0,-9999.0,-9999.0,-9999.0,16.56,340,0,-9999.0,60.0,75.2,60.9
20240605-0400,Mountain View Moffett Field Naval Air Station,"Mountain View, California, US",22.0,15.0,-9999.0,-9999.0,-9999.0,14.76,10,0,-9999.0,65.0,71.6,64.5
20240605-0500,Mountain View Moffett Field Naval Air Station,"Mountain View, California, US",20.0,15.0,-9999.0,-9999.0,-9999.0,9.360000000000001,10,0,-9999.0,75.0,68.0,72.9
20240605-0600,Mountain View Moffett Field Naval Air Station,"Mountain View, California, US",20.0,14.0,-9999.0,-9999.0,-9999.0,0.0,0,0,-9999.0,70.0,68.0,68.4
20240605-0700,Mountain View Moffett Field Naval Air Station,"Mountain View, California, US",20.0,14.0,-9999.0,-9999.0,-9999.0,0.0,0,0,-9999.0,70.0,68.0,68.4
20240605-0800,Mountain View Moffett Field Naval Air Station,"Mountain View, California, US",19.0,14.0,-9999.0,-9999.0,-9999.0,5.4,350,0,-9999.0,75.0,66.2,72.7
20240605-0900,Mountain View Moffett Field Naval Air Station,"Mountain View, California, US",19.0,14.0,-9999.0,-9999.0,-9999.0,0.0,0,0,-9999.0,75.0,66.2,72.7
20240605-1000,Mountain View Moffett Field Naval Air Station,"Mountain View, California, US",19.0,14.0,-9999.0,-9999.0,-9999.0,0.0,0,0,-9999.0,75.0,66.2,72.7
20240605-1100,Mountain View Moffett Field Naval Air Station,"Mountain View, California, US",19.0,14.0,-9999.0,-9999.0,-9999.0,7.5600000000000005,310,0,-9999.0,75.0,66.2,72.7
20240605-1200,Mountain View Moffett Field Naval Air Station,"Mountain View, California, US",18.0,15.0,-9999.0,-9999.0,-9999.0,0.0,0,0,-9999.0,85.0,64.4,82.6
20240605-1300,Mountain View Moffett Field Naval Air Station,"Mountain View, California, US",18.0,14.0,-9999.0,-9999.0,-9999.0,0.0,0,0,-9999.0,80.0,64.4,77.4
20240605-1400,Mountain View Moffett Field Naval Air Station,"Mountain View, California, US",19.0,15.0,-9999.0,-9999.0,-9999.0,7.5600000000000005,20,0,-9999.0,80.0,66.2,77.6
20240605-1500,Mountain View Moffett Field Naval Air Station,"Mountain View, California, US",20.0,15.0,-9999.0,-9999.0,-9999.0,5.4,30,0,-9999.0,75.0,68.0,72.9
20240605-1600,Mountain View Moffett Field Naval Air Station,"Mountain View, California, US",22.0,15.0,-9999.0,-9999.0,-9999.0,0.0,0,0,-9999.0,65.0,71.6,64.5
20240605-1700,Mountain View Moffett Field Naval Air Station,"Mountain View, California, US",25.0,15.0,-9999.0,-9999.0,-9999.0,5.4,-9999,0,-9999.0,50.0,77.0,53.8
20240605-1800,Mountain View Moffett Field Naval Air Station,"Mountain View, California, US",26.0,15.0,-9999.0,-9999.0,-9999.0,9.360000000000001,350,0,-9999.0,45.0,78.8,50.7
20240605-1900,Mountain View Moffett Field Naval Air Station,"Mountain View, California, US",27.0,15.0,-9999.0,-9999.0,-9999.0,9.360000000000001,340,0,-9999.0,40.0,80.6,47.8
20240605-2000,Mountain View Moffett Field Naval Air Station,"Mountain View, California, US",28.0,13.0,-9999.0,-9999.0,-9999.0,18.36,340,0,-9999.0,25.0,82.4,39.6
20240605-2100,Mountain View Moffett Field Naval Air Station,"Mountain View, California, US",28.0,13.0,-9999.0,-9999.0,-9999.0,18.36,350,0,-9999.0,25.0,82.4,39.6
20240605-2200,Mountain View Moffett Field Naval Air Station,"Mountain View, California, US",28.0,14.0,-9999.0,-9999.0,-9999.0,20.520000000000003,340,0,-9999.0,30.0,82.4,42.2
20240605-2300,Mountain View Moffett Field Naval Air Station,"Mountain View, California, US",28.0,14.0,-9999.0,-9999.0,-9999.0,20.520000000000003,340,0,-9999.0,30.0,82.4,42.2
20240606-0000,Mountain View Moffett Field Naval Air Station,"Mountain View, California, US",26.0,15.0,-9999.0,-9999.0,-9999.0,22.32,340,0,-9999.0,45.0,78.8,50.7
20240606-0100,Mountain View Moffett Field Naval Air Station,"Mountain View, California, US",26.0,15.0,-9999.0,-9999.0,-9999.0,24.12,340,0,-9999.0,45.0,78.8,50.7
20240606-0200,Mountain View Moffett Field Naval Air Station,"Mountain View, California, US",25.0,15.0,-9999.0,-9999.0,-9999.0,9.360000000000001,320,0,-9999.0,50.0,77.0,53.8
20240606-0300,Mountain View Moffett Field Naval Air Station,"Mountain View, California, US",23.0,15.0,-9999.0,-9999.0,-9999.0,12.959999999999999,320,0,-9999.0,60.0,73.4,60.7
20240606-0400,Mountain View Moffett Field Naval Air Station,"Mountain View, California, US",20.0,14.0,-9999.0,-9999.0,-9999.0,9.360000000000001,320,25,-9999.0,70.0,68.0,68.4
20240606-0500,Mountain View Moffett Field Naval Air Station,"Mountain View, California, US",19.0,14.0,-9999.0,-9999.0,-9999.0,7.5600000000000005,330,0,-9999.0,75.0,66.2,72.7
20240606-0600,Mountain View Moffett Field Naval Air Station,"Mountain View, California, US",19.0,14.0,-9999.0,-9999.0,-9999.0,7.5600000000000005,310,25,-9999.0,75.0,66.2,72.7
20240606-0700,Mountain View Moffett Field Naval Air Station,"Mountain View, California, US",18.0,14.0,-9999.0,-9999.0,-9999.0,9.360000000000001,330,0,-9999.0,80.0,64.4,77.4
20240606-0800,Mountain View Moffett Field Naval Air Station,"Mountain View, California, US",18.0,13.0,-9999.0,-9999.0,-9999.0,0.0,0,0,-9999.0,75.0,64.4,72.6
20240606-0900,Mountain View Moffett Field Naval Air Station,"Mountain View, California, US",17.0,13.0,-9999.0,-9999.0,-9999.0,7.5600000000000005,280,0,-9999.0,80.0,62.6,77.3
20240606-1000,Mountain View Moffett Field Naval Air Station,"Mountain View, California, US",17.0,13.0,-9999.0,-9999.0,-9999.0,5.4,290,0,-9999.0,80.0,62.6,77.3
20240606-1100,Mountain View Moffett Field Naval Air Station,"Mountain View, California, US",16.0,13.0,-9999.0,-9999.0,-9999.0,0.0,0,25,-9999.0,85.0,60.8,82.4
20240606-1200,Mountain View Moffett Field Naval Air Station,"Mountain View, California, US",16.0,13.0,-9999.0,-9999.0,-9999.0,0.0,0,0,-9999.0,85.0,60.8,82.4
20240606-1300,Mountain View Moffett Field Naval Air Station,"Mountain View, California, US",16.0,13.0,-9999.0,-9999.0,-9999.0,0.0,0,0,-9999.0,85.0,60.8,82.4
20240606-1400,Mountain View Moffett Field Naval Air Station,"Mountain View, California, US",16.0,12.0,-9999.0,-9999.0,-9999.0,11.16,360,0,-9999.0,80.0,60.8,77.1
20240606-1500,Mountain View Moffett Field Naval Air Station,"Mountain View, California, US",17.0,13.0,-9999.0,-9999.0,-9999.0,0.0,0,0,-9999.0,80.0,62.6,77.3
20240606-1600,Mountain View Moffett Field Naval Air Station,"Mountain View, California, US",18.0,13.0,-9999.0,-9999.0,-9999.0,11.16,350,0,-9999.0,75.0,64.4,72.6
20240606-1700,Mountain View Moffett Field Naval Air Station,"Mountain View, California, US",19.0,14.0,-9999.0,-9999.0,-9999.0,9.360000000000001,-9999,0,-9999.0,75.0,66.2,72.7
20240606-1800,Mountain View Moffett Field Naval Air Station,"Mountain View, California, US",21.0,14.0,-9999.0,-9999.0,-9999.0,14.76,340,0,-9999.0,65.0,69.8,64.3
20240606-1900,Mountain View Moffett Field Naval Air Station,"Mountain View, California, US",21.0,14.0,-9999.0,-9999.0,-9999.0,22.32,350,0,-9999.0,65.0,69.8,64.3
20240606-2000,Mountain View Moffett Field Naval Air Station,"Mountain View, California, US",20.0,13.0,-9999.0,-9999.0,-9999.0,24.12,350,0,-9999.0,65.0,68.0,64.0
20240606-2100,Mountain View Moffett Field Naval Air Station,"Mountain View, California, US",21.0,13.0,-9999.0,-9999.0,-9999.0,24.12,340,0,-9999.0,60.0,69.8,60.2
20240606-2200,Mountain View Moffett Field Naval Air Station,"Mountain View, California, US",21.0,13.0,-9999.0,-9999.0,-9999.0,29.52,350,0,-9999.0,60.0,69.8,60.2
20240606-2300,Mountain View Moffett Field Naval Air Station,"Mountain View, California, US",20.0,14.0,-9999.0,-9999.0,-9999.0,22.32,340,0,-9999.0,70.0,68.0,68.4
20240607-0000,Mountain View Moffett Field Naval Air Station,"Mountain View, California, US",20.0,13.0,-9999.0,-9999.0,-9999.0,20.520000000000003,340,0,-9999.0,65.0,68.0,64.0
20240607-0100,Mountain View Moffett Field Naval Air Station,"Mountain View, California, US",19.0,13.0,-9999.0,-9999.0,-9999.0,22.32,340,0,-9999.0,70.0,66.2,68.2
20240607-0200,Mountain View Moffett Field Naval Air Station,"Mountain View, California, US",18.0,13.0,-9999.0,-9999.0,-9999.0,16.56,320,0,-9999.0,75.0,64.4,72.6
20240607-0300,Mountain View Moffett Field Naval Air Station,"Mountain View, California, US",17.0,14.0,-9999.0,-9999.0,-9999.0,11.16,320,0,-9999.0,85.0,62.6,82.5
20240607-0400,Mountain View Moffett Field Naval Air Station,"Mountain View, California, US",16.0,13.0,-9999.0,-9999.0,-9999.0,5.4,310,0,-9999.0,85.0,60.8,82.4
20240607-0500,Mountain View Moffett Field Naval Air Station,"Mountain View, California, US",16.0,13.0,-9999.0,-9999.0,-9999.0,7.5600000000000005,320,0,-9999.0,85.0,60.8,82.4
20240607-0600,Mountain View Moffett Field Naval Air Station,"Mountain View, California, US",16.0,13.0,-9999.0,-9999.0,-9999.0,12.959999999999999,350,0,-9999.0,85.0,60.8,82.4
20240607-0700,Mountain View Moffett Field Naval Air Station,"Mountain View, California, US",16.0,13.0,-9999.0,-9999.0,-9999.0,11.16,330,0,-9999.0,85.0,60.8,82.4
20240607-0800,Mountain View Moffett Field Naval Air Station,"Mountain View, California, US",15.0,13.0,-9999.0,-9999.0,-9999.0,0.0,0,0,-9999.0,90.0,59.0,87.8
20240607-0900,Mountain View Moffett Field Naval Air Station,"Mountain View, California, US",15.0,12.0,-9999.0,-9999.0,-9999.0,5.4,10,0,-9999.0,85.0,59.0,82.2
20240607-1000,Mountain View Moffett Field Naval Air Station,"Mountain View, California, US",15.0,13.0,-9999.0,-9999.0,-9999.0,0.0,0,0,-9999.0,90.0,59.0,87.8
20240607-1100,Mountain View Moffett Field Naval Air Station,"Mountain View, California, US",15.0,12.0,-9999.0,-9999.0,-9999.0,0.0,0,0,-9999.0,85.0,59.0,82.2
20240607-1200,Mountain View Moffett Field Naval Air Station,"Mountain View, California, US",15.0,12.0,-9999.0,-9999.0,-9999.0,0.0,0,50,-9999.0,85.0,59.0,82.2
20240607-1300,Mountain View Moffett Field Naval Air Station,"Mountain View, California, US",14.0,12.0,-9999.0,-9999.0,-9999.0,0.0,0,-9999,-9999.0,90.0,57.2,87.7
20240607-1400,Mountain View Moffett Field Naval Air Station,"Mountain View, California, US",14.0,11.0,-9999.0,-9999.0,-9999.0,7.5600000000000005,140,25,-9999.0,85.0,57.2,82.1
20240607-1500,Mountain View Moffett Field Naval Air Station,"Mountain View, California, US",16.0,11.0,-9999.0,-9999.0,-9999.0,0.0,0,0,-9999.0,75.0,60.8,72.2
20240607-1600,Mountain View Moffett Field Naval Air Station,"Mountain View, California, US",18.0,12.0,-9999.0,-9999.0,-9999.0,0.0,0,0,-9999.0,70.0,64.4,68.0
20240607-1700,Mountain View Moffett Field Naval Air Station,"Mountain View, California, US",19.0,12.0,-9999.0,-9999.0,-9999.0,5.4,330,0,-9999.0,65.0,66.2,63.8
20240607-1800,Mountain View Moffett Field Naval Air Station,"Mountain View, California, US",21.0,14.0,-9999.0,-9999.0,-9999.0,16.56,360,0,-9999.0,65.0,69.8,64.3
20240607-1900,Mountain View Moffett Field Naval Air Station,"Mountain View, California, US",21.0,14.0,-9999.0,-9999.0,-9999.0,14.76,360,0,-9999.0,65.0,69.8,64.3
20240607-2000,Mountain View Moffett Field Naval Air Station,"Mountain View, California, US",22.0,14.0,-9999.0,-9999.0,-9999.0,24.12,340,0,-9999.0,60.0,71.6,60.4
20240607-2100,Mountain View Moffett Field Naval Air Station,"Mountain View, California, US",22.0,14.0,-9999.0,-9999.0,-9999.0,27.72,340,0,-9999.0,60.0,71.6,60.4
20240607-2200,Mountain View Moffett Field Naval Air Station,"Mountain View, California, US",22.0,14.0,-9999.0,-9999.0,-9999.0,27.72,340,0,-9999.0,60.0,71.6,60.4
20240607-2300,Mountain View Moffett Field Naval Air Station,"Mountain View, California, US",21.0,13.0,-9999.0,-9999.0,-9999.0,29.52,340,0,-9999.0,60.0,69.8,60.2
20240608-0000,Mountain View Moffett Field Naval Air Station,"Mountain View, California, US",21.0,13.0,-9999.0,-9999.0,-9999.0,24.12,340,0,-9999.0,60.0,69.8,60.2
20240608-0100,Mountain View Moffett Field Naval Air Station,"Mountain View, California, US",20.0,13.0,-9999.0,-9999.0,-9999.0,25.919999999999998,340,0,-9999.0,65.0,68.0,64.0
20240608-0200,Mountain View Moffett Field Naval Air Station,"Mountain View, California, US",19.0,13.0,-9999.0,-9999.0,-9999.0,22.32,340,0,-9999.0,70.0,66.2,68.2
20240608-0300,Mountain View Moffett Field Naval Air Station,"Mountain View, California, US",18.0,13.0,-9999.0,-9999.0,-9999.0,20.520000000000003,350,0,-9999.0,75.0,64.4,72.6
20240608-0400,Mountain View Moffett Field Naval Air Station,"Mountain View, California, US",16.0,12.0,-9999.0,-9999.0,-9999.0,18.36,10,0,-9999.0,80.0,60.8,77.1
20240608-0500,Mountain View Moffett Field Naval Air Station,"Mountain View, California, US",16.0,13.0,-9999.0,-9999.0,-9999.0,12.959999999999999,30,0,-9999.0,85.0,60.8,82.4
20240608-0600,Mountain View Moffett Field Naval Air Station,"Mountain View, California, US",16.0,13.0,-9999.0,-9999.0,-9999.0,14.76,20,0,-9999.0,85.0,60.8,82.4
20240608-0700,Mountain View Moffett Field Naval Air Station,"Mountain View, California, US",15.0,12.0,-9999.0,-9999.0,-9999.0,9.360000000000001,320,-9999,-9999.0,85.0,59.0,82.2
20240608-0800,Mountain View Moffett Field Naval Air Station,"Mountain View, California, US",15.0,11.0,-9999.0,-9999.0,-9999.0,0.0,0,-9999,-9999.0,80.0,59.0,77.0
20240608-0900,Mountain View Moffett Field Naval Air Station,"Mountain View, California, US",15.0,11.0,-9999.0,-9999.0,-9999.0,9.360000000000001,140,-9999,-9999.0,80.0,59.0,77.0
20240608-1000,Mountain View Moffett Field Naval Air Station,"Mountain View, California, US",14.0,11.0,-9999.0,-9999.0,-9999.0,5.4,120,-9999,-9999.0,85.0,57.2,82.1
20240608-1100,Mountain View Moffett Field Naval Air Station,"Mountain View, California, US",14.0,11.0,-9999.0,-9999.0,-9999.0,0.0,0,-9999,-9999.0,85.0,57.2,82.1
20240608-1200,Mountain View Moffett Field Naval Air Station,"Mountain View, California, US",14.0,11.0,-9999.0,-9999.0,-9999.0,7.5600000000000005,140,0,-9999.0,85.0,57.2,82.1
20240608-1300,Mountain View Moffett Field Naval Air Station,"Mountain View, California, US",14.0,11.0,-9999.0,-9999.0,-9999.0,0.0,0,25,-9999.0,85.0,57.2,82.1
20240608-1400,Mountain View Moffett Field Naval Air Station,"Mountain View, California, US",14.0,11.0,-9999.0,-9999.0,-9999.0,0.0,0,0,-9999.0,85.0,57.2,82.1
20240608-1500,Mountain View Moffett Field Naval Air Station,"Mountain View, California, US",16.0,11.0,-9999.0,-9999.0,-9999.0,0.0,0,25,-9999.0,75.0,60.8,72.2
20240608-1600,Mountain View Moffett Field Naval Air Station,"Mountain View, California, US",18.0,11.0,-9999.0,-9999.0,-9999.0,0.0,0,0,-9999.0,65.0,64.4,63.6
20240608-1700,Mountain View Moffett Field Naval Air Station,"Mountain View, California, US",20.0,11.0,-9999.0,-9999.0,-9999.0,0.0,0,0,-9999.0,55.0,68.0,56.1
20240608-1800,Mountain View Moffett Field Naval Air Station,"Mountain View, California, US",21.0,12.0,-9999.0,-9999.0,-9999.0,0.0,0,0,-9999.0,55.0,69.8,56.4
20240608-1900,Mountain View Moffett Field Naval Air Station,"Mountain View, California, US",20.0,13.0,-9999.0,-9999.0,-9999.0,20.520000000000003,350,0,-9999.0,65.0,68.0,64.0
20240608-2000,Mountain View Moffett Field Naval Air Station,"Mountain View, California, US",19.0,13.0,-9999.0,-9999.0,-9999.0,24.12,340,0,-9999.0,70.0,66.2,68.2
20240608-2100,Mountain View Moffett Field Naval Air Station,"Mountain View, California, US",20.0,13.0,-9999.0,-9999.0,-9999.0,27.72,360,0,-9999.0,65.0,68.0,64.0
20240608-2200,Mountain View Moffett Field Naval Air Station,"Mountain View, California, US",20.0,12.0,-9999.0,-9999.0,-9999.0,27.72,340,0,-9999.0,60.0,68.0,60.0
20240608-2300,Mountain View Moffett Field Naval Air Station,"Mountain View, California, US",21.0,11.0,-9999.0,-9999.0,-9999.0,24.12,340,0,-9999.0,50.0,69.8,52.8
20240609-0000,Mountain View Moffett Field Naval Air Station,"Mountain View, California, US",23.0,10.0,-9999.0,-9999.0,-9999.0,12.959999999999999,40,0,-9999.0,35.0,73.4,43.7
20240609-0100,Mountain View Moffett Field Naval Air Station,"Mountain View, California, US",19.0,11.0,-9999.0,-9999.0,-9999.0,24.12,340,0,-9999.0,60.0,66.2,59.7
20240609-0200,Mountain View Moffett Field Naval Air Station,"Mountain View, California, US",20.0,9.0,-9999.0,-9999.0,-9999.0,24.12,360,0,-9999.0,45.0,68.0,49.1
20240609-0300,Mountain View Moffett Field Naval Air Station,"Mountain View, California, US",20.0,6.0,-9999.0,-9999.0,-9999.0,16.56,340,0,-9999.0,30.0,68.0,40.0
20240609-0400,Mountain View Moffett Field Naval Air Station,"Mountain View, California, US",17.0,8.0,-9999.0,-9999.0,-9999.0,9.360000000000001,20,0,-9999.0,55.0,62.6,55.4
20240609-0500,Mountain View Moffett Field Naval Air Station,"Mountain View, California, US",17.0,6.0,-9999.0,-9999.0,-9999.0,0.0,0,0,-9999.0,45.0,62.6,48.3
20240609-0600,Mountain View Moffett Field Naval Air Station,"Mountain View, California, US",16.0,9.0,-9999.0,-9999.0,-9999.0,11.16,330,0,-9999.0,65.0,60.8,63.1
20240609-0700,Mountain View Moffett Field Naval Air Station,"Mountain View, California, US",16.0,10.0,-9999.0,-9999.0,-9999.0,9.360000000000001,70,0,-9999.0,70.0,60.8,67.5
20240609-0800,Mountain View Moffett Field Naval Air Station,"Mountain View, California, US",15.0,10.0,-9999.0,-9999.0,-9999.0,12.959999999999999,110,0,-9999.0,75.0,59.0,72.0
20240609-0900,Mountain View Moffett Field Naval Air Station,"Mountain View, California, US",14.0,11.0,-9999.0,-9999.0,-9999.0,11.16,130,0,-9999.0,85.0,57.2,82.1
20240609-1000,Mountain View Moffett Field Naval Air Station,"Mountain View, California, US",14.0,11.0,-9999.0,-9999.0,-9999.0,9.360000000000001,-9999,0,-9999.0,85.0,57.2,82.1
20240609-1100,Mountain View Moffett Field Naval Air Station,"Mountain View, California, US",14.0,11.0,-9999.0,-9999.0,-9999.0,7.5600000000000005,-9999,0,-9999.0,85.0,57.2,82.1
20240609-1200,Mountain View Moffett Field Naval Air Station,"Mountain View, California, US",14.0,11.0,-9999.0,-9999.0,-9999.0,5.4,150,0,-9999.0,85.0,57.2,82.1
20240609-1300,Mountain View Moffett Field Naval Air Station,"Mountain View, California, US",14.0,10.0,-9999.0,-9999.0,-9999.0,11.16,160,0,-9999.0,80.0,57.2,76.8
20240609-1400,Mountain View Moffett Field Naval Air Station,"Mountain View, California, US",14.0,10.0,-9999.0,-9999.0,-9999.0,5.4,180,0,-9999.0,80.0,57.2,76.8
20240609-1500,Mountain View Moffett Field Naval Air Station,"Mountain View, California, US",15.0,10.0,-9999.0,-9999.0,-9999.0,0.0,0,0,-9999.0,75.0,59.0,72.0
20240609-1600,Mountain View Moffett Field Naval Air Station,"Mountain View, California, US",17.0,10.0,-9999.0,-9999.0,-9999.0,0.0,0,0,-9999.0,65.0,62.6,63.4
20240609-1700,Mountain View Moffett Field Naval Air Station,"Mountain View, California, US",18.0,11.0,-9999.0,-9999.0,-9999.0,9.360000000000001,40,0,-9999.0,65.0,64.4,63.6
20240609-1800,Mountain View Moffett Field Naval Air Station,"Mountain View, California, US",20.0,11.0,-9999.0,-9999.0,-9999.0,11.16,-9999,0,-9999.0,55.0,68.0,56.1
20240609-1900,Mountain View Moffett Field Naval Air Station,"Mountain View, California, US",22.0,11.0,-9999.0,-9999.0,-9999.0,9.360000000000001,360,0,-9999.0,45.0,71.6,49.6
20240609-2000,Mountain View Moffett Field Naval Air Station,"Mountain View, California, US",21.0,12.0,-9999.0,-9999.0,-9999.0,16.56,350,0,-9999.0,55.0,69.8,56.4
20240609-2100,Mountain View Moffett Field Naval Air Station,"Mountain View, California, US",20.0,12.0,-9999.0,-9999.0,-9999.0,25.919999999999998,350,0,-9999.0,60.0,68.0,60.0
20240609-2200,Mountain View Moffett Field Naval Air Station,"Mountain View, California, US",21.0,12.0,-9999.0,-9999.0,-9999.0,31.68,350,0,-9999.0,55.0,69.8,56.4
20240609-2300,Mountain View Moffett Field Naval Air Station,"Mountain View, California, US",20.0,12.0,-9999.0,-9999.0,-9999.0,27.72,350,0,-9999.0,60.0,68.0,60.0
20240610-0000,Mountain View Moffett Field Naval Air Station,"Mountain View, California, US",20.0,10.0,-9999.0,-9999.0,-9999.0,27.72,350,0,-9999.0,50.0,68.0,52.5
20240610-0100,Mountain View Moffett Field Naval Air Station,"Mountain View, California, US",19.0,10.0,-9999.0,-9999.0,-9999.0,29.52,340,0,-9999.0,55.0,66.2,55.9
20240610-0200,Mountain View Moffett Field Naval Air Station,"Mountain View, California, US",19.0,10.0,-9999.0,-9999.0,-9999.0,22.32,340,0,-9999.0,55.0,66.2,55.9
20240610-0300,Mountain View Moffett Field Naval Air Station,"Mountain View, California, US",19.0,9.0,-9999.0,-9999.0,-9999.0,7.5600000000000005,340,0,-9999.0,50.0,66.2,52.2
20240610-0400,Mountain View Moffett Field Naval Air Station,"Mountain View, California, US",16.0,11.0,-9999.0,-9999.0,-9999.0,16.56,340,0,-9999.0,75.0,60.8,72.2
20240610-0500,Mountain View Moffett Field Naval Air Station,"Mountain View, California, US",15.0,12.0,-9999.0,-9999.0,-9999.0,18.36,10,0,-9999.0,85.0,59.0,82.2
20240610-0600,Mountain View Moffett Field Naval Air Station,"Mountain View, California, US",15.0,10.0,-9999.0,-9999.0,-9999.0,7.5600000000000005,340,0,-9999.0,75.0,59.0,72.0
20240610-0700,Mountain View Moffett Field Naval Air Station,"Mountain View, California, US",14.0,11.0,-9999.0,-9999.0,-9999.0,12.959999999999999,20,0,-9999.0,85.0,57.2,82.1
20240610-0800,Mountain View Moffett Field Naval Air Station,"Mountain View, California, US",14.0,11.0,-9999.0,-9999.0,-9999.0,5.4,60,50,-9999.0,85.0,57.2,82.1
20240610-0900,Mountain View Moffett Field Naval Air Station,"Mountain View, California, US",14.0,11.0,-9999.0,-9999.0,-9999.0,7.5600000000000005,70,-9999,-9999.0,85.0,57.2,82.1
20240610-1000,Mountain View Moffett Field Naval Air Station,"Mountain View, California, US",15.0,11.0,-9999.0,-9999.0,-9999.0,0.0,0,-9999,-9999.0,80.0,59.0,77.0
20240610-1100,Mountain View Moffett Field Naval Air Station,"Mountain View, California, US",14.0,11.0,-9999.0,-9999.0,-9999.0,0.0,0,-9999,-9999.0,85.0,57.2,82.1
20240610-1200,Mountain View Moffett Field Naval Air Station,"Mountain View, California, US",14.0,12.0,-9999.0,-9999.0,-9999.0,0.0,0,-9999,-9999.0,90.0,57.2,87.7
20240610-1300,Mountain View Moffett Field Naval Air Station,"Mountain View, California, US",14.0,11.0,-9999.0,-9999.0,-9999.0,0.0,0,-9999,-9999.0,85.0,57.2,82.1
20240610-1400,Mountain View Moffett Field Naval Air Station,"Mountain View, California, US",14.0,11.0,-9999.0,-9999.0,-9999.0,11.16,130,-9999,-9999.0,85.0,57.2,82.1
20240610-1500,Mountain View Moffett Field Naval Air Station,"Mountain View, California, US",16.0,11.0,-9999.0,-9999.0,-9999.0,7.5600000000000005,120,50,-9999.0,75.0,60.8,72.2
20240610-1600,Mountain View Moffett Field Naval Air Station,"Mountain View, California, US",17.0,11.0,-9999.0,-9999.0,-9999.0,9.360000000000001,-9999,0,-9999.0,70.0,62.6,67.7
20240610-1700,Mountain View Moffett Field Naval Air Station,"Mountain View, California, US",18.0,11.0,-9999.0,-9999.0,-9999.0,0.0,0,0,-9999.0,65.0,64.4,63.6
20240610-1800,Mountain View Moffett Field Naval Air Station,"Mountain View, California, US",20.0,12.0,-9999.0,-9999.0,-9999.0,5.4,330,0,-9999.0,60.0,68.0,60.0
20240610-1900,Mountain View Moffett Field Naval Air Station,"Mountain View, California, US",21.0,13.0,-9999.0,-9999.0,-9999.0,7.5600000000000005,-9999,0,-9999.0,60.0,69.8,60.2
20240610-2000,Mountain View Moffett Field Naval Air Station,"Mountain View, California, US",21.0,14.0,-9999.0,-9999.0,-9999.0,16.56,340,0,-9999.0,65.0,69.8,64.3
20240610-2100,Mountain View Moffett Field Naval Air Station,"Mountain View, California, US",23.0,13.0,-9999.0,-9999.0,-9999.0,14.76,340,0,-9999.0,50.0,73.4,53.3
20240610-2200,Mountain View Moffett Field Naval Air Station,"Mountain View, California, US",23.0,14.0,-9999.0,-9999.0,-9999.0,20.520000000000003,340,0,-9999.0,55.0,73.4,56.9
20240610-2300,Mountain View Moffett Field Naval Air Station,"Mountain View, California, US",23.0,13.0,-9999.0,-9999.0,-9999.0,20.520000000000003,340,0,-9999.0,50.0,73.4,53.3
20240611-0000,Mountain View Moffett Field Naval Air Station,"Mountain View, California, US",22.0,13.0,-9999.0,-9999.0,-9999.0,22.32,340,0,-9999.0,55.0,71.6,56.6
20240611-0100,Mountain View Moffett Field Naval Air Station,"Mountain View, California, US",21.0,14.0,-9999.0,-9999.0,-9999.0,18.36,340,0,-9999.0,65.0,69.8,64.3
20240611-0200,Mountain View Moffett Field Naval Air Station,"Mountain View, California, US",19.0,13.0,-9999.0,-9999.0,-9999.0,12.959999999999999,330,0,-9999.0,70.0,66.2,68.2
20240611-0300,Mountain View Moffett Field Naval Air Station,"Mountain View, California, US",17.0,13.0,-9999.0,-9999.0,-9999.0,14.76,320,0,-9999.0,80.0,62.6,77.3
20240611-0400,Mountain View Moffett Field Naval Air Station,"Mountain View, California, US",16.0,13.0,-9999.0,-9999.0,-9999.0,11.16,330,0,-9999.0,85.0,60.8,82.4
20240611-0500,Mountain View Moffett Field Naval Air Station,"Mountain View, California, US",16.0,13.0,-9999.0,-9999.0,-9999.0,12.959999999999999,340,0,-9999.0,85.0,60.8,82.4
20240611-0600,Mountain View Moffett Field Naval Air Station,"Mountain View, California, US",16.0,13.0,-9999.0,-9999.0,-9999.0,11.16,10,0,-9999.0,85.0,60.8,82.4
20240611-0700,Mountain View Moffett Field Naval Air Station,"Mountain View, California, US",15.0,13.0,-9999.0,-9999.0,-9999.0,9.360000000000001,340,0,-9999.0,90.0,59.0,87.8
20240611-0800,Mountain View Moffett Field Naval Air Station,"Mountain View, California, US",15.0,13.0,-9999.0,-9999.0,-9999.0,0.0,0,-9999,-9999.0,90.0,59.0,87.8
20240611-0900,Mountain View Moffett Field Naval Air Station,"Mountain View, California, US",14.0,12.0,-9999.0,-9999.0,-9999.0,7.5600000000000005,360,-9999,-9999.0,90.0,57.2,87.7
20240611-1000,Mountain View Moffett Field Naval Air Station,"Mountain View, California, US",14.0,12.0,-9999.0,-9999.0,-9999.0,0.0,0,0,-9999.0,90.0,57.2,87.7
20240611-1100,Mountain View Moffett Field Naval Air Station,"Mountain View, California, US",14.0,12.0,-9999.0,-9999.0,-9999.0,7.5600000000000005,300,50,-9999.0,90.0,57.2,87.7
20240611-1200,Mountain View Moffett Field Naval Air Station,"Mountain View, California, US",14.0,12.0,-9999.0,-9999.0,-9999.0,0.0,0,-9999,-9999.0,90.0,57.2,87.7
20240611-1300,Mountain View Moffett Field Naval Air Station,"Mountain View, California, US",14.0,12.0,-9999.0,-9999.0,-9999.0,0.0,0,25,-9999.0,90.0,57.2,87.7
20240611-1400,Mountain View Moffett Field Naval Air Station,"Mountain View, California, US",15.0,12.0,-9999.0,-9999.0,-9999.0,0.0,0,0,-9999.0,85.0,59.0,82.2
20240611-1500,Mountain View Moffett Field Naval Air Station,"Mountain View, California, US",17.0,13.0,-9999.0,-9999.0,-9999.0,0.0,0,0,-9999.0,80.0,62.6,77.3
20240611-1600,Mountain View Moffett Field Naval Air Station,"Mountain View, California, US",19.0,13.0,-9999.0,-9999.0,-9999.0,0.0,0,0,-9999.0,70.0,66.2,68.2
20240611-1700,Mountain View Moffett Field Naval Air Station,"Mountain View, California, US",20.0,14.0,-9999.0,-9999.0,-9999.0,5.4,-9999,0,-9999.0,70.0,68.0,68.4
20240611-1800,Mountain View Moffett Field Naval Air Station,"Mountain View, California, US",21.0,15.0,-9999.0,-9999.0,-9999.0,7.5600000000000005,340,0,-9999.0,70.0,69.8,68.6
20240611-1900,Mountain View Moffett Field Naval Air Station,"Mountain View, California, US",23.0,15.0,-9999.0,-9999.0,-9999.0,12.959999999999999,350,0,-9999.0,60.0,73.4,60.7
20240611-2000,Mountain View Moffett Field Naval Air Station,"Mountain View, California, US",26.0,14.0,-9999.0,-9999.0,-9999.0,11.16,350,0,-9999.0,40.0,78.8,47.5
20240611-2100,Mountain View Moffett Field Naval Air Station,"Mountain View, California, US",27.0,13.0,-9999.0,-9999.0,-9999.0,16.56,350,0,-9999.0,30.0,80.6,42.0
20240611-2200,Mountain View Moffett Field Naval Air Station,"Mountain View, California, US",27.0,14.0,-9999.0,-9999.0,-9999.0,22.32,350,0,-9999.0,35.0,80.6,44.8
20240611-2300,Mountain View Moffett Field Naval Air Station,"Mountain View, California, US",28.0,15.0,-9999.0,-9999.0,-9999.0,18.36,340,0,-9999.0,35.0,82.4,45.1
20240612-0000,Mountain View Moffett Field Naval Air Station,"Mountain View, California, US",27.0,14.0,-9999.0,-9999.0,-9999.0,14.76,330,0,-9999.0,35.0,80.6,44.8
20240612-0100,Mountain View Moffett Field Naval Air Station,"Mountain View, California, US",26.0,14.0,-9999.0,-9999.0,-9999.0,16.56,350,0,-9999.0,40.0,78.8,47.5
20240612-0200,Mountain View Moffett Field Naval Air Station,"Mountain View, California, US",25.0,13.0,-9999.0,-9999.0,-9999.0,9.360000000000001,340,0,-9999.0,40.0,77.0,47.3
20240612-0300,Mountain View Moffett Field Naval Air Station,"Mountain View, California, US",21.0,14.0,-9999.0,-9999.0,-9999.0,12.959999999999999,330,0,-9999.0,65.0,69.8,64.3
20240612-0400,Mountain View Moffett Field Naval Air Station,"Mountain View, California, US",21.0,15.0,-9999.0,-9999.0,-9999.0,12.959999999999999,340,0,-9999.0,70.0,69.8,68.6
20240612-0500,Mountain View Moffett Field Naval Air Station,"Mountain View, California, US",19.0,14.0,-9999.0,-9999.0,-9999.0,9.360000000000001,330,0,-9999.0,75.0,66.2,72.7
20240612-0600,Mountain View Moffett Field Naval Air Station,"Mountain View, California, US",19.0,15.0,-9999.0,-9999.0,-9999.0,11.16,350,0,-9999.0,80.0,66.2,77.6
20240612-0700,Mountain View Moffett Field Naval Air Station,"Mountain View, California, US",18.0,14.0,-9999.0,-9999.0,-9999.0,11.16,330,0,-9999.0,80.0,64.4,77.4
20240612-0800,Mountain View Moffett Field Naval Air Station,"Mountain View, California, US",18.0,14.0,-9999.0,-9999.0,-9999.0,9.360000000000001,340,0,-9999.0,80.0,64.4,77.4
20240612-0900,Mountain View Moffett Field Naval Air Station,"Mountain View, California, US",18.0,14.0,-9999.0,-9999.0,-9999.0,5.4,330,0,-9999.0,80.0,64.4,77.4
20240612-1000,Mountain View Moffett Field Naval Air Station,"Mountain View, California, US",17.0,14.0,-9999.0,-9999.0,-9999.0,7.5600000000000005,10,0,-9999.0,85.0,62.6,82.5
20240612-1100,Mountain View Moffett Field Naval Air Station,"Mountain View, California, US",17.0,13.0,-9999.0,-9999.0,-9999.0,5.4,10,0,-9999.0,80.0,62.6,77.3
20240612-1200,Mountain View Moffett Field Naval Air Station,"Mountain View, California, US",16.0,13.0,-9999.0,-9999.0,-9999.0,0.0,0,0,-9999.0,85.0,60.8,82.4
20240612-1300,Mountain View Moffett Field Naval Air Station,"Mountain View, California, US",15.0,13.0,-9999.0,-9999.0,-9999.0,9.360000000000001,10,0,-9999.0,90.0,59.0,87.8
20240612-1400,Mountain View Moffett Field Naval Air Station,"Mountain View, California, US",16.0,13.0,-9999.0,-9999.0,-9999.0,11.16,10,0,-9999.0,85.0,60.8,82.4
20240612-1500,Mountain View Moffett Field Naval Air Station,"Mountain View, California, US",17.0,13.0,-9999.0,-9999.0,-9999.0,7.5600000000000005,40,0,-9999.0,80.0,62.6,77.3
20240612-1600,Mountain View Moffett Field Naval Air Station,"Mountain View, California, US",18.0,12.0,-9999.0,-9999.0,-9999.0,0.0,0,0,-9999.0,70.0,64.4,68.0
20240612-1700,Mountain View Moffett Field Naval Air Station,"Mountain View, California, US",19.0,13.0,-9999.0,-9999.0,-9999.0,9.360000000000001,350,0,-9999.0,70.0,66.2,68.2
20240612-1800,Mountain View Moffett Field Naval Air Station,"Mountain View, California, US",21.0,13.0,-9999.0,-9999.0,-9999.0,12.959999999999999,340,0,-9999.0,60.0,69.8,60.2
20240612-1900,Mountain View Moffett Field Naval Air Station,"Mountain View, California, US",23.0,14.0,-9999.0,-9999.0,-9999.0,11.16,340,0,-9999.0,55.0,73.4,56.9
20240612-2000,Mountain View Moffett Field Naval Air Station,"Mountain View, California, US",23.0,15.0,-9999.0,-9999.0,-9999.0,20.520000000000003,340,0,-9999.0,60.0,73.4,60.7
20240612-2100,Mountain View Moffett Field Naval Air Station,"Mountain View, California, US",23.0,14.0,-9999.0,-9999.0,-9999.0,22.32,350,0,-9999.0,55.0,73.4,56.9
20240612-2200,Mountain View Moffett Field Naval Air Station,"Mountain View, California, US",23.0,14.0,-9999.0,-9999.0,-9999.0,25.919999999999998,350,0,-9999.0,55.0,73.4,56.9
20240612-2300,Mountain View Moffett Field Naval Air Station,"Mountain View, California, US",22.0,13.0,-9999.0,-9999.0,-9999.0,27.72,340,0,-9999.0,55.0,71.6,56.6
20240613-0000,Mountain View Moffett Field Naval Air Station,"Mountain View, California, US",22.0,13.0,-9999.0,-9999.0,-9999.0,22.32,340,0,-9999.0,55.0,71.6,56.6
20240613-0100,Mountain View Moffett Field Naval Air Station,"Mountain View, California, US",22.0,13.0,-9999.0,-9999.0,-9999.0,20.520000000000003,360,0,-9999.0,55.0,71.6,56.6
20240613-0200,Mountain View Moffett Field Naval Air Station,"Mountain View, California, US",21.0,14.0,-9999.0,-9999.0,-9999.0,16.56,360,0,-9999.0,65.0,69.8,64.3
20240613-0300,Mountain View Moffett Field Naval Air Station,"Mountain View, California, US",20.0,13.0,-9999.0,-9999.0,-9999.0,11.16,20,0,-9999.0,65.0,68.0,64.0
20240613-0400,Mountain View Moffett Field Naval Air Station,"Mountain View, California, US",18.0,13.0,-9999.0,-9999.0,-9999.0,14.76,360,0,-9999.0,75.0,64.4,72.6
20240613-0500,Mountain View Moffett Field Naval Air Station,"Mountain View, California, US",17.0,13.0,-9999.0,-9999.0,-9999.0,14.76,350,0,-9999.0,80.0,62.6,77.3
20240613-0600,Mountain View Moffett Field Naval Air Station,"Mountain View, California, US",17.0,13.0,-9999.0,-9999.0,-9999.0,0.0,0,0,-9999.0,80.0,62.6,77.3
20240613-0700,Mountain View Moffett Field Naval Air Station,"Mountain View, California, US",17.0,11.0,-9999.0,-9999.0,-9999.0,11.16,150,0,-9999.0,70.0,62.6,67.7
20240613-0800,Mountain View Moffett Field Naval Air Station,"Mountain View, California, US",16.0,11.0,-9999.0,-9999.0,-9999.0,9.360000000000001,150,50,-9999.0,75.0,60.8,72.2
20240613-0900,Mountain View Moffett Field Naval Air Station,"Mountain View, California, US",16.0,11.0,-9999.0,-9999.0,-9999.0,0.0,0,25,-9999.0,75.0,60.8,72.2
20240613-1000,Mountain View Moffett Field Naval Air Station,"Mountain View, California, US",15.0,12.0,-9999.0,-9999.0,-9999.0,5.4,180,25,-9999.0,85.0,59.0,82.2
20240613-1100,Mountain View Moffett Field Naval Air Station,"Mountain View, California, US",15.0,11.0,-9999.0,-9999.0,-9999.0,7.5600000000000005,170,50,-9999.0,80.0,59.0,77.0
20240613-1200,Mountain View Moffett Field Naval Air Station,"Mountain View, California, US",14.0,11.0,-9999.0,-9999.0,-9999.0,7.5600000000000005,150,-9999,-9999.0,85.0,57.2,82.1
20240613-1300,Mountain View Moffett Field Naval Air Station,"Mountain View, California, US",13.0,11.0,-9999.0,-9999.0,-9999.0,5.4,140,0,-9999.0,90.0,55.4,87.6
20240613-1400,Mountain View Moffett Field Naval Air Station,"Mountain View, California, US",15.0,12.0,-9999.0,-9999.0,-9999.0,9.360000000000001,190,0,-9999.0,85.0,59.0,82.2
20240613-1500,Mountain View Moffett Field Naval Air Station,"Mountain View, California, US",16.0,12.0,-9999.0,-9999.0,-9999.0,0.0,0,0,-9999.0,80.0,60.8,77.1
20240613-1600,Mountain View Moffett Field Naval Air Station,"Mountain View, California, US",17.0,12.0,-9999.0,-9999.0,-9999.0,5.4,20,0,-9999.0,75.0,62.6,72.4
20240613-1700,Mountain View Moffett Field Naval Air Station,"Mountain View, California, US",18.0,13.0,-9999.0,-9999.0,-9999.0,9.360000000000001,-9999,0,-9999.0,75.0,64.4,72.6
20240613-1800,Mountain View Moffett Field Naval Air Station,"Mountain View, California, US",19.0,13.0,-9999.0,-9999.0,-9999.0,11.16,330,0,-9999.0,70.0,66.2,68.2
20240613-1900,Mountain View Moffett Field Naval Air Station,"Mountain View, California, US",20.0,13.0,-9999.0,-9999.0,-9999.0,16.56,330,-9999,-9999.0,65.0,68.0,64.0
20240613-2000,Mountain View Moffett Field Naval Air Station,"Mountain View, California, US",20.0,12.0,-9999.0,-9999.0,-9999.0,24.12,350,0,-9999.0,60.0,68.0,60.0
20240613-2100,Mountain View Moffett Field Naval Air Station,"Mountain View, California, US",20.0,12.0,-9999.0,-9999.0,-9999.0,22.32,340,0,-9999.0,60.0,68.0,60.0
20240613-2200,Mountain View Moffett Field Naval Air Station,"Mountain View, California, US",20.0,12.0,-9999.0,-9999.0,-9999.0,29.52,340,0,-9999.0,60.0,68.0,60.0
20240613-2300,Mountain View Moffett Field Naval Air Station,"Mountain View, California, US",20.0,12.0,-9999.0,-9999.0,-9999.0,27.72,340,0,-9999.0,60.0,68.0,60.0
20240614-0000,Mountain View Moffett Field Naval Air Station,"Mountain View, California, US",19.0,12.0,-9999.0,-9999.0,-9999.0,24.12,340,0,-9999.0,65.0,66.2,63.8
20240614-0100,Mountain View Moffett Field Naval Air Station,"Mountain View, California, US",18.0,12.0,-9999.0,-9999.0,-9999.0,27.72,350,0,-9999.0,70.0,64.4,68.0
20240614-0200,Mountain View Moffett Field Naval Air Station,"Mountain View, California, US",17.0,12.0,-9999.0,-9999.0,-9999.0,25.919999999999998,350,0,-9999.0,75.0,62.6,72.4
20240614-0300,Mountain View Moffett Field Naval Air Station,"Mountain View, California, US",16.0,10.0,-9999.0,-9999.0,-9999.0,18.36,350,0,-9999.0,70.0,60.8,67.5
20240614-0400,Mountain View Moffett Field Naval Air Station,"Mountain View, California, US",15.0,10.0,-9999.0,-9999.0,-9999.0,20.520000000000003,360,0,-9999.0,75.0,59.0,72.0
20240614-0500,Mountain View Moffett Field Naval Air Station,"Mountain View, California, US",14.0,10.0,-9999.0,-9999.0,-9999.0,18.36,30,0,-9999.0,80.0,57.2,76.8
20240614-0600,Mountain View Moffett Field Naval Air Station,"Mountain View, California, US",14.0,11.0,-9999.0,-9999.0,-9999.0,18.36,60,0,-9999.0,85.0,57.2,82.1
20240614-0700,Mountain View Moffett Field Naval Air Station,"Mountain View, California, US",14.0,10.0,-9999.0,-9999.0,-9999.0,9.360000000000001,80,0,-9999.0,80.0,57.2,76.8
20240614-0800,Mountain View Moffett Field Naval Air Station,"Mountain View, California, US",13.0,10.0,-9999.0,-9999.0,-9999.0,7.5600000000000005,90,0,-9999.0,85.0,55.4,82.0
20240614-0900,Mountain View Moffett Field Naval Air Station,"Mountain View, California, US",13.0,10.0,-9999.0,-9999.0,-9999.0,7.5600000000000005,110,-9999,-9999.0,85.0,55.4,82.0
20240614-1000,Mountain View Moffett Field Naval Air Station,"Mountain View, California, US",12.0,10.0,-9999.0,-9999.0,-9999.0,5.4,140,25,-9999.0,90.0,53.6,87.6
20240614-1100,Mountain View Moffett Field Naval Air Station,"Mountain View, California, US",12.0,10.0,-9999.0,-9999.0,-9999.0,7.5600000000000005,140,0,-9999.0,90.0,53.6,87.6
20240614-1200,Mountain View Moffett Field Naval Air Station,"Mountain View, California, US",11.0,9.0,-9999.0,-9999.0,-9999.0,7.5600000000000005,140,0,-9999.0,90.0,51.8,87.5
20240614-1300,Mountain View Moffett Field Naval Air Station,"Mountain View, California, US",11.0,9.0,-9999.0,-9999.0,-9999.0,9.360000000000001,140,0,-9999.0,90.0,51.8,87.5
20240614-1400,Mountain View Moffett Field Naval Air Station,"Mountain View, California, US",13.0,10.0,-9999.0,-9999.0,-9999.0,7.5600000000000005,130,0,-9999.0,85.0,55.4,82.0
20240614-1500,Mountain View Moffett Field Naval Air Station,"Mountain View, California, US",15.0,11.0,-9999.0,-9999.0,-9999.0,0.0,0,0,-9999.0,80.0,59.0,77.0
20240614-1600,Mountain View Moffett Field Naval Air Station,"Mountain View, California, US",17.0,10.0,-9999.0,-9999.0,-9999.0,0.0,0,0,-9999.0,65.0,62.6,63.4
20240614-1700,Mountain View Moffett Field Naval Air Station,"Mountain View, California, US",18.0,11.0,-9999.0,-9999.0,-9999.0,12.959999999999999,10,0,-9999.0,65.0,64.4,63.6
20240614-1800,Mountain View Moffett Field Naval Air Station,"Mountain View, California, US",19.0,11.0,-9999.0,-9999.0,-9999.0,11.16,-9999,0,-9999.0,60.0,66.2,59.7
20240614-1900,Mountain View Moffett Field Naval Air Station,"Mountain View, California, US",20.0,11.0,-9999.0,-9999.0,-9999.0,11.16,-9999,0,-9999.0,55.0,68.0,56.1
20240614-2000,Mountain View Moffett Field Naval Air Station,"Mountain View, California, US",22.0,11.0,-9999.0,-9999.0,-9999.0,9.360000000000001,350,0,-9999.0,45.0,71.6,49.6
20240614-2100,Mountain View Moffett Field Naval Air Station,"Mountain View, California, US",22.0,13.0,-9999.0,-9999.0,-9999.0,25.919999999999998,350,0,-9999.0,55.0,71.6,56.6
20240614-2200,Mountain View Moffett Field Naval Air Station,"Mountain View, California, US",21.0,11.0,-9999.0,-9999.0,-9999.0,27.72,340,0,-9999.0,50.0,69.8,52.8
20240614-2300,Mountain View Moffett Field Naval Air Station,"Mountain View, California, US",22.0,11.0,-9999.0,-9999.0,-9999.0,24.12,350,0,-9999.0,45.0,71.6,49.6
20240615-0000,Mountain View Moffett Field Naval Air Station,"Mountain View, California, US",22.0,11.0,-9999.0,-9999.0,-9999.0,24.12,340,0,-9999.0,45.0,71.6,49.6
20240615-0100,Mountain View Moffett Field Naval Air Station,"Mountain View, California, US",22.0,7.0,-9999.0,-9999.0,-9999.0,25.919999999999998,330,0,-9999.0,25.0,71.6,37.9
20240615-0200,Mountain View Moffett Field Naval Air Station,"Mountain View, California, US",21.0,5.0,-9999.0,-9999.0,-9999.0,29.52,340,0,-9999.0,20.0,69.8,35.1
20240615-0300,Mountain View Moffett Field Naval Air Station,"Mountain View, California, US",20.0,5.0,-9999.0,-9999.0,-9999.0,24.12,330,0,-9999.0,25.0,68.0,37.3
20240615-0400,Mountain View Moffett Field Naval Air Station,"Mountain View, California, US",18.0,5.0,-9999.0,-9999.0,-9999.0,5.4,310,0,-9999.0,35.0,64.4,42.3
20240615-0500,Mountain View Moffett Field Naval Air Station,"Mountain View, California, US",17.0,6.0,-9999.0,-9999.0,-9999.0,16.56,330,0,-9999.0,45.0,62.6,48.3
20240615-0600,Mountain View Moffett Field Naval Air Station,"Mountain View, California, US",17.0,5.0,-9999.0,-9999.0,-9999.0,9.360000000000001,300,0,-9999.0,40.0,62.6,45.0
20240615-0700,Mountain View Moffett Field Naval Air Station,"Mountain View, California, US",16.0,5.0,-9999.0,-9999.0,-9999.0,7.5600000000000005,10,0,-9999.0,45.0,60.8,48.0
20240615-0800,Mountain View Moffett Field Naval Air Station,"Mountain View, California, US",15.0,9.0,-9999.0,-9999.0,-9999.0,11.16,20,0,-9999.0,70.0,59.0,67.3
20240615-0900,Mountain View Moffett Field Naval Air Station,"Mountain View, California, US",14.0,9.0,-9999.0,-9999.0,-9999.0,0.0,0,0,-9999.0,75.0,57.2,71.8
20240615-1000,Mountain View Moffett Field Naval Air Station,"Mountain View, California, US",14.0,8.0,-9999.0,-9999.0,-9999.0,7.5600000000000005,340,0,-9999.0,70.0,57.2,67.1
20240615-1100,Mountain View Moffett Field Naval Air Station,"Mountain View, California, US",14.0,8.0,-9999.0,-9999.0,-9999.0,0.0,0,0,-9999.0,70.0,57.2,67.1
20240615-1200,Mountain View Moffett Field Naval Air Station,"Mountain View, California, US",13.0,9.0,-9999.0,-9999.0,-9999.0,7.5600000000000005,130,0,-9999.0,80.0,55.4,76.7
20240615-1300,Mountain View Moffett Field Naval Air Station,"Mountain View, California, US",12.0,9.0,-9999.0,-9999.0,-9999.0,9.360000000000001,140,0,-9999.0,85.0,53.6,81.9
20240615-1400,Mountain View Moffett Field Naval Air Station,"Mountain View, California, US",14.0,10.0,-9999.0,-9999.0,-9999.0,0.0,0,0,-9999.0,80.0,57.2,76.8
20240615-1500,Mountain View Moffett Field Naval Air Station,"Mountain View, California, US",16.0,9.0,-9999.0,-9999.0,-9999.0,0.0,0,0,-9999.0,65.0,60.8,63.1
20240615-1600,Mountain View Moffett Field Naval Air Station,"Mountain View, California, US",17.0,8.0,-9999.0,-9999.0,-9999.0,7.5600000000000005,360,0,-9999.0,55.0,62.6,55.4
20240615-1700,Mountain View Moffett Field Naval Air Station,"Mountain View, California, US",17.0,9.0,-9999.0,-9999.0,-9999.0,12.959999999999999,360,0,-9999.0,60.0,62.6,59.3
20240615-1800,Mountain View Moffett Field Naval Air Station,"Mountain View, California, US",18.0,10.0,-9999.0,-9999.0,-9999.0,11.16,20,0,-9999.0,60.0,64.4,59.5
20240615-1900,Mountain View Moffett Field Naval Air Station,"Mountain View, California, US",20.0,8.0,-9999.0,-9999.0,-9999.0,12.959999999999999,360,0,-9999.0,40.0,68.0,45.9
20240615-2000,Mountain View Moffett Field Naval Air Station,"Mountain View, California, US",22.0,9.0,-9999.0,-9999.0,-9999.0,20.520000000000003,350,0,-9999.0,35.0,71.6,43.4
20240615-2100,Mountain View Moffett Field Naval Air Station,"Mountain View, California, US",23.0,8.0,-9999.0,-9999.0,-9999.0,22.32,340,0,-9999.0,25.0,73.4,38.2
20240615-2200,Mountain View Moffett Field Naval Air Station,"Mountain View, California, US",23.0,9.0,-9999.0,-9999.0,-9999.0,20.520000000000003,330,0,-9999.0,30.0,73.4,40.9
20240615-2300,Mountain View Moffett Field Naval Air Station,"Mountain View, California, US",23.0,9.0,-9999.0,-9999.0,-9999.0,22.32,350,0,-9999.0,30.0,73.4,40.9
20240616-0000,Mountain View Moffett Field Naval Air Station,"Mountain View, California, US",25.0,11.0,-9999.0,-9999.0,-9999.0,29.52,340,0,-9999.0,30.0,77.0,41.4
20240616-0100,Mountain View Moffett Field Naval Air Station,"Mountain View, California, US",23.0,7.0,-9999.0,-9999.0,-9999.0,20.520000000000003,330,0,-9999.0,20.0,73.4,35.7
20240616-0200,Mountain View Moffett Field Naval Air Station,"Mountain View, California, US",21.0,7.0,-9999.0,-9999.0,-9999.0,27.72,350,0,-9999.0,30.0,69.8,40.3
20240616-0300,Mountain View Moffett Field Naval Air Station,"Mountain View, California, US",19.0,8.0,-9999.0,-9999.0,-9999.0,20.520000000000003,340,0,-9999.0,45.0,66.2,48.8
20240616-0400,Mountain View Moffett Field Naval Air Station,"Mountain View, California, US",18.0,8.0,-9999.0,-9999.0,-9999.0,14.76,340,0,-9999.0,50.0,64.4,52.0
20240616-0500,Mountain View Moffett Field Naval Air Station,"Mountain View, California, US",17.0,8.0,-9999.0,-9999.0,-9999.0,18.36,350,0,-9999.0,55.0,62.6,55.4
20240616-0600,Mountain View Moffett Field Naval Air Station,"Mountain View, California, US",16.0,9.0,-9999.0,-9999.0,-9999.0,12.959999999999999,360,0,-9999.0,65.0,60.8,63.1
20240616-0700,Mountain View Moffett Field Naval Air Station,"Mountain View, California, US",14.0,9.0,-9999.0,-9999.0,-9999.0,5.4,70,0,-9999.0,75.0,57.2,71.8
20240616-0800,Mountain View Moffett Field Naval Air Station,"Mountain View, California, US",14.0,10.0,-9999.0,-9999.0,-9999.0,7.5600000000000005,60,0,-9999.0,80.0,57.2,76.8
20240616-0900,Mountain View Moffett Field Naval Air Station,"Mountain View, California, US",14.0,10.0,-9999.0,-9999.0,-9999.0,9.360000000000001,40,0,-9999.0,80.0,57.2,76.8
20240616-1000,Mountain View Moffett Field Naval Air Station,"Mountain View, California, US",13.0,10.0,-9999.0,-9999.0,-9999.0,7.5600000000000005,30,0,-9999.0,85.0,55.4,82.0
20240616-1100,Mountain View Moffett Field Naval Air Station,"Mountain View, California, US",13.0,10.0,-9999.0,-9999.0,-9999.0,5.4,10,0,-9999.0,85.0,55.4,82.0
20240616-1200,Mountain View Moffett Field Naval Air Station,"Mountain View, California, US",13.0,10.0,-9999.0,-9999.0,-9999.0,0.0,0,0,-9999.0,85.0,55.4,82.0
20240616-1300,Mountain View Moffett Field Naval Air Station,"Mountain View, California, US",13.0,10.0,-9999.0,-9999.0,-9999.0,5.4,30,0,-9999.0,85.0,55.4,82.0
20240616-1400,Mountain View Moffett Field Naval Air Station,"Mountain View, California, US",14.0,10.0,-9999.0,-9999.0,-9999.0,0.0,0,0,-9999.0,80.0,57.2,76.8
20240616-1500,Mountain View Moffett Field Naval Air Station,"Mountain View, California, US",16.0,11.0,-9999.0,-9999.0,-9999.0,0.0,0,0,-9999.0,75.0,60.8,72.2
20240616-1600,Mountain View Moffett Field Naval Air Station,"Mountain View, California, US",17.0,11.0,-9999.0,-9999.0,-9999.0,0.0,0,0,-9999.0,70.0,62.6,67.7
20240616-1700,Mountain View Moffett Field Naval Air Station,"Mountain View, California, US",18.0,11.0,-9999.0,-9999.0,-9999.0,5.4,340,0,-9999.0,65.0,64.4,63.6
20240616-1800,Mountain View Moffett Field Naval Air Station,"Mountain View, California, US",20.0,11.0,-9999.0,-9999.0,-9999.0,11.16,350,0,-9999.0,55.0,68.0,56.1
20240616-1900,Mountain View Moffett Field Naval Air Station,"Mountain View, California, US",21.0,7.0,-9999.0,-9999.0,-9999.0,14.76,350,0,-9999.0,30.0,69.8,40.3
20240616-2000,Mountain View Moffett Field Naval Air Station,"Mountain View, California, US",21.0,11.0,-9999.0,-9999.0,-9999.0,25.919999999999998,350,0,-9999.0,50.0,69.8,52.8
20240616-2100,Mountain View Moffett Field Naval Air Station,"Mountain View, California, US",22.0,10.0,-9999.0,-9999.0,-9999.0,29.52,340,0,-9999.0,40.0,71.6,46.4
20240616-2200,Mountain View Moffett Field Naval Air Station,"Mountain View, California, US",25.0,9.0,-9999.0,-9999.0,-9999.0,25.919999999999998,360,0,-9999.0,20.0,77.0,36.2
20240616-2300,Mountain View Moffett Field Naval Air Station,"Mountain View, California, US",26.0,2.0,-9999.0,-9999.0,-9999.0,22.32,330,0,-9999.0,-20.0,78.8,21.0
20240617-0000,Mountain View Moffett Field Naval Air Station,"Mountain View, California, US",25.0,1.0,-9999.0,-9999.0,-9999.0,20.520000000000003,330,0,-9999.0,-20.0,77.0,20.7
20240617-0100,Mountain View Moffett Field Naval Air Station,"Mountain View, California, US",23.0,1.0,-9999.0,-9999.0,-9999.0,25.919999999999998,340,0,-9999.0,-10.0,73.4,23.4
20240617-0200,Mountain View Moffett Field Naval Air Station,"Mountain View, California, US",22.0,3.0,-9999.0,-9999.0,-9999.0,16.56,300,0,-9999.0,5.0,71.6,28.7
20240617-0300,Mountain View Moffett Field Naval Air Station,"Mountain View, California, US",20.0,4.0,-9999.0,-9999.0,-9999.0,31.68,340,0,-9999.0,20.0,68.0,34.8
20240617-0400,Mountain View Moffett Field Naval Air Station,"Mountain View, California, US",19.0,6.0,-9999.0,-9999.0,-9999.0,14.76,330,0,-9999.0,35.0,66.2,42.6
20240617-0500,Mountain View Moffett Field Naval Air Station,"Mountain View, California, US",18.0,8.0,-9999.0,-9999.0,-9999.0,18.36,350,0,-9999.0,50.0,64.4,52.0
20240617-0600,Mountain View Moffett Field Naval Air Station,"Mountain View, California, US",17.0,8.0,-9999.0,-9999.0,-9999.0,22.32,360,0,-9999.0,55.0,62.6,55.4
20240617-0700,Mountain View Moffett Field Naval Air Station,"Mountain View, California, US",17.0,7.0,-9999.0,-9999.0,-9999.0,11.16,320,0,-9999.0,50.0,62.6,51.7
20240617-0800,Mountain View Moffett Field Naval Air Station,"Mountain View, California, US",16.0,7.0,-9999.0,-9999.0,-9999.0,22.32,340,0,-9999.0,55.0,60.8,55.1
20240617-0900,Mountain View Moffett Field Naval Air Station,"Mountain View, California, US",15.0,7.0,-9999.0,-9999.0,-9999.0,18.36,350,0,-9999.0,60.0,59.0,58.8
20240617-1000,Mountain View Moffett Field Naval Air Station,"Mountain View, California, US",15.0,6.0,-9999.0,-9999.0,-9999.0,11.16,310,0,-9999.0,55.0,59.0,54.9
20240617-1100,Mountain View Moffett Field Naval Air Station,"Mountain View, California, US",14.0,6.0,-9999.0,-9999.0,-9999.0,0.0,0,0,-9999.0,60.0,57.2,58.5
20240617-1200,Mountain View Moffett Field Naval Air Station,"Mountain View, California, US",13.0,6.0,-9999.0,-9999.0,-9999.0,0.0,0,0,-9999.0,65.0,55.4,62.5
20240617-1300,Mountain View Moffett Field Naval Air Station,"Mountain View, California, US",14.0,6.0,-9999.0,-9999.0,-9999.0,0.0,0,0,-9999.0,60.0,57.2,58.5
20240617-1400,Mountain View Moffett Field Naval Air Station,"Mountain View, California, US",13.0,9.0,-9999.0,-9999.0,-9999.0,12.959999999999999,130,-9999,-9999.0,80.0,55.4,76.7
20240617-1500,Mountain View Moffett Field Naval Air Station,"Mountain View, California, US",15.0,9.0,-9999.0,-9999.0,-9999.0,0.0,0,0,-9999.0,70.0,59.0,67.3
20240617-1600,Mountain View Moffett Field Naval Air Station,"Mountain View, California, US",16.0,9.0,-9999.0,-9999.0,-9999.0,7.5600000000000005,340,0,-9999.0,65.0,60.8,63.1
20240617-1700,Mountain View Moffett Field Naval Air Station,"Mountain View, California, US",19.0,8.0,-9999.0,-9999.0,-9999.0,7.5600000000000005,-9999,0,-9999.0,45.0,66.2,48.8
20240617-1800,Mountain View Moffett Field Naval Air Station,"Mountain View, California, US",21.0,9.0,-9999.0,-9999.0,-9999.0,14.76,320,0,-9999.0,40.0,69.8,46.2
20240617-1900,Mountain View Moffett Field Naval Air Station,"Mountain View, California, US",21.0,10.0,-9999.0,-9999.0,-9999.0,22.32,350,0,-9999.0,45.0,69.8,49.4
20240617-2000,Mountain View Moffett Field Naval Air Station,"Mountain View, California, US",23.0,8.0,-9999.0,-9999.0,-9999.0,22.32,330,0,-9999.0,25.0,73.4,38.2
20240617-2100,Mountain View Moffett Field Naval Air Station,"Mountain View, California, US",25.0,5.0,-9999.0,-9999.0,-9999.0,22.32,330,0,-9999.0,0.0,77.0,27.5
20240617-2200,Mountain View Moffett Field Naval Air Station,"Mountain View, California, US",26.0,3.0,-9999.0,-9999.0,-9999.0,18.36,300,0,-9999.0,-15.0,78.8,22.5
20240617-2300,Mountain View Moffett Field Naval Air Station,"Mountain View, California, US",27.0,1.0,-9999.0,-9999.0,-9999.0,24.12,340,0,-9999.0,-30.0,80.6,18.4
20240618-0000,Mountain View Moffett Field Naval Air Station,"Mountain View, California, US",27.0,2.0,-9999.0,-9999.0,-9999.0,24.12,340,0,-9999.0,-25.0,80.6,19.8
20240618-0100,Mountain View Moffett Field Naval Air Station,"Mountain View, California, US",26.0,4.0,-9999.0,-9999.0,-9999.0,16.56,320,0,-9999.0,-10.0,78.8,24.2
20240618-0200,Mountain View Moffett Field Naval Air Station,"Mountain View, California, US",26.0,0.0,-9999.0,-9999.0,-9999.0,18.36,310,0,-9999.0,-30.0,78.8,18.2
20240618-0300,Mountain View Moffett Field Naval Air Station,"Mountain View, California, US",24.0,-2.0,-9999.0,-9999.0,-9999.0,14.76,300,0,-9999.0,-30.0,75.2,17.7
20240618-0400,Mountain View Moffett Field Naval Air Station,"Mountain View, California, US",22.0,-3.0,-9999.0,-9999.0,-9999.0,12.959999999999999,310,0,-9999.0,-25.0,71.6,18.6
20240618-0500,Mountain View Moffett Field Naval Air Station,"Mountain View, California, US",21.0,-3.0,-9999.0,-9999.0,-9999.0,9.360000000000001,290,50,-9999.0,-20.0,69.8,19.7
20240618-0600,Mountain View Moffett Field Naval Air Station,"Mountain View, California, US",20.0,-1.0,-9999.0,-9999.0,-9999.0,0.0,0,-9999,-9999.0,-5.0,68.0,24.3
20240618-0700,Mountain View Moffett Field Naval Air Station,"Mountain View, California, US",18.0,4.0,-9999.0,-9999.0,-9999.0,0.0,0,-9999,-9999.0,30.0,64.4,39.4
20240618-0800,Mountain View Moffett Field Naval Air Station,"Mountain View, California, US",17.0,5.0,-9999.0,-9999.0,-9999.0,0.0,0,-9999,-9999.0,40.0,62.6,45.0
20240618-0900,Mountain View Moffett Field Naval Air Station,"Mountain View, California, US",17.0,11.0,-9999.0,-9999.0,-9999.0,0.0,0,-9999,-9999.0,70.0,62.6,67.7
20240618-1000,Mountain View Moffett Field Naval Air Station,"Mountain View, California, US",16.0,10.0,-9999.0,-9999.0,-9999.0,0.0,0,-9999,-9999.0,70.0,60.8,67.5
20240618-1100,Mountain View Moffett Field Naval Air Station,"Mountain View, California, US",16.0,9.0,-9999.0,-9999.0,-9999.0,0.0,0,-9999,-9999.0,65.0,60.8,63.1
20240618-1200,Mountain View Moffett Field Naval Air Station,"Mountain View, California, US",15.0,7.0,-9999.0,-9999.0,-9999.0,0.0,0,-9999,-9999.0,60.0,59.0,58.8
20240618-1300,Mountain View Moffett Field Naval Air Station,"Mountain View, California, US",14.0,7.0,-9999.0,-9999.0,-9999.0,0.0,0,0,-9999.0,65.0,57.2,62.7
20240618-1400,Mountain View Moffett Field Naval Air Station,"Mountain View, California, US",16.0,8.0,-9999.0,-9999.0,-9999.0,0.0,0,0,-9999.0,60.0,60.8,59.0
20240618-1500,Mountain View Moffett Field Naval Air Station,"Mountain View, California, US",19.0,7.0,-9999.0,-9999.0,-9999.0,7.5600000000000005,110,0,-9999.0,40.0,66.2,45.6
20240618-1600,Mountain View Moffett Field Naval Air Station,"Mountain View, California, US",21.0,8.0,-9999.0,-9999.0,-9999.0,5.4,350,0,-9999.0,35.0,69.8,43.1
20240618-1700,Mountain View Moffett Field Naval Air Station,"Mountain View, California, US",21.0,10.0,-9999.0,-9999.0,-9999.0,9.360000000000001,350,0,-9999.0,45.0,69.8,49.4
20240618-1800,Mountain View Moffett Field Naval Air Station,"Mountain View, California, US",23.0,13.0,-9999.0,-9999.0,-9999.0,11.16,340,0,-9999.0,50.0,73.4,53.3
20240618-1900,Mountain View Moffett Field Naval Air Station,"Mountain View, California, US",26.0,10.0,-9999.0,-9999.0,-9999.0,14.76,350,0,-9999.0,20.0,78.8,36.5
20240618-2000,Mountain View Moffett Field Naval Air Station,"Mountain View, California, US",27.0,6.0,-9999.0,-9999.0,-9999.0,22.32,350,0,-9999.0,-5.0,80.6,26.2
20240618-2100,Mountain View Moffett Field Naval Air Station,"Mountain View, California, US",25.0,11.0,-9999.0,-9999.0,-9999.0,22.32,350,0,-9999.0,30.0,77.0,41.4
20240618-2200,Mountain View Moffett Field Naval Air Station,"Mountain View, California, US",23.0,11.0,-9999.0,-9999.0,-9999.0,25.919999999999998,340,0,-9999.0,40.0,73.4,46.7
20240618-2300,Mountain View Moffett Field Naval Air Station,"Mountain View, California, US",26.0,13.0,-9999.0,-9999.0,-9999.0,33.480000000000004,350,0,-9999.0,35.0,78.8,44.5
20240619-0000,Mountain View Moffett Field Naval Air Station,"Mountain View, California, US",23.0,12.0,-9999.0,-9999.0,-9999.0,37.08,350,0,-9999.0,45.0,73.4,49.9
20240619-0100,Mountain View Moffett Field Naval Air Station,"Mountain View, California, US",22.0,11.0,-9999.0,-9999.0,-9999.0,33.480000000000004,350,0,-9999.0,45.0,71.6,49.6
20240619-0200,Mountain View Moffett Field Naval Air Station,"Mountain View, California, US",19.0,10.0,-9999.0,-9999.0,-9999.0,25.919999999999998,340,0,-9999.0,55.0,66.2,55.9
20240619-0300,Mountain View Moffett Field Naval Air Station,"Mountain View, California, US",20.0,-9999.0,-9999.0,-9999.0,-9999.0,16.56,320,0,-9999.0,-49995.0,68.0,1918945862.2
20240619-0400,Mountain View Moffett Field Naval Air Station,"Mountain View, California, US",17.0,9.0,-9999.0,-9999.0,-9999.0,14.76,10,0,-9999.0,60.0,62.6,59.3
20240619-0500,Mountain View Moffett Field Naval Air Station,"Mountain View, California, US",16.0,9.0,-9999.0,-9999.0,-9999.0,12.959999999999999,360,0,-9999.0,65.0,60.8,63.1
20240619-0600,Mountain View Moffett Field Naval Air Station,"Mountain View, California, US",15.0,9.0,-9999.0,-9999.0,-9999.0,5.4,350,25,-9999.0,70.0,59.0,67.3
20240619-0700,Mountain View Moffett Field Naval Air Station,"Mountain View, California, US",14.0,7.0,-9999.0,-9999.0,-9999.0,5.4,40,0,-9999.0,65.0,57.2,62.7
20240619-0800,Mountain View Moffett Field Naval Air Station,"Mountain View, California, US",13.0,9.0,-9999.0,-9999.0,-9999.0,9.360000000000001,30,0,-9999.0,80.0,55.4,76.7
20240619-0900,Mountain View Moffett Field Naval Air Station,"Mountain View, California, US",13.0,9.0,-9999.0,-9999.0,-9999.0,0.0,0,0,-9999.0,80.0,55.4,76.7
20240619-1000,Mountain View Moffett Field Naval Air Station,"Mountain View, California, US",13.0,10.0,-9999.0,-9999.0,-9999.0,7.5600000000000005,40,-9999,-9999.0,85.0,55.4,82.0
20240619-1100,Mountain View Moffett Field Naval Air Station,"Mountain View, California, US",12.0,9.0,-9999.0,-9999.0,-9999.0,9.360000000000001,30,0,-9999.0,85.0,53.6,81.9
20240619-1200,Mountain View Moffett Field Naval Air Station,"Mountain View, California, US",12.0,9.0,-9999.0,-9999.0,-9999.0,0.0,0,0,-9999.0,85.0,53.6,81.9
20240619-1300,Mountain View Moffett Field Naval Air Station,"Mountain View, California, US",12.0,9.0,-9999.0,-9999.0,-9999.0,0.0,0,0,-9999.0,85.0,53.6,81.9
20240619-1400,Mountain View Moffett Field Naval Air Station,"Mountain View, California, US",14.0,10.0,-9999.0,-9999.0,-9999.0,5.4,-9999,0,-9999.0,80.0,57.2,76.8
20240619-1500,Mountain View Moffett Field Naval Air Station,"Mountain View, California, US",14.0,9.0,-9999.0,-9999.0,-9999.0,11.16,350,0,-9999.0,75.0,57.2,71.8
20240619-1600,Mountain View Moffett Field Naval Air Station,"Mountain View, California, US",15.0,10.0,-9999.0,-9999.0,-9999.0,7.5600000000000005,340,0,-9999.0,75.0,59.0,72.0
20240619-1700,Mountain View Moffett Field Naval Air Station,"Mountain View, California, US",17.0,10.0,-9999.0,-9999.0,-9999.0,11.16,30,0,-9999.0,65.0,62.6,63.4
20240619-1800,Mountain View Moffett Field Naval Air Station,"Mountain View, California, US",18.0,9.0,-9999.0,-9999.0,-9999.0,14.76,350,0,-9999.0,55.0,64.4,55.6
20240619-1900,Mountain View Moffett Field Naval Air Station,"Mountain View, California, US",17.0,11.0,-9999.0,-9999.0,-9999.0,22.32,340,0,-9999.0,70.0,62.6,67.7
20240619-2000,Mountain View Moffett Field Naval Air Station,"Mountain View, California, US",17.0,11.0,-9999.0,-9999.0,-9999.0,24.12,340,0,-9999.0,70.0,62.6,67.7
20240619-2100,Mountain View Moffett Field Naval Air Station,"Mountain View, California, US",18.0,12.0,-9999.0,-9999.0,-9999.0,20.520000000000003,330,0,-9999.0,70.0,64.4,68.0
20240619-2200,Mountain View Moffett Field Naval Air Station,"Mountain View, California, US",18.0,11.0,-9999.0,-9999.0,-9999.0,24.12,330,0,-9999.0,65.0,64.4,63.6
20240619-2300,Mountain View Moffett Field Naval Air Station,"Mountain View, California, US",18.0,11.0,-9999.0,-9999.0,-9999.0,25.919999999999998,340,0,-9999.0,65.0,64.4,63.6
20240620-0000,Mountain View Moffett Field Naval Air Station,"Mountain View, California, US",17.0,12.0,-9999.0,-9999.0,-9999.0,31.68,350,0,-9999.0,75.0,62.6,72.4
20240620-0100,Mountain View Moffett Field Naval Air Station,"Mountain View, California, US",17.0,11.0,-9999.0,-9999.0,-9999.0,25.919999999999998,340,0,-9999.0,70.0,62.6,67.7
20240620-0200,Mountain View Moffett Field Naval Air Station,"Mountain View, California, US",16.0,12.0,-9999.0,-9999.0,-9999.0,22.32,340,0,-9999.0,80.0,60.8,77.1
20240620-0300,Mountain View Moffett Field Naval Air Station,"Mountain View, California, US",15.0,11.0,-9999.0,-9999.0,-9999.0,22.32,340,0,-9999.0,80.0,59.0,77.0
20240620-0400,Mountain View Moffett Field Naval Air Station,"Mountain View, California, US",14.0,10.0,-9999.0,-9999.0,-9999.0,7.5600000000000005,320,50,-9999.0,80.0,57.2,76.8
20240620-0500,Mountain View Moffett Field Naval Air Station,"Mountain View, California, US",13.0,10.0,-9999.0,-9999.0,-9999.0,11.16,340,0,-9999.0,85.0,55.4,82.0
20240620-0600,Mountain View Moffett Field Naval Air Station,"Mountain View, California, US",13.0,10.0,-9999.0,-9999.0,-9999.0,0.0,0,-9999,-9999.0,85.0,55.4,82.0
20240620-0700,Mountain View Moffett Field Naval Air Station,"Mountain View, California, US",13.0,10.0,-9999.0,-9999.0,-9999.0,9.360000000000001,20,-9999,-9999.0,85.0,55.4,82.0
20240620-0800,Mountain View Moffett Field Naval Air Station,"Mountain View, California, US",13.0,10.0,-9999.0,-9999.0,-9999.0,5.4,100,-9999,-9999.0,85.0,55.4,82.0
20240620-0900,Mountain View Moffett Field Naval Air Station,"Mountain View, California, US",12.0,9.0,-9999.0,-9999.0,-9999.0,5.4,20,-9999,-9999.0,85.0,53.6,81.9
20240620-1000,Mountain View Moffett Field Naval Air Station,"Mountain View, California, US",12.0,10.0,-9999.0,-9999.0,-9999.0,5.4,-9999,-9999,-9999.0,90.0,53.6,87.6
20240620-1100,Mountain View Moffett Field Naval Air Station,"Mountain View, California, US",13.0,10.0,-9999.0,-9999.0,-9999.0,0.0,0,-9999,-9999.0,85.0,55.4,82.0
20240620-1200,Mountain View Moffett Field Naval Air Station,"Mountain View, California, US",13.0,10.0,-9999.0,-9999.0,-9999.0,9.360000000000001,350,-9999,-9999.0,85.0,55.4,82.0
20240620-1300,Mountain View Moffett Field Naval Air Station,"Mountain View, California, US",13.0,10.0,-9999.0,-9999.0,-9999.0,0.0,0,-9999,-9999.0,85.0,55.4,82.0
20240620-1400,Mountain View Moffett Field Naval Air Station,"Mountain View, California, US",13.0,9.0,-9999.0,-9999.0,-9999.0,7.5600000000000005,30,-9999,-9999.0,80.0,55.4,76.7
20240620-1500,Mountain View Moffett Field Naval Air Station,"Mountain View, California, US",14.0,10.0,-9999.0,-9999.0,-9999.0,5.4,-9999,-9999,-9999.0,80.0,57.2,76.8
20240620-1600,Mountain View Moffett Field Naval Air Station,"Mountain View, California, US",15.0,10.0,-9999.0,-9999.0,-9999.0,0.0,0,50,-9999.0,75.0,59.0,72.0
20240620-1700,Mountain View Moffett Field Naval Air Station,"Mountain View, California, US",16.0,10.0,-9999.0,-9999.0,-9999.0,7.5600000000000005,-9999,0,-9999.0,70.0,60.8,67.5
20240620-1800,Mountain View Moffett Field Naval Air Station,"Mountain View, California, US",17.0,11.0,-9999.0,-9999.0,-9999.0,11.16,20,0,-9999.0,70.0,62.6,67.7
20240620-1900,Mountain View Moffett Field Naval Air Station,"Mountain View, California, US",17.0,11.0,-9999.0,-9999.0,-9999.0,16.56,360,0,-9999.0,70.0,62.6,67.7
20240620-2000,Mountain View Moffett Field Naval Air Station,"Mountain View, California, US",17.0,11.0,-9999.0,-9999.0,-9999.0,18.36,340,0,-9999.0,70.0,62.6,67.7
20240620-2100,Mountain View Moffett Field Naval Air Station,"Mountain View, California, US",18.0,11.0,-9999.0,-9999.0,-9999.0,20.520000000000003,350,0,-9999.0,65.0,64.4,63.6
20240620-2200,Mountain View Moffett Field Naval Air Station,"Mountain View, California, US",18.0,12.0,-9999.0,-9999.0,-9999.0,22.32,340,0,-9999.0,70.0,64.4,68.0
20240620-2300,Mountain View Moffett Field Naval Air Station,"Mountain View, California, US",18.0,11.0,-9999.0,-9999.0,-9999.0,24.12,340,0,-9999.0,65.0,64.4,63.6
20240621-0000,Mountain View Moffett Field Naval Air Station,"Mountain View, California, US",18.0,12.0,-9999.0,-9999.0,-9999.0,24.12,340,0,-9999.0,70.0,64.4,68.0
20240621-0100,Mountain View Moffett Field Naval Air Station,"Mountain View, California, US",17.0,12.0,-9999.0,-9999.0,-9999.0,24.12,340,0,-9999.0,75.0,62.6,72.4
20240621-0200,Mountain View Moffett Field Naval Air Station,"Mountain View, California, US",16.0,12.0,-9999.0,-9999.0,-9999.0,24.12,360,0,-9999.0,80.0,60.8,77.1
20240621-0300,Mountain View Moffett Field Naval Air Station,"Mountain View, California, US",15.0,11.0,-9999.0,-9999.0,-9999.0,20.520000000000003,340,0,-9999.0,80.0,59.0,77.0
20240621-0400,Mountain View Moffett Field Naval Air Station,"Mountain View, California, US",14.0,10.0,-9999.0,-9999.0,-9999.0,18.36,360,0,-9999.0,80.0,57.2,76.8
20240621-0500,Mountain View Moffett Field Naval Air Station,"Mountain View, California, US",13.0,10.0,-9999.0,-9999.0,-9999.0,22.32,10,-9999,-9999.0,85.0,55.4,82.0
20240621-0600,Mountain View Moffett Field Naval Air Station,"Mountain View, California, US",13.0,11.0,-9999.0,-9999.0,-9999.0,16.56,20,-9999,-9999.0,90.0,55.4,87.6
20240621-0700,Mountain View Moffett Field Naval Air Station,"Mountain View, California, US",13.0,10.0,-9999.0,-9999.0,-9999.0,0.0,0,-9999,-9999.0,85.0,55.4,82.0
20240621-0800,Mountain View Moffett Field Naval Air Station,"Mountain View, California, US",13.0,10.0,-9999.0,-9999.0,-9999.0,16.56,360,-9999,-9999.0,85.0,55.4,82.0
20240621-0900,Mountain View Moffett Field Naval Air Station,"Mountain View, California, US",13.0,11.0,-9999.0,-9999.0,-9999.0,5.4,10,-9999,-9999.0,90.0,55.4,87.6
20240621-1000,Mountain View Moffett Field Naval Air Station,"Mountain View, California, US",13.0,11.0,-9999.0,-9999.0,-9999.0,5.4,50,-9999,-9999.0,90.0,55.4,87.6
20240621-1100,Mountain View Moffett Field Naval Air Station,"Mountain View, California, US",13.0,10.0,-9999.0,-9999.0,-9999.0,9.360000000000001,80,-9999,-9999.0,85.0,55.4,82.0
20240621-1200,Mountain View Moffett Field Naval Air Station,"Mountain View, California, US",13.0,10.0,-9999.0,-9999.0,-9999.0,0.0,0,-9999,-9999.0,85.0,55.4,82.0
20240621-1300,Mountain View Moffett Field Naval Air Station,"Mountain View, California, US",13.0,10.0,-9999.0,-9999.0,-9999.0,9.360000000000001,120,-9999,-9999.0,85.0,55.4,82.0
20240621-1400,Mountain View Moffett Field Naval Air Station,"Mountain View, California, US",13.0,10.0,-9999.0,-9999.0,-9999.0,5.4,-9999,-9999,-9999.0,85.0,55.4,82.0
20240621-1500,Mountain View Moffett Field Naval Air Station,"Mountain View, California, US",15.0,10.0,-9999.0,-9999.0,-9999.0,0.0,0,-9999,-9999.0,75.0,59.0,72.0
20240621-1600,Mountain View Moffett Field Naval Air Station,"Mountain View, California, US",16.0,10.0,-9999.0,-9999.0,-9999.0,0.0,0,0,-9999.0,70.0,60.8,67.5
20240621-1700,Mountain View Moffett Field Naval Air Station,"Mountain View, California, US",18.0,11.0,-9999.0,-9999.0,-9999.0,11.16,350,0,-9999.0,65.0,64.4,63.6
20240621-1800,Mountain View Moffett Field Naval Air Station,"Mountain View, California, US",19.0,11.0,-9999.0,-9999.0,-9999.0,9.360000000000001,-9999,0,-9999.0,60.0,66.2,59.7
20240621-1900,Mountain View Moffett Field Naval Air Station,"Mountain View, California, US",20.0,12.0,-9999.0,-9999.0,-9999.0,12.959999999999999,340,0,-9999.0,60.0,68.0,60.0
20240621-2000,Mountain View Moffett Field Naval Air Station,"Mountain View, California, US",22.0,13.0,-9999.0,-9999.0,-9999.0,9.360000000000001,350,0,-9999.0,55.0,71.6,56.6
20240621-2100,Mountain View Moffett Field Naval Air Station,"Mountain View, California, US",23.0,13.0,-9999.0,-9999.0,-9999.0,18.36,350,0,-9999.0,50.0,73.4,53.3
20240621-2200,Mountain View Moffett Field Naval Air Station,"Mountain View, California, US",21.0,13.0,-9999.0,-9999.0,-9999.0,24.12,340,0,-9999.0,60.0,69.8,60.2
20240621-2300,Mountain View Moffett Field Naval Air Station,"Mountain View, California, US",22.0,13.0,-9999.0,-9999.0,-9999.0,12.959999999999999,320,0,-9999.0,55.0,71.6,56.6
20240622-0000,Mountain View Moffett Field Naval Air Station,"Mountain View, California, US",22.0,13.0,-9999.0,-9999.0,-9999.0,18.36,340,0,-9999.0,55.0,71.6,56.6
20240622-0100,Mountain View Moffett Field Naval Air Station,"Mountain View, California, US",20.0,13.0,-9999.0,-9999.0,-9999.0,20.520000000000003,340,0,-9999.0,65.0,68.0,64.0
20240622-0200,Mountain View Moffett Field Naval Air Station,"Mountain View, California, US",18.0,13.0,-9999.0,-9999.0,-9999.0,24.12,340,0,-9999.0,75.0,64.4,72.6
20240622-0300,Mountain View Moffett Field Naval Air Station,"Mountain View, California, US",16.0,13.0,-9999.0,-9999.0,-9999.0,20.520000000000003,340,0,-9999.0,85.0,60.8,82.4
20240622-0400,Mountain View Moffett Field Naval Air Station,"Mountain View, California, US",15.0,13.0,-9999.0,-9999.0,-9999.0,20.520000000000003,350,0,-9999.0,90.0,59.0,87.8
20240622-0500,Mountain View Moffett Field Naval Air Station,"Mountain View, California, US",15.0,12.0,-9999.0,-9999.0,-9999.0,14.76,350,0,-9999.0,85.0,59.0,82.2
20240622-0600,Mountain View Moffett Field Naval Air Station,"Mountain View, California, US",14.0,12.0,-9999.0,-9999.0,-9999.0,12.959999999999999,360,50,-9999.0,90.0,57.2,87.7
20240622-0700,Mountain View Moffett Field Naval Air Station,"Mountain View, California, US",14.0,12.0,-9999.0,-9999.0,-9999.0,11.16,360,0,-9999.0,90.0,57.2,87.7
20240622-0800,Mountain View Moffett Field Naval Air Station,"Mountain View, California, US",14.0,12.0,-9999.0,-9999.0,-9999.0,7.5600000000000005,330,-9999,-9999.0,90.0,57.2,87.7
20240622-0900,Mountain View Moffett Field Naval Air Station,"Mountain View, California, US",14.0,12.0,-9999.0,-9999.0,-9999.0,0.0,0,-9999,-9999.0,90.0,57.2,87.7
20240622-1000,Mountain View Moffett Field Naval Air Station,"Mountain View, California, US",14.0,12.0,-9999.0,-9999.0,-9999.0,0.0,0,-9999,-9999.0,90.0,57.2,87.7
20240622-1100,Mountain View Moffett Field Naval Air Station,"Mountain View, California, US",14.0,12.0,-9999.0,-9999.0,-9999.0,0.0,0,-9999,-9999.0,90.0,57.2,87.7
20240622-1200,Mountain View Moffett Field Naval Air Station,"Mountain View, California, US",14.0,12.0,-9999.0,-9999.0,-9999.0,0.0,0,-9999,-9999.0,90.0,57.2,87.7
20240622-1300,Mountain View Moffett Field Naval Air Station,"Mountain View, California, US",14.0,12.0,-9999.0,-9999.0,-9999.0,0.0,0,-9999,-9999.0,90.0,57.2,87.7
20240622-1400,Mountain View Moffett Field Naval Air Station,"Mountain View, California, US",14.0,12.0,-9999.0,-9999.0,-9999.0,0.0,0,-9999,-9999.0,90.0,57.2,87.7
20240622-1500,Mountain View Moffett Field Naval Air Station,"Mountain View, California, US",15.0,13.0,-9999.0,-9999.0,-9999.0,0.0,0,50,-9999.0,90.0,59.0,87.8
20240622-1600,Mountain View Moffett Field Naval Air Station,"Mountain View, California, US",17.0,13.0,-9999.0,-9999.0,-9999.0,0.0,0,0,-9999.0,80.0,62.6,77.3
20240622-1700,Mountain View Moffett Field Naval Air Station,"Mountain View, California, US",18.0,14.0,-9999.0,-9999.0,-9999.0,9.360000000000001,10,0,-9999.0,80.0,64.4,77.4
20240622-1800,Mountain View Moffett Field Naval Air Station,"Mountain View, California, US",20.0,14.0,-9999.0,-9999.0,-9999.0,7.5600000000000005,10,0,-9999.0,70.0,68.0,68.4
20240622-1900,Mountain View Moffett Field Naval Air Station,"Mountain View, California, US",23.0,15.0,-9999.0,-9999.0,-9999.0,11.16,330,0,-9999.0,60.0,73.4,60.7
20240622-2000,Mountain View Moffett Field Naval Air Station,"Mountain View, California, US",24.0,15.0,-9999.0,-9999.0,-9999.0,16.56,350,0,-9999.0,55.0,75.2,57.1
20240622-2100,Mountain View Moffett Field Naval Air Station,"Mountain View, California, US",25.0,14.0,-9999.0,-9999.0,-9999.0,18.36,340,0,-9999.0,45.0,77.0,50.4
20240622-2200,Mountain View Moffett Field Naval Air Station,"Mountain View, California, US",25.0,14.0,-9999.0,-9999.0,-9999.0,14.76,360,0,-9999.0,45.0,77.0,50.4
20240622-2300,Mountain View Moffett Field Naval Air Station,"Mountain View, California, US",26.0,14.0,-9999.0,-9999.0,-9999.0,14.76,350,0,-9999.0,40.0,78.8,47.5
20240623-0000,Mountain View Moffett Field Naval Air Station,"Mountain View, California, US",26.0,14.0,-9999.0,-9999.0,-9999.0,16.56,350,0,-9999.0,40.0,78.8,47.5
20240623-0100,Mountain View Moffett Field Naval Air Station,"Mountain View, California, US",24.0,14.0,-9999.0,-9999.0,-9999.0,16.56,340,0,-9999.0,50.0,75.2,53.5
20240623-0200,Mountain View Moffett Field Naval Air Station,"Mountain View, California, US",24.0,14.0,-9999.0,-9999.0,-9999.0,14.76,320,0,-9999.0,50.0,75.2,53.5
20240623-0300,Mountain View Moffett Field Naval Air Station,"Mountain View, California, US",21.0,13.0,-9999.0,-9999.0,-9999.0,11.16,330,0,-9999.0,60.0,69.8,60.2
20240623-0400,Mountain View Moffett Field Naval Air Station,"Mountain View, California, US",20.0,13.0,-9999.0,-9999.0,-9999.0,7.5600000000000005,290,0,-9999.0,65.0,68.0,64.0
20240623-0500,Mountain View Moffett Field Naval Air Station,"Mountain View, California, US",20.0,12.0,-9999.0,-9999.0,-9999.0,0.0,0,0,-9999.0,60.0,68.0,60.0
20240623-0600,Mountain View Moffett Field Naval Air Station,"Mountain View, California, US",18.0,14.0,-9999.0,-9999.0,-9999.0,7.5600000000000005,320,25,-9999.0,80.0,64.4,77.4
20240623-0700,Mountain View Moffett Field Naval Air Station,"Mountain View, California, US",18.0,14.0,-9999.0,-9999.0,-9999.0,0.0,0,0,-9999.0,80.0,64.4,77.4
20240623-0800,Mountain View Moffett Field Naval Air Station,"Mountain View, California, US",18.0,14.0,-9999.0,-9999.0,-9999.0,0.0,0,0,-9999.0,80.0,64.4,77.4
20240623-0900,Mountain View Moffett Field Naval Air Station,"Mountain View, California, US",17.0,14.0,-9999.0,-9999.0,-9999.0,0.0,0,0,-9999.0,85.0,62.6,82.5
20240623-1000,Mountain View Moffett Field Naval Air Station,"Mountain View, California, US",17.0,13.0,-9999.0,-9999.0,-9999.0,7.5600000000000005,290,0,-9999.0,80.0,62.6,77.3
20240623-1100,Mountain View Moffett Field Naval Air Station,"Mountain View, California, US",16.0,13.0,-9999.0,-9999.0,-9999.0,7.5600000000000005,300,0,-9999.0,85.0,60.8,82.4
20240623-1200,Mountain View Moffett Field Naval Air Station,"Mountain View, California, US",15.0,13.0,-9999.0,-9999.0,-9999.0,5.4,270,0,-9999.0,90.0,59.0,87.8
20240623-1300,Mountain View Moffett Field Naval Air Station,"Mountain View, California, US",15.0,12.0,-9999.0,-9999.0,-9999.0,0.0,0,0,-9999.0,85.0,59.0,82.2
20240623-1400,Mountain View Moffett Field Naval Air Station,"Mountain View, California, US",16.0,12.0,-9999.0,-9999.0,-9999.0,0.0,0,0,-9999.0,80.0,60.8,77.1
20240623-1500,Mountain View Moffett Field Naval Air Station,"Mountain View, California, US",17.0,13.0,-9999.0,-9999.0,-9999.0,9.360000000000001,350,0,-9999.0,80.0,62.6,77.3
20240623-1600,Mountain View Moffett Field Naval Air Station,"Mountain View, California, US",18.0,14.0,-9999.0,-9999.0,-9999.0,5.4,-9999,0,-9999.0,80.0,64.4,77.4
20240623-1700,Mountain View Moffett Field Naval Air Station,"Mountain View, California, US",20.0,14.0,-9999.0,-9999.0,-9999.0,9.360000000000001,350,0,-9999.0,70.0,68.0,68.4
20240623-1800,Mountain View Moffett Field Naval Air Station,"Mountain View, California, US",20.0,15.0,-9999.0,-9999.0,-9999.0,14.76,360,0,-9999.0,75.0,68.0,72.9
20240623-1900,Mountain View Moffett Field Naval Air Station,"Mountain View, California, US",23.0,15.0,-9999.0,-9999.0,-9999.0,14.76,350,0,-9999.0,60.0,73.4,60.7
20240623-2000,Mountain View Moffett Field Naval Air Station,"Mountain View, California, US",23.0,14.0,-9999.0,-9999.0,-9999.0,14.76,340,0,-9999.0,55.0,73.4,56.9
20240623-2100,Mountain View Moffett Field Naval Air Station,"Mountain View, California, US",24.0,15.0,-9999.0,-9999.0,-9999.0,22.32,350,0,-9999.0,55.0,75.2,57.1
20240623-2200,Mountain View Moffett Field Naval Air Station,"Mountain View, California, US",23.0,14.0,-9999.0,-9999.0,-9999.0,20.520000000000003,340,0,-9999.0,55.0,73.4,56.9
20240623-2300,Mountain View Moffett Field Naval Air Station,"Mountain View, California, US",24.0,13.0,-9999.0,-9999.0,-9999.0,14.76,340,0,-9999.0,45.0,75.2,50.2
20240624-0000,Mountain View Moffett Field Naval Air Station,"Mountain View, California, US",24.0,14.0,-9999.0,-9999.0,-9999.0,20.520000000000003,350,0,-9999.0,50.0,75.2,53.5
20240624-0100,Mountain View Moffett Field Naval Air Station,"Mountain View, California, US",23.0,14.0,-9999.0,-9999.0,-9999.0,16.56,340,0,-9999.0,55.0,73.4,56.9
20240624-0200,Mountain View Moffett Field Naval Air Station,"Mountain View, California, US",22.0,15.0,-9999.0,-9999.0,-9999.0,20.520000000000003,340,0,-9999.0,65.0,71.6,64.5
20240624-0300,Mountain View Moffett Field Naval Air Station,"Mountain View, California, US",20.0,14.0,-9999.0,-9999.0,-9999.0,18.36,340,0,-9999.0,70.0,68.0,68.4
20240624-0400,Mountain View Moffett Field Naval Air Station,"Mountain View, California, US",19.0,14.0,-9999.0,-9999.0,-9999.0,14.76,330,0,-9999.0,75.0,66.2,72.7
20240624-0500,Mountain View Moffett Field Naval Air Station,"Mountain View, California, US",18.0,14.0,-9999.0,-9999.0,-9999.0,9.360000000000001,340,0,-9999.0,80.0,64.4,77.4
20240624-0600,Mountain View Moffett Field Naval Air Station,"Mountain View, California, US",18.0,14.0,-9999.0,-9999.0,-9999.0,0.0,0,0,-9999.0,80.0,64.4,77.4
20240624-0700,Mountain View Moffett Field Naval Air Station,"Mountain View, California, US",17.0,13.0,-9999.0,-9999.0,-9999.0,7.5600000000000005,280,0,-9999.0,80.0,62.6,77.3
20240624-0800,Mountain View Moffett Field Naval Air Station,"Mountain View, California, US",16.0,13.0,-9999.0,-9999.0,-9999.0,5.4,300,0,-9999.0,85.0,60.8,82.4
20240624-0900,Mountain View Moffett Field Naval Air Station,"Mountain View, California, US",16.0,13.0,-9999.0,-9999.0,-9999.0,0.0,0,0,-9999.0,85.0,60.8,82.4
20240624-1000,Mountain View Moffett Field Naval Air Station,"Mountain View, California, US",16.0,13.0,-9999.0,-9999.0,-9999.0,0.0,0,0,-9999.0,85.0,60.8,82.4
20240624-1100,Mountain View Moffett Field Naval Air Station,"Mountain View, California, US",15.0,13.0,-9999.0,-9999.0,-9999.0,0.0,0,0,-9999.0,90.0,59.0,87.8
20240624-1200,Mountain View Moffett Field Naval Air Station,"Mountain View, California, US",15.0,13.0,-9999.0,-9999.0,-9999.0,0.0,0,0,-9999.0,90.0,59.0,87.8
20240624-1300,Mountain View Moffett Field Naval Air Station,"Mountain View, California, US",15.0,13.0,-9999.0,-9999.0,-9999.0,0.0,0,0,-9999.0,90.0,59.0,87.8
20240624-1400,Mountain View Moffett Field Naval Air Station,"Mountain View, California, US",16.0,13.0,-9999.0,-9999.0,-9999.0,0.0,0,0,-9999.0,85.0,60.8,82.4
20240624-1500,Mountain View Moffett Field Naval Air Station,"Mountain View, California, US",17.0,14.0,-9999.0,-9999.0,-9999.0,0.0,0,0,-9999.0,85.0,62.6,82.5
20240624-1600,Mountain View Moffett Field Naval Air Station,"Mountain View, California, US",19.0,14.0,-9999.0,-9999.0,-9999.0,9.360000000000001,340,0,-9999.0,75.0,66.2,72.7
20240624-1700,Mountain View Moffett Field Naval Air Station,"Mountain View, California, US",19.0,15.0,-9999.0,-9999.0,-9999.0,11.16,-9999,0,-9999.0,80.0,66.2,77.6
20240624-1800,Mountain View Moffett Field Naval Air Station,"Mountain View, California, US",21.0,15.0,-9999.0,-9999.0,-9999.0,12.959999999999999,350,0,-9999.0,70.0,69.8,68.6
20240624-1900,Mountain View Moffett Field Naval Air Station,"Mountain View, California, US",24.0,13.0,-9999.0,-9999.0,-9999.0,12.959999999999999,350,0,-9999.0,45.0,75.2,50.2
20240624-2000,Mountain View Moffett Field Naval Air Station,"Mountain View, California, US",25.0,13.0,-9999.0,-9999.0,-9999.0,14.76,350,0,-9999.0,40.0,77.0,47.3
20240624-2100,Mountain View Moffett Field Naval Air Station,"Mountain View, California, US",25.0,12.0,-9999.0,-9999.0,-9999.0,16.56,350,0,-9999.0,35.0,77.0,44.2
20240624-2200,Mountain View Moffett Field Naval Air Station,"Mountain View, California, US",26.0,12.0,-9999.0,-9999.0,-9999.0,18.36,350,0,-9999.0,30.0,78.8,41.7
20240624-2300,Mountain View Moffett Field Naval Air Station,"Mountain View, California, US",27.0,12.0,-9999.0,-9999.0,-9999.0,20.520000000000003,350,0,-9999.0,25.0,80.6,39.3
20240625-0000,Mountain View Moffett Field Naval Air Station,"Mountain View, California, US",25.0,13.0,-9999.0,-9999.0,-9999.0,16.56,340,0,-9999.0,40.0,77.0,47.3
20240625-0100,Mountain View Moffett Field Naval Air Station,"Mountain View, California, US",25.0,13.0,-9999.0,-9999.0,-9999.0,12.959999999999999,330,0,-9999.0,40.0,77.0,47.3
20240625-0200,Mountain View Moffett Field Naval Air Station,"Mountain View, California, US",24.0,13.0,-9999.0,-9999.0,-9999.0,12.959999999999999,320,0,-9999.0,45.0,75.2,50.2
20240625-0300,Mountain View Moffett Field Naval Air Station,"Mountain View, California, US",22.0,13.0,-9999.0,-9999.0,-9999.0,12.959999999999999,340,0,-9999.0,55.0,71.6,56.6
20240625-0400,Mountain View Moffett Field Naval Air Station,"Mountain View, California, US",20.0,13.0,-9999.0,-9999.0,-9999.0,9.360000000000001,-9999,0,-9999.0,65.0,68.0,64.0
20240625-0500,Mountain View Moffett Field Naval Air Station,"Mountain View, California, US",19.0,12.0,-9999.0,-9999.0,-9999.0,7.5600000000000005,330,0,-9999.0,65.0,66.2,63.8
20240625-0600,Mountain View Moffett Field Naval Air Station,"Mountain View, California, US",19.0,12.0,-9999.0,-9999.0,-9999.0,0.0,0,0,-9999.0,65.0,66.2,63.8
20240625-0700,Mountain View Moffett Field Naval Air Station,"Mountain View, California, US",18.0,12.0,-9999.0,-9999.0,-9999.0,5.4,320,0,-9999.0,70.0,64.4,68.0
20240625-0800,Mountain View Moffett Field Naval Air Station,"Mountain View, California, US",18.0,12.0,-9999.0,-9999.0,-9999.0,0.0,0,0,-9999.0,70.0,64.4,68.0
20240625-0900,Mountain View Moffett Field Naval Air Station,"Mountain View, California, US",17.0,13.0,-9999.0,-9999.0,-9999.0,0.0,0,0,-9999.0,80.0,62.6,77.3
20240625-1000,Mountain View Moffett Field Naval Air Station,"Mountain View, California, US",18.0,13.0,-9999.0,-9999.0,-9999.0,0.0,0,-9999,-9999.0,75.0,64.4,72.6
20240625-1100,Mountain View Moffett Field Naval Air Station,"Mountain View, California, US",18.0,13.0,-9999.0,-9999.0,-9999.0,7.5600000000000005,310,25,-9999.0,75.0,64.4,72.6
20240625-1200,Mountain View Moffett Field Naval Air Station,"Mountain View, California, US",18.0,13.0,-9999.0,-9999.0,-9999.0,5.4,270,50,-9999.0,75.0,64.4,72.6
20240625-1300,Mountain View Moffett Field Naval Air Station,"Mountain View, California, US",18.0,13.0,-9999.0,-9999.0,-9999.0,5.4,290,0,-9999.0,75.0,64.4,72.6
20240625-1400,Mountain View Moffett Field Naval Air Station,"Mountain View, California, US",17.0,14.0,-9999.0,-9999.0,-9999.0,9.360000000000001,330,-9999,-9999.0,85.0,62.6,82.5
20240625-1500,Mountain View Moffett Field Naval Air Station,"Mountain View, California, US",19.0,14.0,-9999.0,-9999.0,-9999.0,0.0,0,0,-9999.0,75.0,66.2,72.7
20240625-1600,Mountain View Moffett Field Naval Air Station,"Mountain View, California, US",21.0,14.0,-9999.0,-9999.0,-9999.0,0.0,0,0,-9999.0,65.0,69.8,64.3
20240625-1700,Mountain View Moffett Field Naval Air Station,"Mountain View, California, US",20.0,14.0,-9999.0,-9999.0,-9999.0,9.360000000000001,340,0,-9999.0,70.0,68.0,68.4
20240625-1800,Mountain View Moffett Field Naval Air Station,"Mountain View, California, US",22.0,15.0,-9999.0,-9999.0,-9999.0,11.16,350,0,-9999.0,65.0,71.6,64.5
20240625-1900,Mountain View Moffett Field Naval Air Station,"Mountain View, California, US",24.0,14.0,-9999.0,-9999.0,-9999.0,12.959999999999999,340,0,-9999.0,50.0,75.2,53.5
20240625-2000,Mountain View Moffett Field Naval Air Station,"Mountain View, California, US",26.0,12.0,-9999.0,-9999.0,-9999.0,14.76,350,0,-9999.0,30.0,78.8,41.7
20240625-2100,Mountain View Moffett Field Naval Air Station,"Mountain View, California, US",25.0,14.0,-9999.0,-9999.0,-9999.0,12.959999999999999,320,0,-9999.0,45.0,77.0,50.4
20240625-2200,Mountain View Moffett Field Naval Air Station,"Mountain View, California, US",23.0,14.0,-9999.0,-9999.0,-9999.0,20.520000000000003,340,0,-9999.0,55.0,73.4,56.9
20240625-2300,Mountain View Moffett Field Naval Air Station,"Mountain View, California, US",23.0,12.0,-9999.0,-9999.0,-9999.0,20.520000000000003,340,0,-9999.0,45.0,73.4,49.9
20240626-0000,Mountain View Moffett Field Naval Air Station,"Mountain View, California, US",23.0,13.0,-9999.0,-9999.0,-9999.0,22.32,340,0,-9999.0,50.0,73.4,53.3
20240626-0100,Mountain View Moffett Field Naval Air Station,"Mountain View, California, US",23.0,14.0,-9999.0,-9999.0,-9999.0,22.32,360,0,-9999.0,55.0,73.4,56.9
20240626-0200,Mountain View Moffett Field Naval Air Station,"Mountain View, California, US",21.0,14.0,-9999.0,-9999.0,-9999.0,20.520000000000003,340,0,-9999.0,65.0,69.8,64.3
20240626-0300,Mountain View Moffett Field Naval Air Station,"Mountain View, California, US",19.0,13.0,-9999.0,-9999.0,-9999.0,14.76,340,0,-9999.0,70.0,66.2,68.2
20240626-0400,Mountain View Moffett Field Naval Air Station,"Mountain View, California, US",17.0,13.0,-9999.0,-9999.0,-9999.0,14.76,330,0,-9999.0,80.0,62.6,77.3
20240626-0500,Mountain View Moffett Field Naval Air Station,"Mountain View, California, US",17.0,14.0,-9999.0,-9999.0,-9999.0,18.36,350,0,-9999.0,85.0,62.6,82.5
20240626-0600,Mountain View Moffett Field Naval Air Station,"Mountain View, California, US",16.0,13.0,-9999.0,-9999.0,-9999.0,18.36,350,0,-9999.0,85.0,60.8,82.4
20240626-0700,Mountain View Moffett Field Naval Air Station,"Mountain View, California, US",15.0,13.0,-9999.0,-9999.0,-9999.0,22.32,360,0,-9999.0,90.0,59.0,87.8
20240626-0800,Mountain View Moffett Field Naval Air Station,"Mountain View, California, US",15.0,12.0,-9999.0,-9999.0,-9999.0,18.36,360,0,-9999.0,85.0,59.0,82.2
20240626-0900,Mountain View Moffett Field Naval Air Station,"Mountain View, California, US",15.0,13.0,-9999.0,-9999.0,-9999.0,18.36,360,-9999,-9999.0,90.0,59.0,87.8
20240626-1000,Mountain View Moffett Field Naval Air Station,"Mountain View, California, US",15.0,13.0,-9999.0,-9999.0,-9999.0,16.56,360,-9999,-9999.0,90.0,59.0,87.8
20240626-1100,Mountain View Moffett Field Naval Air Station,"Mountain View, California, US",15.0,13.0,-9999.0,-9999.0,-9999.0,11.16,-9999,-9999,-9999.0,90.0,59.0,87.8
20240626-1200,Mountain View Moffett Field Naval Air Station,"Mountain View, California, US",14.0,11.0,-9999.0,-9999.0,-9999.0,7.5600000000000005,330,25,-9999.0,85.0,57.2,82.1
20240626-1300,Mountain View Moffett Field Naval Air Station,"Mountain View, California, US",14.0,11.0,-9999.0,-9999.0,-9999.0,12.959999999999999,340,50,-9999.0,85.0,57.2,82.1
20240626-1400,Mountain View Moffett Field Naval Air Station,"Mountain View, California, US",14.0,11.0,-9999.0,-9999.0,-9999.0,12.959999999999999,340,-9999,-9999.0,85.0,57.2,82.1
20240626-1500,Mountain View Moffett Field Naval Air Station,"Mountain View, California, US",15.0,12.0,-9999.0,-9999.0,-9999.0,11.16,40,-9999,-9999.0,85.0,59.0,82.2
20240626-1600,Mountain View Moffett Field Naval Air Station,"Mountain View, California, US",15.0,12.0,-9999.0,-9999.0,-9999.0,9.360000000000001,30,-9999,-9999.0,85.0,59.0,82.2
20240626-1700,Mountain View Moffett Field Naval Air Station,"Mountain View, California, US",17.0,12.0,-9999.0,-9999.0,-9999.0,12.959999999999999,350,-9999,-9999.0,75.0,62.6,72.4
20240626-1800,Mountain View Moffett Field Naval Air Station,"Mountain View, California, US",17.0,12.0,-9999.0,-9999.0,-9999.0,14.76,10,50,-9999.0,75.0,62.6,72.4
20240626-1900,Mountain View Moffett Field Naval Air Station,"Mountain View, California, US",19.0,13.0,-9999.0,-9999.0,-9999.0,11.16,30,0,-9999.0,70.0,66.2,68.2
20240626-2000,Mountain View Moffett Field Naval Air Station,"Mountain View, California, US",20.0,13.0,-9999.0,-9999.0,-9999.0,12.959999999999999,340,0,-9999.0,65.0,68.0,64.0
20240626-2100,Mountain View Moffett Field Naval Air Station,"Mountain View, California, US",20.0,13.0,-9999.0,-9999.0,-9999.0,22.32,350,0,-9999.0,65.0,68.0,64.0
20240626-2200,Mountain View Moffett Field Naval Air Station,"Mountain View, California, US",20.0,13.0,-9999.0,-9999.0,-9999.0,29.52,350,0,-9999.0,65.0,68.0,64.0
20240626-2300,Mountain View Moffett Field Naval Air Station,"Mountain View, California, US",20.0,13.0,-9999.0,-9999.0,-9999.0,25.919999999999998,340,0,-9999.0,65.0,68.0,64.0
20240627-0000,Mountain View Moffett Field Naval Air Station,"Mountain View, California, US",20.0,13.0,-9999.0,-9999.0,-9999.0,29.52,340,0,-9999.0,65.0,68.0,64.0
20240627-0100,Mountain View Moffett Field Naval Air Station,"Mountain View, California, US",19.0,13.0,-9999.0,-9999.0,-9999.0,27.72,340,0,-9999.0,70.0,66.2,68.2
20240627-0200,Mountain View Moffett Field Naval Air Station,"Mountain View, California, US",19.0,12.0,-9999.0,-9999.0,-9999.0,25.919999999999998,340,0,-9999.0,65.0,66.2,63.8
20240627-0300,Mountain View Moffett Field Naval Air Station,"Mountain View, California, US",18.0,10.0,-9999.0,-9999.0,-9999.0,14.76,360,0,-9999.0,60.0,64.4,59.5
20240627-0400,Mountain View Moffett Field Naval Air Station,"Mountain View, California, US",17.0,9.0,-9999.0,-9999.0,-9999.0,14.76,350,0,-9999.0,60.0,62.6,59.3
20240627-0500,Mountain View Moffett Field Naval Air Station,"Mountain View, California, US",16.0,9.0,-9999.0,-9999.0,-9999.0,12.959999999999999,360,0,-9999.0,65.0,60.8,63.1
20240627-0600,Mountain View Moffett Field Naval Air Station,"Mountain View, California, US",16.0,9.0,-9999.0,-9999.0,-9999.0,11.16,40,0,-9999.0,65.0,60.8,63.1
20240627-0700,Mountain View Moffett Field Naval Air Station,"Mountain View, California, US",15.0,10.0,-9999.0,-9999.0,-9999.0,11.16,30,0,-9999.0,75.0,59.0,72.0
20240627-0800,Mountain View Moffett Field Naval Air Station,"Mountain View, California, US",15.0,10.0,-9999.0,-9999.0,-9999.0,7.5600000000000005,50,0,-9999.0,75.0,59.0,72.0
20240627-0900,Mountain View Moffett Field Naval Air Station,"Mountain View, California, US",15.0,10.0,-9999.0,-9999.0,-9999.0,11.16,30,0,-9999.0,75.0,59.0,72.0
20240627-1000,Mountain View Moffett Field Naval Air Station,"Mountain View, California, US",15.0,11.0,-9999.0,-9999.0,-9999.0,0.0,0,0,-9999.0,80.0,59.0,77.0
20240627-1100,Mountain View Moffett Field Naval Air Station,"Mountain View, California, US",14.0,10.0,-9999.0,-9999.0,-9999.0,7.5600000000000005,70,0,-9999.0,80.0,57.2,76.8
20240627-1200,Mountain View Moffett Field Naval Air Station,"Mountain View, California, US",13.0,11.0,-9999.0,-9999.0,-9999.0,0.0,0,0,-9999.0,90.0,55.4,87.6
20240627-1300,Mountain View Moffett Field Naval Air Station,"Mountain View, California, US",13.0,11.0,-9999.0,-9999.0,-9999.0,5.4,90,0,-9999.0,90.0,55.4,87.6
20240627-1400,Mountain View Moffett Field Naval Air Station,"Mountain View, California, US",14.0,12.0,-9999.0,-9999.0,-9999.0,0.0,0,0,-9999.0,90.0,57.2,87.7
20240627-1500,Mountain View Moffett Field Naval Air Station,"Mountain View, California, US",15.0,12.0,-9999.0,-9999.0,-9999.0,7.5600000000000005,20,0,-9999.0,85.0,59.0,82.2
20240627-1600,Mountain View Moffett Field Naval Air Station,"Mountain View, California, US",17.0,11.0,-9999.0,-9999.0,-9999.0,7.5600000000000005,-9999,0,-9999.0,70.0,62.6,67.7
20240627-1700,Mountain View Moffett Field Naval Air Station,"Mountain View, California, US",18.0,12.0,-9999.0,-9999.0,-9999.0,7.5600000000000005,10,0,-9999.0,70.0,64.4,68.0
20240627-1800,Mountain View Moffett Field Naval Air Station,"Mountain View, California, US",21.0,11.0,-9999.0,-9999.0,-9999.0,7.5600000000000005,-9999,0,-9999.0,50.0,69.8,52.8
20240627-1900,Mountain View Moffett Field Naval Air Station,"Mountain View, California, US",21.0,13.0,-9999.0,-9999.0,-9999.0,16.56,340,0,-9999.0,60.0,69.8,60.2
20240627-2000,Mountain View Moffett Field Naval Air Station,"Mountain View, California, US",21.0,13.0,-9999.0,-9999.0,-9999.0,18.36,330,0,-9999.0,60.0,69.8,60.2
20240627-2100,Mountain View Moffett Field Naval Air Station,"Mountain View, California, US",21.0,13.0,-9999.0,-9999.0,-9999.0,25.919999999999998,340,0,-9999.0,60.0,69.8,60.2
20240627-2200,Mountain View Moffett Field Naval Air Station,"Mountain View, California, US",21.0,13.0,-9999.0,-9999.0,-9999.0,27.72,340,0,-9999.0,60.0,69.8,60.2
20240627-2300,Mountain View Moffett Field Naval Air Station,"Mountain View, California, US",22.0,13.0,-9999.0,-9999.0,-9999.0,25.919999999999998,340,0,-9999.0,55.0,71.6,56.6
20240628-0000,Mountain View Moffett Field Naval Air Station,"Mountain View, California, US",22.0,11.0,-9999.0,-9999.0,-9999.0,27.72,350,0,-9999.0,45.0,71.6,49.6
20240628-0100,Mountain View Moffett Field Naval Air Station,"Mountain View, California, US",23.0,8.0,-9999.0,-9999.0,-9999.0,22.32,330,0,-9999.0,25.0,73.4,38.2
20240628-0200,Mountain View Moffett Field Naval Air Station,"Mountain View, California, US",22.0,7.0,-9999.0,-9999.0,-9999.0,18.36,330,0,-9999.0,25.0,71.6,37.9
20240628-0300,Mountain View Moffett Field Naval Air Station,"Mountain View, California, US",19.0,12.0,-9999.0,-9999.0,-9999.0,22.32,20,0,-9999.0,65.0,66.2,63.8
20240628-0400,Mountain View Moffett Field Naval Air Station,"Mountain View, California, US",17.0,12.0,-9999.0,-9999.0,-9999.0,14.76,40,0,-9999.0,75.0,62.6,72.4
20240628-0500,Mountain View Moffett Field Naval Air Station,"Mountain View, California, US",16.0,12.0,-9999.0,-9999.0,-9999.0,12.959999999999999,40,0,-9999.0,80.0,60.8,77.1
20240628-0600,Mountain View Moffett Field Naval Air Station,"Mountain View, California, US",15.0,11.0,-9999.0,-9999.0,-9999.0,9.360000000000001,360,0,-9999.0,80.0,59.0,77.0
20240628-0700,Mountain View Moffett Field Naval Air Station,"Mountain View, California, US",15.0,11.0,-9999.0,-9999.0,-9999.0,5.4,10,0,-9999.0,80.0,59.0,77.0
20240628-0800,Mountain View Moffett Field Naval Air Station,"Mountain View, California, US",14.0,11.0,-9999.0,-9999.0,-9999.0,5.4,50,0,-9999.0,85.0,57.2,82.1
20240628-0900,Mountain View Moffett Field Naval Air Station,"Mountain View, California, US",14.0,11.0,-9999.0,-9999.0,-9999.0,5.4,40,0,-9999.0,85.0,57.2,82.1
20240628-1000,Mountain View Moffett Field Naval Air Station,"Mountain View, California, US",14.0,11.0,-9999.0,-9999.0,-9999.0,0.0,0,0,-9999.0,85.0,57.2,82.1
20240628-1100,Mountain View Moffett Field Naval Air Station,"Mountain View, California, US",14.0,11.0,-9999.0,-9999.0,-9999.0,0.0,0,0,-9999.0,85.0,57.2,82.1
20240628-1200,Mountain View Moffett Field Naval Air Station,"Mountain View, California, US",13.0,11.0,-9999.0,-9999.0,-9999.0,0.0,0,0,-9999.0,90.0,55.4,87.6
20240628-1300,Mountain View Moffett Field Naval Air Station,"Mountain View, California, US",14.0,10.0,-9999.0,-9999.0,-9999.0,0.0,0,0,-9999.0,80.0,57.2,76.8
20240628-1400,Mountain View Moffett Field Naval Air Station,"Mountain View, California, US",15.0,11.0,-9999.0,-9999.0,-9999.0,0.0,0,0,-9999.0,80.0,59.0,77.0
20240628-1500,Mountain View Moffett Field Naval Air Station,"Mountain View, California, US",16.0,12.0,-9999.0,-9999.0,-9999.0,0.0,0,0,-9999.0,80.0,60.8,77.1
20240628-1600,Mountain View Moffett Field Naval Air Station,"Mountain View, California, US",18.0,12.0,-9999.0,-9999.0,-9999.0,0.0,0,0,-9999.0,70.0,64.4,68.0
20240628-1700,Mountain View Moffett Field Naval Air Station,"Mountain View, California, US",19.0,12.0,-9999.0,-9999.0,-9999.0,7.5600000000000005,350,0,-9999.0,65.0,66.2,63.8
20240628-1800,Mountain View Moffett Field Naval Air Station,"Mountain View, California, US",21.0,13.0,-9999.0,-9999.0,-9999.0,9.360000000000001,340,0,-9999.0,60.0,69.8,60.2
20240628-1900,Mountain View Moffett Field Naval Air Station,"Mountain View, California, US",23.0,13.0,-9999.0,-9999.0,-9999.0,14.76,350,0,-9999.0,50.0,73.4,53.3
20240628-2000,Mountain View Moffett Field Naval Air Station,"Mountain View, California, US",24.0,13.0,-9999.0,-9999.0,-9999.0,14.76,350,0,-9999.0,45.0,75.2,50.2
20240628-2100,Mountain View Moffett Field Naval Air Station,"Mountain View, California, US",25.0,12.0,-9999.0,-9999.0,-9999.0,20.520000000000003,340,-9999,-9999.0,35.0,77.0,44.2
20240628-2200,Mountain View Moffett Field Naval Air Station,"Mountain View, California, US",25.0,13.0,-9999.0,-9999.0,-9999.0,22.32,340,0,-9999.0,40.0,77.0,47.3
20240628-2300,Mountain View Moffett Field Naval Air Station,"Mountain View, California, US",25.0,14.0,-9999.0,-9999.0,-9999.0,22.32,340,0,-9999.0,45.0,77.0,50.4
20240629-0000,Mountain View Moffett Field Naval Air Station,"Mountain View, California, US",23.0,13.0,-9999.0,-9999.0,-9999.0,22.32,350,0,-9999.0,50.0,73.4,53.3
20240629-0100,Mountain View Moffett Field Naval Air Station,"Mountain View, California, US",22.0,14.0,-9999.0,-9999.0,-9999.0,18.36,350,0,-9999.0,60.0,71.6,60.4
20240629-0200,Mountain View Moffett Field Naval Air Station,"Mountain View, California, US",22.0,13.0,-9999.0,-9999.0,-9999.0,14.76,340,0,-9999.0,55.0,71.6,56.6
20240629-0300,Mountain View Moffett Field Naval Air Station,"Mountain View, California, US",20.0,14.0,-9999.0,-9999.0,-9999.0,11.16,320,0,-9999.0,70.0,68.0,68.4
20240629-0400,Mountain View Moffett Field Naval Air Station,"Mountain View, California, US",19.0,14.0,-9999.0,-9999.0,-9999.0,11.16,330,0,-9999.0,75.0,66.2,72.7
20240629-0500,Mountain View Moffett Field Naval Air Station,"Mountain View, California, US",18.0,14.0,-9999.0,-9999.0,-9999.0,11.16,340,0,-9999.0,80.0,64.4,77.4
20240629-0600,Mountain View Moffett Field Naval Air Station,"Mountain View, California, US",17.0,14.0,-9999.0,-9999.0,-9999.0,5.4,290,0,-9999.0,85.0,62.6,82.5
20240629-0700,Mountain View Moffett Field Naval Air Station,"Mountain View, California, US",17.0,13.0,-9999.0,-9999.0,-9999.0,9.360000000000001,350,0,-9999.0,80.0,62.6,77.3
20240629-0800,Mountain View Moffett Field Naval Air Station,"Mountain View, California, US",16.0,13.0,-9999.0,-9999.0,-9999.0,0.0,0,0,-9999.0,85.0,60.8,82.4
20240629-0900,Mountain View Moffett Field Naval Air Station,"Mountain View, California, US",16.0,13.0,-9999.0,-9999.0,-9999.0,0.0,0,0,-9999.0,85.0,60.8,82.4
20240629-1000,Mountain View Moffett Field Naval Air Station,"Mountain View, California, US",16.0,13.0,-9999.0,-9999.0,-9999.0,0.0,0,0,-9999.0,85.0,60.8,82.4
20240629-1100,Mountain View Moffett Field Naval Air Station,"Mountain View, California, US",15.0,13.0,-9999.0,-9999.0,-9999.0,0.0,0,0,-9999.0,90.0,59.0,87.8
20240629-1200,Mountain View Moffett Field Naval Air Station,"Mountain View, California, US",15.0,13.0,-9999.0,-9999.0,-9999.0,0.0,0,0,-9999.0,90.0,59.0,87.8
20240629-1300,Mountain View Moffett Field Naval Air Station,"Mountain View, California, US",15.0,12.0,-9999.0,-9999.0,-9999.0,0.0,0,0,-9999.0,85.0,59.0,82.2
20240629-1400,Mountain View Moffett Field Naval Air Station,"Mountain View, California, US",15.0,13.0,-9999.0,-9999.0,-9999.0,11.16,350,25,-9999.0,90.0,59.0,87.8
20240629-1500,Mountain View Moffett Field Naval Air Station,"Mountain View, California, US",16.0,13.0,-9999.0,-9999.0,-9999.0,0.0,0,50,-9999.0,85.0,60.8,82.4
20240629-1600,Mountain View Moffett Field Naval Air Station,"Mountain View, California, US",18.0,13.0,-9999.0,-9999.0,-9999.0,9.360000000000001,340,0,-9999.0,75.0,64.4,72.6
20240629-1700,Mountain View Moffett Field Naval Air Station,"Mountain View, California, US",19.0,13.0,-9999.0,-9999.0,-9999.0,7.5600000000000005,-9999,0,-9999.0,70.0,66.2,68.2
20240629-1800,Mountain View Moffett Field Naval Air Station,"Mountain View, California, US",22.0,13.0,-9999.0,-9999.0,-9999.0,0.0,0,0,-9999.0,55.0,71.6,56.6
20240629-1900,Mountain View Moffett Field Naval Air Station,"Mountain View, California, US",24.0,14.0,-9999.0,-9999.0,-9999.0,11.16,330,0,-9999.0,50.0,75.2,53.5
20240629-2000,Mountain View Moffett Field Naval Air Station,"Mountain View, California, US",25.0,15.0,-9999.0,-9999.0,-9999.0,12.959999999999999,330,0,-9999.0,50.0,77.0,53.8
20240629-2100,Mountain View Moffett Field Naval Air Station,"Mountain View, California, US",25.0,13.0,-9999.0,-9999.0,-9999.0,22.32,340,0,-9999.0,40.0,77.0,47.3
20240629-2200,Mountain View Moffett Field Naval Air Station,"Mountain View, California, US",23.0,15.0,-9999.0,-9999.0,-9999.0,27.72,350,0,-9999.0,60.0,73.4,60.7
20240629-2300,Mountain View Moffett Field Naval Air Station,"Mountain View, California, US",23.0,15.0,-9999.0,-9999.0,-9999.0,18.36,340,0,-9999.0,60.0,73.4,60.7
20240630-0000,Mountain View Moffett Field Naval Air Station,"Mountain View, California, US",22.0,14.0,-9999.0,-9999.0,-9999.0,16.56,340,0,-9999.0,60.0,71.6,60.4
20240630-0100,Mountain View Moffett Field Naval Air Station,"Mountain View, California, US",23.0,14.0,-9999.0,-9999.0,-9999.0,18.36,340,0,-9999.0,55.0,73.4,56.9
20240630-0200,Mountain View Moffett Field Naval Air Station,"Mountain View, California, US",22.0,14.0,-9999.0,-9999.0,-9999.0,14.76,340,0,-9999.0,60.0,71.6,60.4
20240630-0300,Mountain View Moffett Field Naval Air Station,"Mountain View, California, US",20.0,14.0,-9999.0,-9999.0,-9999.0,12.959999999999999,320,0,-9999.0,70.0,68.0,68.4
20240630-0400,Mountain View Moffett Field Naval Air Station,"Mountain View, California, US",20.0,13.0,-9999.0,-9999.0,-9999.0,5.4,320,0,-9999.0,65.0,68.0,64.0
20240630-0500,Mountain View Moffett Field Naval Air Station,"Mountain View, California, US",19.0,13.0,-9999.0,-9999.0,-9999.0,0.0,0,0,-9999.0,70.0,66.2,68.2
20240630-0600,Mountain View Moffett Field Naval Air Station,"Mountain View, California, US",19.0,13.0,-9999.0,-9999.0,-9999.0,5.4,320,0,-9999.0,70.0,66.2,68.2
20240630-0700,Mountain View Moffett Field Naval Air Station,"Mountain View, California, US",18.0,13.0,-9999.0,-9999.0,-9999.0,0.0,0,0,-9999.0,75.0,64.4,72.6
20240630-0800,Mountain View Moffett Field Naval Air Station,"Mountain View, California, US",18.0,13.0,-9999.0,-9999.0,-9999.0,0.0,0,0,-9999.0,75.0,64.4,72.6
20240630-0900,Mountain View Moffett Field Naval Air Station,"Mountain View, California, US",18.0,13.0,-9999.0,-9999.0,-9999.0,5.4,270,0,-9999.0,75.0,64.4,72.6
20240630-1000,Mountain View Moffett Field Naval Air Station,"Mountain View, California, US",18.0,13.0,-9999.0,-9999.0,-9999.0,0.0,0,0,-9999.0,75.0,64.4,72.6
20240630-1100,Mountain View Moffett Field Naval Air Station,"Mountain View, California, US",17.0,13.0,-9999.0,-9999.0,-9999.0,0.0,0,0,-9999.0,80.0,62.6,77.3
20240630-1200,Mountain View Moffett Field Naval Air Station,"Mountain View, California, US",17.0,13.0,-9999.0,-9999.0,-9999.0,0.0,0,0,-9999.0,80.0,62.6,77.3
20240630-1300,Mountain View Moffett Field Naval Air Station,"Mountain View, California, US",17.0,12.0,-9999.0,-9999.0,-9999.0,0.0,0,0,-9999.0,75.0,62.6,72.4
20240630-1400,Mountain View Moffett Field Naval Air Station,"Mountain View, California, US",18.0,14.0,-9999.0,-9999.0,-9999.0,0.0,0,0,-9999.0,80.0,64.4,77.4
20240630-1500,Mountain View Moffett Field Naval Air Station,"Mountain View, California, US",20.0,15.0,-9999.0,-9999.0,-9999.0,5.4,10,0,-9999.0,75.0,68.0,72.9
20240630-1600,Mountain View Moffett Field Naval Air Station,"Mountain View, California, US",22.0,15.0,-9999.0,-9999.0,-9999.0,0.0,0,0,-9999.0,65.0,71.6,64.5
20240630-1700,Mountain View Moffett Field Naval Air Station,"Mountain View, California, US",23.0,14.0,-9999.0,-9999.0,-9999.0,7.5600000000000005,10,0,-9999.0,55.0,73.4,56.9
20240630-1800,Mountain View Moffett Field Naval Air Station,"Mountain View, California, US",25.0,14.0,-9999.0,-9999.0,-9999.0,12.959999999999999,350,0,-9999.0,45.0,77.0,50.4
20240630-1900,Mountain View Moffett Field Naval Air Station,"Mountain View, California, US",25.0,13.0,-9999.0,-9999.0,-9999.0,22.32,350,0,-9999.0,40.0,77.0,47.3
20240630-2000,Mountain View Moffett Field Naval Air Station,"Mountain View, California, US",26.0,16.0,-9999.0,-9999.0,-9999.0,27.72,350,0,-9999.0,50.0,78.8,54.1
20240630-2100,Mountain View Moffett Field Naval Air Station,"Mountain View, California, US",27.0,16.0,-9999.0,-9999.0,-9999.0,29.52,350,0,-9999.0,45.0,80.6,51.0
20240630-2200,Mountain View Moffett Field Naval Air Station,"Mountain View, California, US",27.0,14.0,-9999.0,-9999.0,-9999.0,27.72,360,0,-9999.0,35.0,80.6,44.8
20240630-2300,Mountain View Moffett Field Naval Air Station,"Mountain View, California, US",25.0,15.0,-9999.0,-9999.0,-9999.0,29.52,350,-9999,-9999.0,50.0,77.0,53.8
20240701-0000,Mountain View Moffett Field Naval Air Station,"Mountain View, California, US",24.0,15.0,-9999.0,-9999.0,-9999.0,33.480000000000004,350,0,-9999.0,55.0,75.2,57.1
20240701-0100,Mountain View Moffett Field Naval Air Station,"Mountain View, California, US",23.0,15.0,-9999.0,-9999.0,-9999.0,27.72,350,0,-9999.0,60.0,73.4,60.7
20240701-0200,Mountain View Moffett Field Naval Air Station,"Mountain View, California, US",21.0,15.0,-9999.0,-9999.0,-9999.0,24.12,350,0,-9999.0,70.0,69.8,68.6
20240701-0300,Mountain View Moffett Field Naval Air Station,"Mountain View, California, US",19.0,14.0,-9999.0,-9999.0,-9999.0,18.36,360,0,-9999.0,75.0,66.2,72.7
20240701-0400,Mountain View Moffett Field Naval Air Station,"Mountain View, California, US",18.0,14.0,-9999.0,-9999.0,-9999.0,14.76,10,0,-9999.0,80.0,64.4,77.4
20240701-0500,Mountain View Moffett Field Naval Air Station,"Mountain View, California, US",17.0,13.0,-9999.0,-9999.0,-9999.0,16.56,360,0,-9999.0,80.0,62.6,77.3
20240701-0600,Mountain View Moffett Field Naval Air Station,"Mountain View, California, US",17.0,14.0,-9999.0,-9999.0,-9999.0,12.959999999999999,340,0,-9999.0,85.0,62.6,82.5
20240701-0700,Mountain View Moffett Field Naval Air Station,"Mountain View, California, US",16.0,14.0,-9999.0,-9999.0,-9999.0,9.360000000000001,360,0,-9999.0,90.0,60.8,87.9
20240701-0800,Mountain View Moffett Field Naval Air Station,"Mountain View, California, US",15.0,13.0,-9999.0,-9999.0,-9999.0,0.0,0,0,-9999.0,90.0,59.0,87.8
20240701-0900,Mountain View Moffett Field Naval Air Station,"Mountain View, California, US",15.0,13.0,-9999.0,-9999.0,-9999.0,0.0,0,0,-9999.0,90.0,59.0,87.8
20240701-1000,Mountain View Moffett Field Naval Air Station,"Mountain View, California, US",16.0,14.0,-9999.0,-9999.0,-9999.0,0.0,0,0,-9999.0,90.0,60.8,87.9
20240701-1100,Mountain View Moffett Field Naval Air Station,"Mountain View, California, US",15.0,13.0,-9999.0,-9999.0,-9999.0,0.0,0,0,-9999.0,90.0,59.0,87.8
20240701-1200,Mountain View Moffett Field Naval Air Station,"Mountain View, California, US",15.0,13.0,-9999.0,-9999.0,-9999.0,0.0,0,0,-9999.0,90.0,59.0,87.8
20240701-1300,Mountain View Moffett Field Naval Air Station,"Mountain View, California, US",16.0,13.0,-9999.0,-9999.0,-9999.0,0.0,0,0,-9999.0,85.0,60.8,82.4
20240701-1400,Mountain View Moffett Field Naval Air Station,"Mountain View, California, US",17.0,14.0,-9999.0,-9999.0,-9999.0,0.0,0,0,-9999.0,85.0,62.6,82.5
20240701-1500,Mountain View Moffett Field Naval Air Station,"Mountain View, California, US",18.0,14.0,-9999.0,-9999.0,-9999.0,0.0,0,0,-9999.0,80.0,64.4,77.4
20240701-1600,Mountain View Moffett Field Naval Air Station,"Mountain View, California, US",19.0,14.0,-9999.0,-9999.0,-9999.0,0.0,0,0,-9999.0,75.0,66.2,72.7
20240701-1700,Mountain View Moffett Field Naval Air Station,"Mountain View, California, US",20.0,15.0,-9999.0,-9999.0,-9999.0,7.5600000000000005,340,0,-9999.0,75.0,68.0,72.9
20240701-1800,Mountain View Moffett Field Naval Air Station,"Mountain View, California, US",22.0,15.0,-9999.0,-9999.0,-9999.0,7.5600000000000005,350,0,-9999.0,65.0,71.6,64.5
20240701-1900,Mountain View Moffett Field Naval Air Station,"Mountain View, California, US",24.0,14.0,-9999.0,-9999.0,-9999.0,9.360000000000001,-9999,0,-9999.0,50.0,75.2,53.5
20240701-2000,Mountain View Moffett Field Naval Air Station,"Mountain View, California, US",25.0,14.0,-9999.0,-9999.0,-9999.0,12.959999999999999,360,0,-9999.0,45.0,77.0,50.4
20240701-2100,Mountain View Moffett Field Naval Air Station,"Mountain View, California, US",26.0,14.0,-9999.0,-9999.0,-9999.0,14.76,350,0,-9999.0,40.0,78.8,47.5
20240701-2200,Mountain View Moffett Field Naval Air Station,"Mountain View, California, US",28.0,14.0,-9999.0,-9999.0,-9999.0,16.56,320,0,-9999.0,30.0,82.4,42.2
20240701-2300,Mountain View Moffett Field Naval Air Station,"Mountain View, California, US",26.0,14.0,-9999.0,-9999.0,-9999.0,24.12,320,0,-9999.0,40.0,78.8,47.5
20240702-0000,Mountain View Moffett Field Naval Air Station,"Mountain View, California, US",25.0,14.0,-9999.0,-9999.0,-9999.0,14.76,330,0,-9999.0,45.0,77.0,50.4
20240702-0100,Mountain View Moffett Field Naval Air Station,"Mountain View, California, US",24.0,13.0,-9999.0,-9999.0,-9999.0,16.56,330,0,-9999.0,45.0,75.2,50.2
20240702-0200,Mountain View Moffett Field Naval Air Station,"Mountain View, California, US",23.0,15.0,-9999.0,-9999.0,-9999.0,18.36,340,0,-9999.0,60.0,73.4,60.7
20240702-0300,Mountain View Moffett Field Naval Air Station,"Mountain View, California, US",22.0,15.0,-9999.0,-9999.0,-9999.0,11.16,340,0,-9999.0,65.0,71.6,64.5
20240702-0400,Mountain View Moffett Field Naval Air Station,"Mountain View, California, US",20.0,14.0,-9999.0,-9999.0,-9999.0,11.16,330,0,-9999.0,70.0,68.0,68.4
20240702-0500,Mountain View Moffett Field Naval Air Station,"Mountain View, California, US",19.0,14.0,-9999.0,-9999.0,-9999.0,7.5600000000000005,-9999,0,-9999.0,75.0,66.2,72.7
20240702-0600,Mountain View Moffett Field Naval Air Station,"Mountain View, California, US",19.0,14.0,-9999.0,-9999.0,-9999.0,9.360000000000001,350,0,-9999.0,75.0,66.2,72.7
20240702-0700,Mountain View Moffett Field Naval Air Station,"Mountain View, California, US",19.0,14.0,-9999.0,-9999.0,-9999.0,0.0,0,0,-9999.0,75.0,66.2,72.7
20240702-0800,Mountain View Moffett Field Naval Air Station,"Mountain View, California, US",19.0,14.0,-9999.0,-9999.0,-9999.0,0.0,0,0,-9999.0,75.0,66.2,72.7
20240702-0900,Mountain View Moffett Field Naval Air Station,"Mountain View, California, US",18.0,15.0,-9999.0,-9999.0,-9999.0,0.0,0,0,-9999.0,85.0,64.4,82.6
20240702-1000,Mountain View Moffett Field Naval Air Station,"Mountain View, California, US",18.0,14.0,-9999.0,-9999.0,-9999.0,0.0,0,0,-9999.0,80.0,64.4,77.4
20240702-1100,Mountain View Moffett Field Naval Air Station,"Mountain View, California, US",17.0,14.0,-9999.0,-9999.0,-9999.0,0.0,0,0,-9999.0,85.0,62.6,82.5
20240702-1200,Mountain View Moffett Field Naval Air Station,"Mountain View, California, US",18.0,14.0,-9999.0,-9999.0,-9999.0,0.0,0,0,-9999.0,80.0,64.4,77.4
20240702-1300,Mountain View Moffett Field Naval Air Station,"Mountain View, California, US",17.0,13.0,-9999.0,-9999.0,-9999.0,0.0,0,0,-9999.0,80.0,62.6,77.3
20240702-1400,Mountain View Moffett Field Naval Air Station,"Mountain View, California, US",20.0,14.0,-9999.0,-9999.0,-9999.0,0.0,0,0,-9999.0,70.0,68.0,68.4
20240702-1500,Mountain View Moffett Field Naval Air Station,"Mountain View, California, US",21.0,15.0,-9999.0,-9999.0,-9999.0,0.0,0,0,-9999.0,70.0,69.8,68.6
20240702-1600,Mountain View Moffett Field Naval Air Station,"Mountain View, California, US",24.0,16.0,-9999.0,-9999.0,-9999.0,0.0,0,-9999,-9999.0,60.0,75.2,60.9
20240702-1700,Mountain View Moffett Field Naval Air Station,"Mountain View, California, US",25.0,16.0,-9999.0,-9999.0,-9999.0,5.4,-9999,0,-9999.0,55.0,77.0,57.4
20240702-1800,Mountain View Moffett Field Naval Air Station,"Mountain View, California, US",27.0,17.0,-9999.0,-9999.0,-9999.0,7.5600000000000005,-9999,0,-9999.0,50.0,80.6,54.3
20240702-1900,Mountain View Moffett Field Naval Air Station,"Mountain View, California, US",30.0,17.0,-9999.0,-9999.0,-9999.0,7.5600000000000005,-9999,0,-9999.0,35.0,86.0,45.6
20240702-2000,Mountain View Moffett Field Naval Air Station,"Mountain View, California, US",32.0,16.0,-9999.0,-9999.0,-9999.0,12.959999999999999,10,0,-9999.0,20.0,89.6,38.2
20240702-2100,Mountain View Moffett Field Naval Air Station,"Mountain View, California, US",32.0,13.0,-9999.0,-9999.0,-9999.0,16.56,340,0,-9999.0,5.0,89.6,31.4
20240702-2200,Mountain View Moffett Field Naval Air Station,"Mountain View, California, US",34.0,12.0,-9999.0,-9999.0,-9999.0,18.36,340,0,-9999.0,-10.0,93.2,26.3
20240702-2300,Mountain View Moffett Field Naval Air Station,"Mountain View, California, US",34.0,12.0,-9999.0,-9999.0,-9999.0,20.520000000000003,340,0,-9999.0,-10.0,93.2,26.3
20240703-0000,Mountain View Moffett Field Naval Air Station,"Mountain View, California, US",32.0,16.0,-9999.0,-9999.0,-9999.0,18.36,350,0,-9999.0,20.0,89.6,38.2
20240703-0100,Mountain View Moffett Field Naval Air Station,"Mountain View, California, US",30.0,13.0,-9999.0,-9999.0,-9999.0,25.919999999999998,340,0,-9999.0,15.0,86.0,35.3
20240703-0200,Mountain View Moffett Field Naval Air Station,"Mountain View, California, US",29.0,13.0,-9999.0,-9999.0,-9999.0,14.76,340,0,-9999.0,20.0,84.2,37.3
20240703-0300,Mountain View Moffett Field Naval Air Station,"Mountain View, California, US",28.0,13.0,-9999.0,-9999.0,-9999.0,11.16,320,0,-9999.0,25.0,82.4,39.6
20240703-0400,Mountain View Moffett Field Naval Air Station,"Mountain View, California, US",27.0,11.0,-9999.0,-9999.0,-9999.0,7.5600000000000005,280,0,-9999.0,20.0,80.6,36.8
20240703-0500,Mountain View Moffett Field Naval Air Station,"Mountain View, California, US",26.0,10.0,-9999.0,-9999.0,-9999.0,7.5600000000000005,280,0,-9999.0,20.0,78.8,36.5
20240703-0600,Mountain View Moffett Field Naval Air Station,"Mountain View, California, US",25.0,11.0,-9999.0,-9999.0,-9999.0,0.0,0,0,-9999.0,30.0,77.0,41.4
20240703-0700,Mountain View Moffett Field Naval Air Station,"Mountain View, California, US",27.0,11.0,-9999.0,-9999.0,-9999.0,9.360000000000001,180,0,-9999.0,20.0,80.6,36.8
20240703-0800,Mountain View Moffett Field Naval Air Station,"Mountain View, California, US",24.0,11.0,-9999.0,-9999.0,-9999.0,0.0,0,-9999,-9999.0,35.0,75.2,44.0
20240703-0900,Mountain View Moffett Field Naval Air Station,"Mountain View, California, US",23.0,13.0,-9999.0,-9999.0,-9999.0,0.0,0,0,-9999.0,50.0,73.4,53.3
20240703-1000,Mountain View Moffett Field Naval Air Station,"Mountain View, California, US",22.0,14.0,-9999.0,-9999.0,-9999.0,0.0,0,-9999,-9999.0,60.0,71.6,60.4
20240703-1100,Mountain View Moffett Field Naval Air Station,"Mountain View, California, US",21.0,14.0,-9999.0,-9999.0,-9999.0,0.0,0,-9999,-9999.0,65.0,69.8,64.3
20240703-1200,Mountain View Moffett Field Naval Air Station,"Mountain View, California, US",20.0,14.0,-9999.0,-9999.0,-9999.0,0.0,0,-9999,-9999.0,70.0,68.0,68.4
20240703-1300,Mountain View Moffett Field Naval Air Station,"Mountain View, California, US",20.0,13.0,-9999.0,-9999.0,-9999.0,0.0,0,-9999,-9999.0,65.0,68.0,64.0
20240703-1400,Mountain View Moffett Field Naval Air Station,"Mountain View, California, US",21.0,13.0,-9999.0,-9999.0,-9999.0,0.0,0,25,-9999.0,60.0,69.8,60.2
20240703-1500,Mountain View Moffett Field Naval Air Station,"Mountain View, California, US",24.0,13.0,-9999.0,-9999.0,-9999.0,0.0,0,0,-9999.0,45.0,75.2,50.2
20240703-1600,Mountain View Moffett Field Naval Air Station,"Mountain View, California, US",26.0,16.0,-9999.0,-9999.0,-9999.0,9.360000000000001,10,0,-9999.0,50.0,78.8,54.1
20240703-1700,Mountain View Moffett Field Naval Air Station,"Mountain View, California, US",26.0,18.0,-9999.0,-9999.0,-9999.0,11.16,360,0,-9999.0,60.0,78.8,61.4
20240703-1800,Mountain View Moffett Field Naval Air Station,"Mountain View, California, US",27.0,18.0,-9999.0,-9999.0,-9999.0,14.76,350,0,-9999.0,55.0,80.6,57.8
20240703-1900,Mountain View Moffett Field Naval Air Station,"Mountain View, California, US",29.0,16.0,-9999.0,-9999.0,-9999.0,18.36,360,0,-9999.0,35.0,84.2,45.3
20240703-2000,Mountain View Moffett Field Naval Air Station,"Mountain View, California, US",31.0,15.0,-9999.0,-9999.0,-9999.0,14.76,350,0,-9999.0,20.0,87.8,37.9
20240703-2100,Mountain View Moffett Field Naval Air Station,"Mountain View, California, US",31.0,13.0,-9999.0,-9999.0,-9999.0,20.520000000000003,350,0,-9999.0,10.0,87.8,33.3
20240703-2200,Mountain View Moffett Field Naval Air Station,"Mountain View, California, US",32.0,14.0,-9999.0,-9999.0,-9999.0,22.32,340,0,-9999.0,10.0,89.6,33.6
20240703-2300,Mountain View Moffett Field Naval Air Station,"Mountain View, California, US",31.0,13.0,-9999.0,-9999.0,-9999.0,20.520000000000003,340,0,-9999.0,10.0,87.8,33.3
20240704-0000,Mountain View Moffett Field Naval Air Station,"Mountain View, California, US",30.0,14.0,-9999.0,-9999.0,-9999.0,18.36,340,0,-9999.0,20.0,86.0,37.6
20240704-0100,Mountain View Moffett Field Naval Air Station,"Mountain View, California, US",-9999.0,-9999.0,-9999.0,-9999.0,-9999.0,11.16,330,-9999,-9999.0,100.0,-17966.2,100.0
20240704-0200,Mountain View Moffett Field Naval Air Station,"Mountain View, California, US",28.0,14.0,-9999.0,-9999.0,-9999.0,14.76,340,0,-9999.0,30.0,82.4,42.2
20240704-0300,Mountain View Moffett Field Naval Air Station,"Mountain View, California, US",26.0,15.0,-9999.0,-9999.0,-9999.0,11.16,310,0,-9999.0,45.0,78.8,50.7
20240704-0400,Mountain View Moffett Field Naval Air Station,"Mountain View, California, US",24.0,14.0,-9999.0,-9999.0,-9999.0,11.16,300,0,-9999.0,50.0,75.2,53.5
20240704-0500,Mountain View Moffett Field Naval Air Station,"Mountain View, California, US",22.0,15.0,-9999.0,-9999.0,-9999.0,9.360000000000001,320,-9999,-9999.0,65.0,71.6,64.5
20240704-0600,Mountain View Moffett Field Naval Air Station,"Mountain View, California, US",21.0,15.0,-9999.0,-9999.0,-9999.0,5.4,330,25,-9999.0,70.0,69.8,68.6
20240704-0700,Mountain View Moffett Field Naval Air Station,"Mountain View, California, US",21.0,15.0,-9999.0,-9999.0,-9999.0,5.4,290,0,-9999.0,70.0,69.8,68.6
20240704-0800,Mountain View Moffett Field Naval Air Station,"Mountain View, California, US",21.0,15.0,-9999.0,-9999.0,-9999.0,0.0,0,0,-9999.0,70.0,69.8,68.6
20240704-0900,Mountain View Moffett Field Naval Air Station,"Mountain View, California, US",20.0,15.0,-9999.0,-9999.0,-9999.0,0.0,0,0,-9999.0,75.0,68.0,72.9
20240704-1000,Mountain View Moffett Field Naval Air Station,"Mountain View, California, US",20.0,15.0,-9999.0,-9999.0,-9999.0,0.0,0,0,-9999.0,75.0,68.0,72.9
20240704-1100,Mountain View Moffett Field Naval Air Station,"Mountain View, California, US",20.0,15.0,-9999.0,-9999.0,-9999.0,0.0,0,0,-9999.0,75.0,68.0,72.9
20240704-1300,Mountain View Moffett Field Naval Air Station,"Mountain View, California, US",19.0,14.0,-9999.0,-9999.0,-9999.0,0.0,0,0,-9999.0,75.0,66.2,72.7
20240704-1400,Mountain View Moffett Field Naval Air Station,"Mountain View, California, US",20.0,15.0,-9999.0,-9999.0,-9999.0,0.0,0,0,-9999.0,75.0,68.0,72.9
20240704-1500,Mountain View Moffett Field Naval Air Station,"Mountain View, California, US",22.0,16.0,-9999.0,-9999.0,-9999.0,0.0,0,0,-9999.0,70.0,71.6,68.7
20240704-1600,Mountain View Moffett Field Naval Air Station,"Mountain View, California, US",23.0,16.0,-9999.0,-9999.0,-9999.0,9.360000000000001,10,0,-9999.0,65.0,73.4,64.7
20240704-1700,Mountain View Moffett Field Naval Air Station,"Mountain View, California, US",24.0,16.0,-9999.0,-9999.0,-9999.0,5.4,-9999,0,-9999.0,60.0,75.2,60.9
20240704-1800,Mountain View Moffett Field Naval Air Station,"Mountain View, California, US",26.0,17.0,-9999.0,-9999.0,-9999.0,11.16,360,0,-9999.0,55.0,78.8,57.6
20240704-1900,Mountain View Moffett Field Naval Air Station,"Mountain View, California, US",28.0,16.0,-9999.0,-9999.0,-9999.0,12.959999999999999,350,0,-9999.0,40.0,82.4,48.1
20240704-2000,Mountain View Moffett Field Naval Air Station,"Mountain View, California, US",29.0,16.0,-9999.0,-9999.0,-9999.0,16.56,340,0,-9999.0,35.0,84.2,45.3
20240704-2100,Mountain View Moffett Field Naval Air Station,"Mountain View, California, US",29.0,16.0,-9999.0,-9999.0,-9999.0,20.520000000000003,340,0,-9999.0,35.0,84.2,45.3
20240704-2200,Mountain View Moffett Field Naval Air Station,"Mountain View, California, US",29.0,15.0,-9999.0,-9999.0,-9999.0,20.520000000000003,340,0,-9999.0,30.0,84.2,42.5
20240704-2300,Mountain View Moffett Field Naval Air Station,"Mountain View, California, US",29.0,16.0,-9999.0,-9999.0,-9999.0,22.32,350,0,-9999.0,35.0,84.2,45.3
20240705-0000,Mountain View Moffett Field Naval Air Station,"Mountain View, California, US",29.0,15.0,-9999.0,-9999.0,-9999.0,18.36,340,0,-9999.0,30.0,84.2,42.5
20240705-0100,Mountain View Moffett Field Naval Air Station,"Mountain View, California, US",28.0,14.0,-9999.0,-9999.0,-9999.0,20.520000000000003,340,0,-9999.0,30.0,82.4,42.2
20240705-0200,Mountain View Moffett Field Naval Air Station,"Mountain View, California, US",26.0,15.0,-9999.0,-9999.0,-9999.0,14.76,320,0,-9999.0,45.0,78.8,50.7
20240705-0300,Mountain View Moffett Field Naval Air Station,"Mountain View, California, US",24.0,15.0,-9999.0,-9999.0,-9999.0,11.16,310,0,-9999.0,55.0,75.2,57.1
20240705-0400,Mountain View Moffett Field Naval Air Station,"Mountain View, California, US",22.0,15.0,-9999.0,-9999.0,-9999.0,11.16,310,0,-9999.0,65.0,71.6,64.5
20240705-0500,Mountain View Moffett Field Naval Air Station,"Mountain View, California, US",21.0,15.0,-9999.0,-9999.0,-9999.0,9.360000000000001,310,0,-9999.0,70.0,69.8,68.6
20240705-0600,Mountain View Moffett Field Naval Air Station,"Mountain View, California, US",20.0,14.0,-9999.0,-9999.0,-9999.0,9.360000000000001,310,0,-9999.0,70.0,68.0,68.4
20240705-0700,Mountain View Moffett Field Naval Air Station,"Mountain View, California, US",19.0,15.0,-9999.0,-9999.0,-9999.0,0.0,0,0,-9999.0,80.0,66.2,77.6
20240705-0800,Mountain View Moffett Field Naval Air Station,"Mountain View, California, US",19.0,15.0,-9999.0,-9999.0,-9999.0,0.0,0,0,-9999.0,80.0,66.2,77.6
20240705-0900,Mountain View Moffett Field Naval Air Station,"Mountain View, California, US",19.0,15.0,-9999.0,-9999.0,-9999.0,0.0,0,0,-9999.0,80.0,66.2,77.6
20240705-1000,Mountain View Moffett Field Naval Air Station,"Mountain View, California, US",18.0,15.0,-9999.0,-9999.0,-9999.0,0.0,0,0,-9999.0,85.0,64.4,82.6
20240705-1100,Mountain View Moffett Field Naval Air Station,"Mountain View, California, US",18.0,15.0,-9999.0,-9999.0,-9999.0,0.0,0,0,-9999.0,85.0,64.4,82.6
20240705-1200,Mountain View Moffett Field Naval Air Station,"Mountain View, California, US",17.0,14.0,-9999.0,-9999.0,-9999.0,0.0,0,0,-9999.0,85.0,62.6,82.5
20240705-1300,Mountain View Moffett Field Naval Air Station,"Mountain View, California, US",17.0,14.0,-9999.0,-9999.0,-9999.0,0.0,0,0,-9999.0,85.0,62.6,82.5
20240705-1400,Mountain View Moffett Field Naval Air Station,"Mountain View, California, US",19.0,15.0,-9999.0,-9999.0,-9999.0,0.0,0,0,-9999.0,80.0,66.2,77.6
20240705-1500,Mountain View Moffett Field Naval Air Station,"Mountain View, California, US",20.0,15.0,-9999.0,-9999.0,-9999.0,0.0,0,0,-9999.0,75.0,68.0,72.9
20240705-1600,Mountain View Moffett Field Naval Air Station,"Mountain View, California, US",21.0,16.0,-9999.0,-9999.0,-9999.0,0.0,0,0,-9999.0,75.0,69.8,73.1
20240705-1800,Mountain View Moffett Field Naval Air Station,"Mountain View, California, US",26.0,13.0,-9999.0,-9999.0,-9999.0,5.4,-9999,0,-9999.0,35.0,78.8,44.5
20240705-1900,Mountain View Moffett Field Naval Air Station,"Mountain View, California, US",27.0,13.0,-9999.0,-9999.0,-9999.0,12.959999999999999,340,0,-9999.0,30.0,80.6,42.0
20240705-2000,Mountain View Moffett Field Naval Air Station,"Mountain View, California, US",27.0,15.0,-9999.0,-9999.0,-9999.0,14.76,350,0,-9999.0,40.0,80.6,47.8
20240705-2100,Mountain View Moffett Field Naval Air Station,"Mountain View, California, US",28.0,14.0,-9999.0,-9999.0,-9999.0,16.56,340,0,-9999.0,30.0,82.4,42.2
20240705-2200,Mountain View Moffett Field Naval Air Station,"Mountain View, California, US",29.0,15.0,-9999.0,-9999.0,-9999.0,22.32,340,0,-9999.0,30.0,84.2,42.5
20240705-2300,Mountain View Moffett Field Naval Air Station,"Mountain View, California, US",28.0,13.0,-9999.0,-9999.0,-9999.0,20.520000000000003,340,0,-9999.0,25.0,82.4,39.6
20240706-0000,Mountain View Moffett Field Naval Air Station,"Mountain View, California, US",26.0,15.0,-9999.0,-9999.0,-9999.0,20.520000000000003,340,0,-9999.0,45.0,78.8,50.7
20240706-0100,Mountain View Moffett Field Naval Air Station,"Mountain View, California, US",26.0,16.0,-9999.0,-9999.0,-9999.0,22.32,340,0,-9999.0,50.0,78.8,54.1
20240706-0200,Mountain View Moffett Field Naval Air Station,"Mountain View, California, US",24.0,15.0,-9999.0,-9999.0,-9999.0,24.12,340,0,-9999.0,55.0,75.2,57.1
20240706-0300,Mountain View Moffett Field Naval Air Station,"Mountain View, California, US",23.0,14.0,-9999.0,-9999.0,-9999.0,22.32,340,0,-9999.0,55.0,73.4,56.9
20240706-0400,Mountain View Moffett Field Naval Air Station,"Mountain View, California, US",21.0,14.0,-9999.0,-9999.0,-9999.0,11.16,320,0,-9999.0,65.0,69.8,64.3
20240706-0500,Mountain View Moffett Field Naval Air Station,"Mountain View, California, US",20.0,15.0,-9999.0,-9999.0,-9999.0,9.360000000000001,320,0,-9999.0,75.0,68.0,72.9
20240706-0600,Mountain View Moffett Field Naval Air Station,"Mountain View, California, US",20.0,15.0,-9999.0,-9999.0,-9999.0,7.5600000000000005,310,0,-9999.0,75.0,68.0,72.9
20240706-0700,Mountain View Moffett Field Naval Air Station,"Mountain View, California, US",19.0,15.0,-9999.0,-9999.0,-9999.0,9.360000000000001,-9999,0,-9999.0,80.0,66.2,77.6
20240706-0800,Mountain View Moffett Field Naval Air Station,"Mountain View, California, US",18.0,15.0,-9999.0,-9999.0,-9999.0,9.360000000000001,310,0,-9999.0,85.0,64.4,82.6
20240706-0900,Mountain View Moffett Field Naval Air Station,"Mountain View, California, US",17.0,14.0,-9999.0,-9999.0,-9999.0,7.5600000000000005,280,0,-9999.0,85.0,62.6,82.5
20240706-1000,Mountain View Moffett Field Naval Air Station,"Mountain View, California, US",17.0,14.0,-9999.0,-9999.0,-9999.0,5.4,300,0,-9999.0,85.0,62.6,82.5
20240706-1100,Mountain View Moffett Field Naval Air Station,"Mountain View, California, US",17.0,14.0,-9999.0,-9999.0,-9999.0,7.5600000000000005,290,0,-9999.0,85.0,62.6,82.5
20240706-1200,Mountain View Moffett Field Naval Air Station,"Mountain View, California, US",17.0,14.0,-9999.0,-9999.0,-9999.0,7.5600000000000005,290,-9999,-9999.0,85.0,62.6,82.5
20240706-1300,Mountain View Moffett Field Naval Air Station,"Mountain View, California, US",16.0,14.0,-9999.0,-9999.0,-9999.0,5.4,-9999,-9999,-9999.0,90.0,60.8,87.9
20240706-1400,Mountain View Moffett Field Naval Air Station,"Mountain View, California, US",17.0,15.0,-9999.0,-9999.0,-9999.0,0.0,0,-9999,-9999.0,90.0,62.6,88.0
20240706-1500,Mountain View Moffett Field Naval Air Station,"Mountain View, California, US",18.0,15.0,-9999.0,-9999.0,-9999.0,5.4,360,0,-9999.0,85.0,64.4,82.6
20240706-1600,Mountain View Moffett Field Naval Air Station,"Mountain View, California, US",19.0,15.0,-9999.0,-9999.0,-9999.0,7.5600000000000005,340,0,-9999.0,80.0,66.2,77.6
20240706-1700,Mountain View Moffett Field Naval Air Station,"Mountain View, California, US",21.0,16.0,-9999.0,-9999.0,-9999.0,9.360000000000001,350,0,-9999.0,75.0,69.8,73.1
20240706-1800,Mountain View Moffett Field Naval Air Station,"Mountain View, California, US",22.0,16.0,-9999.0,-9999.0,-9999.0,5.4,-9999,0,-9999.0,70.0,71.6,68.7
20240706-1900,Mountain View Moffett Field Naval Air Station,"Mountain View, California, US",25.0,17.0,-9999.0,-9999.0,-9999.0,9.360000000000001,-9999,0,-9999.0,60.0,77.0,61.1
20240706-2000,Mountain View Moffett Field Naval Air Station,"Mountain View, California, US",26.0,17.0,-9999.0,-9999.0,-9999.0,11.16,340,0,-9999.0,55.0,78.8,57.6
20240706-2100,Mountain View Moffett Field Naval Air Station,"Mountain View, California, US",29.0,15.0,-9999.0,-9999.0,-9999.0,12.959999999999999,360,0,-9999.0,30.0,84.2,42.5
20240706-2200,Mountain View Moffett Field Naval Air Station,"Mountain View, California, US",29.0,15.0,-9999.0,-9999.0,-9999.0,16.56,350,0,-9999.0,30.0,84.2,42.5
20240706-2300,Mountain View Moffett Field Naval Air Station,"Mountain View, California, US",29.0,16.0,-9999.0,-9999.0,-9999.0,18.36,350,0,-9999.0,35.0,84.2,45.3
20240707-0000,Mountain View Moffett Field Naval Air Station,"Mountain View, California, US",29.0,15.0,-9999.0,-9999.0,-9999.0,12.959999999999999,330,0,-9999.0,30.0,84.2,42.5
20240707-0100,Mountain View Moffett Field Naval Air Station,"Mountain View, California, US",27.0,15.0,-9999.0,-9999.0,-9999.0,18.36,320,0,-9999.0,40.0,80.6,47.8
20240707-0200,Mountain View Moffett Field Naval Air Station,"Mountain View, California, US",25.0,14.0,-9999.0,-9999.0,-9999.0,12.959999999999999,310,0,-9999.0,45.0,77.0,50.4
20240707-0300,Mountain View Moffett Field Naval Air Station,"Mountain View, California, US",24.0,15.0,-9999.0,-9999.0,-9999.0,7.5600000000000005,310,0,-9999.0,55.0,75.2,57.1
20240707-0400,Mountain View Moffett Field Naval Air Station,"Mountain View, California, US",22.0,16.0,-9999.0,-9999.0,-9999.0,12.959999999999999,320,0,-9999.0,70.0,71.6,68.7
20240707-0500,Mountain View Moffett Field Naval Air Station,"Mountain View, California, US",21.0,16.0,-9999.0,-9999.0,-9999.0,5.4,310,0,-9999.0,75.0,69.8,73.1
20240707-0700,Mountain View Moffett Field Naval Air Station,"Mountain View, California, US",20.0,16.0,-9999.0,-9999.0,-9999.0,5.4,300,0,-9999.0,80.0,68.0,77.7
20240707-0800,Mountain View Moffett Field Naval Air Station,"Mountain View, California, US",19.0,16.0,-9999.0,-9999.0,-9999.0,7.5600000000000005,280,0,-9999.0,85.0,66.2,82.7
20240707-0900,Mountain View Moffett Field Naval Air Station,"Mountain View, California, US",19.0,16.0,-9999.0,-9999.0,-9999.0,5.4,290,0,-9999.0,85.0,66.2,82.7
20240707-1000,Mountain View Moffett Field Naval Air Station,"Mountain View, California, US",18.0,16.0,-9999.0,-9999.0,-9999.0,7.5600000000000005,280,0,-9999.0,90.0,64.4,88.1
20240707-1100,Mountain View Moffett Field Naval Air Station,"Mountain View, California, US",18.0,16.0,-9999.0,-9999.0,-9999.0,5.4,290,-9999,-9999.0,90.0,64.4,88.1
20240707-1200,Mountain View Moffett Field Naval Air Station,"Mountain View, California, US",18.0,16.0,-9999.0,-9999.0,-9999.0,5.4,290,0,-9999.0,90.0,64.4,88.1
20240707-1300,Mountain View Moffett Field Naval Air Station,"Mountain View, California, US",18.0,16.0,-9999.0,-9999.0,-9999.0,0.0,0,-9999,-9999.0,90.0,64.4,88.1
20240707-1400,Mountain View Moffett Field Naval Air Station,"Mountain View, California, US",18.0,16.0,-9999.0,-9999.0,-9999.0,5.4,320,-9999,-9999.0,90.0,64.4,88.1
20240707-1500,Mountain View Moffett Field Naval Air Station,"Mountain View, California, US",18.0,16.0,-9999.0,-9999.0,-9999.0,5.4,20,-9999,-9999.0,90.0,64.4,88.1
20240707-1600,Mountain View Moffett Field Naval Air Station,"Mountain View, California, US",19.0,16.0,-9999.0,-9999.0,-9999.0,11.16,360,-9999,-9999.0,85.0,66.2,82.7
20240707-1700,Mountain View Moffett Field Naval Air Station,"Mountain View, California, US",21.0,17.0,-9999.0,-9999.0,-9999.0,12.959999999999999,340,25,-9999.0,80.0,69.8,77.9
20240707-1800,Mountain View Moffett Field Naval Air Station,"Mountain View, California, US",22.0,17.0,-9999.0,-9999.0,-9999.0,9.360000000000001,340,0,-9999.0,75.0,71.6,73.3
20240707-1900,Mountain View Moffett Field Naval Air Station,"Mountain View, California, US",23.0,17.0,-9999.0,-9999.0,-9999.0,11.16,350,0,-9999.0,70.0,73.4,68.9
20240707-2000,Mountain View Moffett Field Naval Air Station,"Mountain View, California, US",25.0,17.0,-9999.0,-9999.0,-9999.0,12.959999999999999,350,0,-9999.0,60.0,77.0,61.1
20240707-2100,Mountain View Moffett Field Naval Air Station,"Mountain View, California, US",26.0,17.0,-9999.0,-9999.0,-9999.0,22.32,350,0,-9999.0,55.0,78.8,57.6
20240707-2200,Mountain View Moffett Field Naval Air Station,"Mountain View, California, US",26.0,16.0,-9999.0,-9999.0,-9999.0,22.32,340,0,-9999.0,50.0,78.8,54.1
20240707-2300,Mountain View Moffett Field Naval Air Station,"Mountain View, California, US",25.0,17.0,-9999.0,-9999.0,-9999.0,22.32,340,0,-9999.0,60.0,77.0,61.1
20240708-0000,Mountain View Moffett Field Naval Air Station,"Mountain View, California, US",24.0,17.0,-9999.0,-9999.0,-9999.0,20.520000000000003,340,0,-9999.0,65.0,75.2,64.9
20240708-0100,Mountain View Moffett Field Naval Air Station,"Mountain View, California, US",23.0,17.0,-9999.0,-9999.0,-9999.0,16.56,350,0,-9999.0,70.0,73.4,68.9
20240708-0200,Mountain View Moffett Field Naval Air Station,"Mountain View, California, US",22.0,17.0,-9999.0,-9999.0,-9999.0,18.36,340,0,-9999.0,75.0,71.6,73.3
20240708-0300,Mountain View Moffett Field Naval Air Station,"Mountain View, California, US",20.0,16.0,-9999.0,-9999.0,-9999.0,14.76,320,0,-9999.0,80.0,68.0,77.7
20240708-0400,Mountain View Moffett Field Naval Air Station,"Mountain View, California, US",19.0,17.0,-9999.0,-9999.0,-9999.0,14.76,330,0,-9999.0,90.0,66.2,88.2
20240708-0500,Mountain View Moffett Field Naval Air Station,"Mountain View, California, US",19.0,16.0,-9999.0,-9999.0,-9999.0,9.360000000000001,330,0,-9999.0,85.0,66.2,82.7
20240708-0600,Mountain View Moffett Field Naval Air Station,"Mountain View, California, US",18.0,16.0,-9999.0,-9999.0,-9999.0,11.16,340,50,-9999.0,90.0,64.4,88.1
20240708-0700,Mountain View Moffett Field Naval Air Station,"Mountain View, California, US",18.0,16.0,-9999.0,-9999.0,-9999.0,9.360000000000001,340,-9999,-9999.0,90.0,64.4,88.1
20240708-0800,Mountain View Moffett Field Naval Air Station,"Mountain View, California, US",18.0,16.0,-9999.0,-9999.0,-9999.0,9.360000000000001,330,-9999,-9999.0,90.0,64.4,88.1
20240708-0900,Mountain View Moffett Field Naval Air Station,"Mountain View, California, US",17.0,16.0,-9999.0,-9999.0,-9999.0,11.16,350,-9999,-9999.0,95.0,62.6,93.8
20240708-1000,Mountain View Moffett Field Naval Air Station,"Mountain View, California, US",17.0,15.0,-9999.0,-9999.0,-9999.0,11.16,350,-9999,-9999.0,90.0,62.6,88.0
20240708-1100,Mountain View Moffett Field Naval Air Station,"Mountain View, California, US",17.0,15.0,-9999.0,-9999.0,-9999.0,11.16,20,-9999,-9999.0,90.0,62.6,88.0
20240708-1200,Mountain View Moffett Field Naval Air Station,"Mountain View, California, US",17.0,15.0,-9999.0,-9999.0,-9999.0,9.360000000000001,350,-9999,-9999.0,90.0,62.6,88.0
20240708-1300,Mountain View Moffett Field Naval Air Station,"Mountain View, California, US",17.0,15.0,-9999.0,-9999.0,-9999.0,7.5600000000000005,350,-9999,-9999.0,90.0,62.6,88.0
20240708-1400,Mountain View Moffett Field Naval Air Station,"Mountain View, California, US",17.0,15.0,-9999.0,-9999.0,-9999.0,7.5600000000000005,-9999,-9999,-9999.0,90.0,62.6,88.0
20240708-1500,Mountain View Moffett Field Naval Air Station,"Mountain View, California, US",18.0,15.0,-9999.0,-9999.0,-9999.0,7.5600000000000005,320,-9999,-9999.0,85.0,64.4,82.6
20240708-1600,Mountain View Moffett Field Naval Air Station,"Mountain View, California, US",19.0,15.0,-9999.0,-9999.0,-9999.0,9.360000000000001,10,-9999,-9999.0,80.0,66.2,77.6
20240708-1700,Mountain View Moffett Field Naval Air Station,"Mountain View, California, US",20.0,15.0,-9999.0,-9999.0,-9999.0,11.16,340,0,-9999.0,75.0,68.0,72.9
20240708-1800,Mountain View Moffett Field Naval Air Station,"Mountain View, California, US",20.0,16.0,-9999.0,-9999.0,-9999.0,11.16,360,0,-9999.0,80.0,68.0,77.7
20240708-1900,Mountain View Moffett Field Naval Air Station,"Mountain View, California, US",22.0,16.0,-9999.0,-9999.0,-9999.0,12.959999999999999,360,0,-9999.0,70.0,71.6,68.7
20240708-2000,Mountain View Moffett Field Naval Air Station,"Mountain View, California, US",22.0,16.0,-9999.0,-9999.0,-9999.0,20.520000000000003,340,0,-9999.0,70.0,71.6,68.7
20240708-2100,Mountain View Moffett Field Naval Air Station,"Mountain View, California, US",23.0,16.0,-9999.0,-9999.0,-9999.0,22.32,340,0,-9999.0,65.0,73.4,64.7
20240708-2200,Mountain View Moffett Field Naval Air Station,"Mountain View, California, US",23.0,16.0,-9999.0,-9999.0,-9999.0,22.32,340,0,-9999.0,65.0,73.4,64.7
20240708-2300,Mountain View Moffett Field Naval Air Station,"Mountain View, California, US",24.0,16.0,-9999.0,-9999.0,-9999.0,22.32,340,0,-9999.0,60.0,75.2,60.9
20240709-0000,Mountain View Moffett Field Naval Air Station,"Mountain View, California, US",24.0,16.0,-9999.0,-9999.0,-9999.0,18.36,330,0,-9999.0,60.0,75.2,60.9
20240709-0100,Mountain View Moffett Field Naval Air Station,"Mountain View, California, US",23.0,16.0,-9999.0,-9999.0,-9999.0,16.56,330,0,-9999.0,65.0,73.4,64.7
20240709-0200,Mountain View Moffett Field Naval Air Station,"Mountain View, California, US",21.0,16.0,-9999.0,-9999.0,-9999.0,16.56,320,0,-9999.0,75.0,69.8,73.1
20240709-0300,Mountain View Moffett Field Naval Air Station,"Mountain View, California, US",20.0,16.0,-9999.0,-9999.0,-9999.0,14.76,330,0,-9999.0,80.0,68.0,77.7
20240709-0400,Mountain View Moffett Field Naval Air Station,"Mountain View, California, US",18.0,15.0,-9999.0,-9999.0,-9999.0,16.56,330,0,-9999.0,85.0,64.4,82.6
20240709-0500,Mountain View Moffett Field Naval Air Station,"Mountain View, California, US",17.0,15.0,-9999.0,-9999.0,-9999.0,14.76,330,0,-9999.0,90.0,62.6,88.0
20240709-0600,Mountain View Moffett Field Naval Air Station,"Mountain View, California, US",17.0,15.0,-9999.0,-9999.0,-9999.0,14.76,340,25,-9999.0,90.0,62.6,88.0
20240709-0700,Mountain View Moffett Field Naval Air Station,"Mountain View, California, US",16.0,15.0,-9999.0,-9999.0,-9999.0,12.959999999999999,20,50,-9999.0,95.0,60.8,93.8
20240709-0800,Mountain View Moffett Field Naval Air Station,"Mountain View, California, US",16.0,14.0,-9999.0,-9999.0,-9999.0,7.5600000000000005,20,-9999,-9999.0,90.0,60.8,87.9
20240709-0900,Mountain View Moffett Field Naval Air Station,"Mountain View, California, US",16.0,14.0,-9999.0,-9999.0,-9999.0,7.5600000000000005,360,-9999,-9999.0,90.0,60.8,87.9
20240709-1000,Mountain View Moffett Field Naval Air Station,"Mountain View, California, US",16.0,14.0,-9999.0,-9999.0,-9999.0,7.5600000000000005,20,-9999,-9999.0,90.0,60.8,87.9
20240709-1100,Mountain View Moffett Field Naval Air Station,"Mountain View, California, US",16.0,15.0,-9999.0,-9999.0,-9999.0,0.0,0,-9999,-9999.0,95.0,60.8,93.8
20240709-1200,Mountain View Moffett Field Naval Air Station,"Mountain View, California, US",17.0,15.0,-9999.0,-9999.0,-9999.0,0.0,0,-9999,-9999.0,90.0,62.6,88.0
20240709-1300,Mountain View Moffett Field Naval Air Station,"Mountain View, California, US",17.0,15.0,-9999.0,-9999.0,-9999.0,0.0,0,-9999,-9999.0,90.0,62.6,88.0
20240709-1400,Mountain View Moffett Field Naval Air Station,"Mountain View, California, US",17.0,15.0,-9999.0,-9999.0,-9999.0,0.0,0,-9999,-9999.0,90.0,62.6,88.0
20240709-1500,Mountain View Moffett Field Naval Air Station,"Mountain View, California, US",17.0,15.0,-9999.0,-9999.0,-9999.0,9.360000000000001,20,-9999,-9999.0,90.0,62.6,88.0
20240709-1600,Mountain View Moffett Field Naval Air Station,"Mountain View, California, US",18.0,15.0,-9999.0,-9999.0,-9999.0,5.4,-9999,-9999,-9999.0,85.0,64.4,82.6
20240709-1700,Mountain View Moffett Field Naval Air Station,"Mountain View, California, US",19.0,15.0,-9999.0,-9999.0,-9999.0,5.4,-9999,50,-9999.0,80.0,66.2,77.6
20240709-1800,Mountain View Moffett Field Naval Air Station,"Mountain View, California, US",21.0,15.0,-9999.0,-9999.0,-9999.0,11.16,350,0,-9999.0,70.0,69.8,68.6
20240709-1900,Mountain View Moffett Field Naval Air Station,"Mountain View, California, US",21.0,15.0,-9999.0,-9999.0,-9999.0,14.76,350,0,-9999.0,70.0,69.8,68.6
20240709-2000,Mountain View Moffett Field Naval Air Station,"Mountain View, California, US",21.0,15.0,-9999.0,-9999.0,-9999.0,14.76,340,0,-9999.0,70.0,69.8,68.6
20240709-2100,Mountain View Moffett Field Naval Air Station,"Mountain View, California, US",22.0,15.0,-9999.0,-9999.0,-9999.0,24.12,340,0,-9999.0,65.0,71.6,64.5
20240709-2200,Mountain View Moffett Field Naval Air Station,"Mountain View, California, US",22.0,16.0,-9999.0,-9999.0,-9999.0,20.520000000000003,330,0,-9999.0,70.0,71.6,68.7
20240709-2300,Mountain View Moffett Field Naval Air Station,"Mountain View, California, US",22.0,16.0,-9999.0,-9999.0,-9999.0,20.520000000000003,340,0,-9999.0,70.0,71.6,68.7
20240710-0000,Mountain View Moffett Field Naval Air Station,"Mountain View, California, US",22.0,15.0,-9999.0,-9999.0,-9999.0,25.919999999999998,340,0,-9999.0,65.0,71.6,64.5
20240710-0100,Mountain View Moffett Field Naval Air Station,"Mountain View, California, US",21.0,16.0,-9999.0,-9999.0,-9999.0,25.919999999999998,340,0,-9999.0,75.0,69.8,73.1
20240710-0200,Mountain View Moffett Field Naval Air Station,"Mountain View, California, US",20.0,16.0,-9999.0,-9999.0,-9999.0,22.32,340,0,-9999.0,80.0,68.0,77.7
20240710-0300,Mountain View Moffett Field Naval Air Station,"Mountain View, California, US",19.0,16.0,-9999.0,-9999.0,-9999.0,20.520000000000003,340,25,-9999.0,85.0,66.2,82.7
20240710-0400,Mountain View Moffett Field Naval Air Station,"Mountain View, California, US",18.0,16.0,-9999.0,-9999.0,-9999.0,18.36,350,0,-9999.0,90.0,64.4,88.1
20240710-0500,Mountain View Moffett Field Naval Air Station,"Mountain View, California, US",18.0,16.0,-9999.0,-9999.0,-9999.0,16.56,350,-9999,-9999.0,90.0,64.4,88.1
20240710-0600,Mountain View Moffett Field Naval Air Station,"Mountain View, California, US",17.0,15.0,-9999.0,-9999.0,-9999.0,16.56,10,-9999,-9999.0,90.0,62.6,88.0
20240710-0700,Mountain View Moffett Field Naval Air Station,"Mountain View, California, US",17.0,15.0,-9999.0,-9999.0,-9999.0,14.76,10,-9999,-9999.0,90.0,62.6,88.0
20240710-0800,Mountain View Moffett Field Naval Air Station,"Mountain View, California, US",17.0,15.0,-9999.0,-9999.0,-9999.0,0.0,0,-9999,-9999.0,90.0,62.6,88.0
20240710-0900,Mountain View Moffett Field Naval Air Station,"Mountain View, California, US",17.0,15.0,-9999.0,-9999.0,-9999.0,0.0,0,-9999,-9999.0,90.0,62.6,88.0
20240710-1000,Mountain View Moffett Field Naval Air Station,"Mountain View, California, US",17.0,15.0,-9999.0,-9999.0,-9999.0,7.5600000000000005,230,-9999,-9999.0,90.0,62.6,88.0
20240710-1100,Mountain View Moffett Field Naval Air Station,"Mountain View, California, US",17.0,15.0,-9999.0,-9999.0,-9999.0,5.4,280,-9999,-9999.0,90.0,62.6,88.0
20240710-1200,Mountain View Moffett Field Naval Air Station,"Mountain View, California, US",17.0,15.0,-9999.0,-9999.0,-9999.0,0.0,0,-9999,-9999.0,90.0,62.6,88.0
20240710-1300,Mountain View Moffett Field Naval Air Station,"Mountain View, California, US",17.0,15.0,-9999.0,-9999.0,-9999.0,7.5600000000000005,-9999,-9999,-9999.0,90.0,62.6,88.0
20240710-1400,Mountain View Moffett Field Naval Air Station,"Mountain View, California, US",17.0,15.0,-9999.0,-9999.0,-9999.0,0.0,0,-9999,-9999.0,90.0,62.6,88.0
20240710-1500,Mountain View Moffett Field Naval Air Station,"Mountain View, California, US",18.0,15.0,-9999.0,-9999.0,-9999.0,5.4,-9999,-9999,-9999.0,85.0,64.4,82.6
20240710-1600,Mountain View Moffett Field Naval Air Station,"Mountain View, California, US",20.0,15.0,-9999.0,-9999.0,-9999.0,0.0,0,-9999,-9999.0,75.0,68.0,72.9
20240710-1700,Mountain View Moffett Field Naval Air Station,"Mountain View, California, US",21.0,16.0,-9999.0,-9999.0,-9999.0,9.360000000000001,350,0,-9999.0,75.0,69.8,73.1
20240710-1800,Mountain View Moffett Field Naval Air Station,"Mountain View, California, US",21.0,16.0,-9999.0,-9999.0,-9999.0,9.360000000000001,20,0,-9999.0,75.0,69.8,73.1
20240710-1900,Mountain View Moffett Field Naval Air Station,"Mountain View, California, US",23.0,17.0,-9999.0,-9999.0,-9999.0,9.360000000000001,350,0,-9999.0,70.0,73.4,68.9
20240710-2000,Mountain View Moffett Field Naval Air Station,"Mountain View, California, US",25.0,17.0,-9999.0,-9999.0,-9999.0,12.959999999999999,360,0,-9999.0,60.0,77.0,61.1
20240710-2100,Mountain View Moffett Field Naval Air Station,"Mountain View, California, US",26.0,17.0,-9999.0,-9999.0,-9999.0,16.56,350,-9999,-9999.0,55.0,78.8,57.6
20240710-2200,Mountain View Moffett Field Naval Air Station,"Mountain View, California, US",27.0,16.0,-9999.0,-9999.0,-9999.0,16.56,350,-9999,-9999.0,45.0,80.6,51.0
20240710-2300,Mountain View Moffett Field Naval Air Station,"Mountain View, California, US",27.0,16.0,-9999.0,-9999.0,-9999.0,18.36,340,-9999,-9999.0,45.0,80.6,51.0
20240711-0000,Mountain View Moffett Field Naval Air Station,"Mountain View, California, US",28.0,16.0,-9999.0,-9999.0,-9999.0,16.56,330,-9999,-9999.0,40.0,82.4,48.1
20240711-0100,Mountain View Moffett Field Naval Air Station,"Mountain View, California, US",26.0,14.0,-9999.0,-9999.0,-9999.0,16.56,330,0,-9999.0,40.0,78.8,47.5
20240711-0200,Mountain View Moffett Field Naval Air Station,"Mountain View, California, US",26.0,16.0,-9999.0,-9999.0,-9999.0,12.959999999999999,340,0,-9999.0,50.0,78.8,54.1
20240711-0300,Mountain View Moffett Field Naval Air Station,"Mountain View, California, US",24.0,16.0,-9999.0,-9999.0,-9999.0,11.16,320,0,-9999.0,60.0,75.2,60.9
20240711-0400,Mountain View Moffett Field Naval Air Station,"Mountain View, California, US",22.0,16.0,-9999.0,-9999.0,-9999.0,0.0,0,0,-9999.0,70.0,71.6,68.7
20240711-0500,Mountain View Moffett Field Naval Air Station,"Mountain View, California, US",21.0,17.0,-9999.0,-9999.0,-9999.0,7.5600000000000005,320,0,-9999.0,80.0,69.8,77.9
20240711-0600,Mountain View Moffett Field Naval Air Station,"Mountain View, California, US",21.0,17.0,-9999.0,-9999.0,-9999.0,5.4,-9999,0,-9999.0,80.0,69.8,77.9
20240711-0700,Mountain View Moffett Field Naval Air Station,"Mountain View, California, US",20.0,17.0,-9999.0,-9999.0,-9999.0,0.0,0,0,-9999.0,85.0,68.0,82.9
20240711-0800,Mountain View Moffett Field Naval Air Station,"Mountain View, California, US",20.0,17.0,-9999.0,-9999.0,-9999.0,0.0,0,0,-9999.0,85.0,68.0,82.9
20240711-0900,Mountain View Moffett Field Naval Air Station,"Mountain View, California, US",19.0,16.0,-9999.0,-9999.0,-9999.0,5.4,290,0,-9999.0,85.0,66.2,82.7
20240711-1000,Mountain View Moffett Field Naval Air Station,"Mountain View, California, US",19.0,16.0,-9999.0,-9999.0,-9999.0,5.4,270,0,-9999.0,85.0,66.2,82.7
20240711-1100,Mountain View Moffett Field Naval Air Station,"Mountain View, California, US",18.0,15.0,-9999.0,-9999.0,-9999.0,5.4,290,0,-9999.0,85.0,64.4,82.6
20240711-1200,Mountain View Moffett Field Naval Air Station,"Mountain View, California, US",18.0,15.0,-9999.0,-9999.0,-9999.0,0.0,0,0,-9999.0,85.0,64.4,82.6
20240711-1300,Mountain View Moffett Field Naval Air Station,"Mountain View, California, US",18.0,15.0,-9999.0,-9999.0,-9999.0,0.0,0,25,-9999.0,85.0,64.4,82.6
20240711-1400,Mountain View Moffett Field Naval Air Station,"Mountain View, California, US",19.0,15.0,-9999.0,-9999.0,-9999.0,0.0,0,0,-9999.0,80.0,66.2,77.6
20240711-1500,Mountain View Moffett Field Naval Air Station,"Mountain View, California, US",19.0,16.0,-9999.0,-9999.0,-9999.0,0.0,0,0,-9999.0,85.0,66.2,82.7
20240711-1600,Mountain View Moffett Field Naval Air Station,"Mountain View, California, US",21.0,16.0,-9999.0,-9999.0,-9999.0,7.5600000000000005,-9999,0,-9999.0,75.0,69.8,73.1
20240711-1700,Mountain View Moffett Field Naval Air Station,"Mountain View, California, US",23.0,17.0,-9999.0,-9999.0,-9999.0,7.5600000000000005,350,0,-9999.0,70.0,73.4,68.9
20240711-1800,Mountain View Moffett Field Naval Air Station,"Mountain View, California, US",24.0,18.0,-9999.0,-9999.0,-9999.0,9.360000000000001,350,0,-9999.0,70.0,75.2,69.1
20240711-1900,Mountain View Moffett Field Naval Air Station,"Mountain View, California, US",27.0,18.0,-9999.0,-9999.0,-9999.0,11.16,360,0,-9999.0,55.0,80.6,57.8
20240711-2000,Mountain View Moffett Field Naval Air Station,"Mountain View, California, US",29.0,17.0,-9999.0,-9999.0,-9999.0,16.56,350,0,-9999.0,40.0,84.2,48.3
20240711-2100,Mountain View Moffett Field Naval Air Station,"Mountain View, California, US",30.0,15.0,-9999.0,-9999.0,-9999.0,16.56,340,0,-9999.0,25.0,86.0,40.1
20240711-2200,Mountain View Moffett Field Naval Air Station,"Mountain View, California, US",32.0,13.0,-9999.0,-9999.0,-9999.0,18.36,350,0,-9999.0,5.0,89.6,31.4
20240711-2300,Mountain View Moffett Field Naval Air Station,"Mountain View, California, US",32.0,15.0,-9999.0,-9999.0,-9999.0,18.36,340,0,-9999.0,15.0,89.6,35.8
20240712-0000,Mountain View Moffett Field Naval Air Station,"Mountain View, California, US",30.0,16.0,-9999.0,-9999.0,-9999.0,16.56,340,0,-9999.0,30.0,86.0,42.8
20240712-0100,Mountain View Moffett Field Naval Air Station,"Mountain View, California, US",29.0,17.0,-9999.0,-9999.0,-9999.0,20.520000000000003,350,0,-9999.0,40.0,84.2,48.3
20240712-0200,Mountain View Moffett Field Naval Air Station,"Mountain View, California, US",26.0,17.0,-9999.0,-9999.0,-9999.0,18.36,350,0,-9999.0,55.0,78.8,57.6
20240712-0300,Mountain View Moffett Field Naval Air Station,"Mountain View, California, US",25.0,15.0,-9999.0,-9999.0,-9999.0,12.959999999999999,300,0,-9999.0,50.0,77.0,53.8
20240712-0400,Mountain View Moffett Field Naval Air Station,"Mountain View, California, US",24.0,14.0,-9999.0,-9999.0,-9999.0,11.16,-9999,0,-9999.0,50.0,75.2,53.5
20240712-0500,Mountain View Moffett Field Naval Air Station,"Mountain View, California, US",23.0,14.0,-9999.0,-9999.0,-9999.0,7.5600000000000005,310,0,-9999.0,55.0,73.4,56.9
20240712-0600,Mountain View Moffett Field Naval Air Station,"Mountain View, California, US",21.0,15.0,-9999.0,-9999.0,-9999.0,7.5600000000000005,10,0,-9999.0,70.0,69.8,68.6
20240712-0700,Mountain View Moffett Field Naval Air Station,"Mountain View, California, US",21.0,16.0,-9999.0,-9999.0,-9999.0,7.5600000000000005,330,0,-9999.0,75.0,69.8,73.1
20240712-0800,Mountain View Moffett Field Naval Air Station,"Mountain View, California, US",20.0,16.0,-9999.0,-9999.0,-9999.0,0.0,0,0,-9999.0,80.0,68.0,77.7
20240712-0900,Mountain View Moffett Field Naval Air Station,"Mountain View, California, US",20.0,16.0,-9999.0,-9999.0,-9999.0,5.4,290,0,-9999.0,80.0,68.0,77.7
20240712-1000,Mountain View Moffett Field Naval Air Station,"Mountain View, California, US",19.0,16.0,-9999.0,-9999.0,-9999.0,5.4,300,0,-9999.0,85.0,66.2,82.7
20240712-1100,Mountain View Moffett Field Naval Air Station,"Mountain View, California, US",19.0,16.0,-9999.0,-9999.0,-9999.0,5.4,300,0,-9999.0,85.0,66.2,82.7
20240712-1200,Mountain View Moffett Field Naval Air Station,"Mountain View, California, US",18.0,15.0,-9999.0,-9999.0,-9999.0,0.0,0,0,-9999.0,85.0,64.4,82.6
20240712-1300,Mountain View Moffett Field Naval Air Station,"Mountain View, California, US",18.0,15.0,-9999.0,-9999.0,-9999.0,0.0,0,0,-9999.0,85.0,64.4,82.6
20240712-1400,Mountain View Moffett Field Naval Air Station,"Mountain View, California, US",18.0,15.0,-9999.0,-9999.0,-9999.0,0.0,0,0,-9999.0,85.0,64.4,82.6
20240712-1500,Mountain View Moffett Field Naval Air Station,"Mountain View, California, US",19.0,16.0,-9999.0,-9999.0,-9999.0,0.0,0,0,-9999.0,85.0,66.2,82.7
20240712-1600,Mountain View Moffett Field Naval Air Station,"Mountain View, California, US",21.0,16.0,-9999.0,-9999.0,-9999.0,0.0,0,0,-9999.0,75.0,69.8,73.1
20240712-1700,Mountain View Moffett Field Naval Air Station,"Mountain View, California, US",22.0,17.0,-9999.0,-9999.0,-9999.0,9.360000000000001,350,0,-9999.0,75.0,71.6,73.3
20240712-1800,Mountain View Moffett Field Naval Air Station,"Mountain View, California, US",23.0,17.0,-9999.0,-9999.0,-9999.0,11.16,350,-9999,-9999.0,70.0,73.4,68.9
20240712-1900,Mountain View Moffett Field Naval Air Station,"Mountain View, California, US",25.0,17.0,-9999.0,-9999.0,-9999.0,12.959999999999999,350,0,-9999.0,60.0,77.0,61.1
20240712-2000,Mountain View Moffett Field Naval Air Station,"Mountain View, California, US",27.0,17.0,-9999.0,-9999.0,-9999.0,14.76,350,0,-9999.0,50.0,80.6,54.3
20240712-2100,Mountain View Moffett Field Naval Air Station,"Mountain View, California, US",28.0,18.0,-9999.0,-9999.0,-9999.0,18.36,350,0,-9999.0,50.0,82.4,54.6
20240712-2200,Mountain View Moffett Field Naval Air Station,"Mountain View, California, US",26.0,17.0,-9999.0,-9999.0,-9999.0,24.12,350,0,-9999.0,55.0,78.8,57.6
20240712-2300,Mountain View Moffett Field Naval Air Station,"Mountain View, California, US",25.0,17.0,-9999.0,-9999.0,-9999.0,20.520000000000003,340,-9999,-9999.0,60.0,77.0,61.1
20240713-0000,Mountain View Moffett Field Naval Air Station,"Mountain View, California, US",24.0,16.0,-9999.0,-9999.0,-9999.0,20.520000000000003,340,0,-9999.0,60.0,75.2,60.9
20240713-0100,Mountain View Moffett Field Naval Air Station,"Mountain View, California, US",22.0,15.0,-9999.0,-9999.0,-9999.0,16.56,330,-9999,-9999.0,65.0,71.6,64.5
20240713-0200,Mountain View Moffett Field Naval Air Station,"Mountain View, California, US",22.0,15.0,-9999.0,-9999.0,-9999.0,14.76,320,0,-9999.0,65.0,71.6,64.5
20240713-0300,Mountain View Moffett Field Naval Air Station,"Mountain View, California, US",21.0,15.0,-9999.0,-9999.0,-9999.0,12.959999999999999,310,-9999,-9999.0,70.0,69.8,68.6
20240713-0400,Mountain View Moffett Field Naval Air Station,"Mountain View, California, US",20.0,15.0,-9999.0,-9999.0,-9999.0,12.959999999999999,310,0,-9999.0,75.0,68.0,72.9
20240713-0500,Mountain View Moffett Field Naval Air Station,"Mountain View, California, US",19.0,15.0,-9999.0,-9999.0,-9999.0,7.5600000000000005,300,0,-9999.0,80.0,66.2,77.6
20240713-0600,Mountain View Moffett Field Naval Air Station,"Mountain View, California, US",18.0,15.0,-9999.0,-9999.0,-9999.0,7.5600000000000005,320,-9999,-9999.0,85.0,64.4,82.6
20240713-0700,Mountain View Moffett Field Naval Air Station,"Mountain View, California, US",18.0,15.0,-9999.0,-9999.0,-9999.0,11.16,340,-9999,-9999.0,85.0,64.4,82.6
20240713-0800,Mountain View Moffett Field Naval Air Station,"Mountain View, California, US",18.0,15.0,-9999.0,-9999.0,-9999.0,0.0,0,25,-9999.0,85.0,64.4,82.6
20240713-0900,Mountain View Moffett Field Naval Air Station,"Mountain View, California, US",17.0,15.0,-9999.0,-9999.0,-9999.0,5.4,300,-9999,-9999.0,90.0,62.6,88.0
20240713-1000,Mountain View Moffett Field Naval Air Station,"Mountain View, California, US",17.0,15.0,-9999.0,-9999.0,-9999.0,9.360000000000001,360,-9999,-9999.0,90.0,62.6,88.0
20240713-1100,Mountain View Moffett Field Naval Air Station,"Mountain View, California, US",16.0,15.0,-9999.0,-9999.0,-9999.0,9.360000000000001,50,-9999,-9999.0,95.0,60.8,93.8
20240713-1200,Mountain View Moffett Field Naval Air Station,"Mountain View, California, US",16.0,15.0,-9999.0,-9999.0,-9999.0,7.5600000000000005,-9999,-9999,-9999.0,95.0,60.8,93.8
20240713-1300,Mountain View Moffett Field Naval Air Station,"Mountain View, California, US",16.0,15.0,-9999.0,-9999.0,-9999.0,0.0,0,-9999,-9999.0,95.0,60.8,93.8
20240713-1400,Mountain View Moffett Field Naval Air Station,"Mountain View, California, US",17.0,15.0,-9999.0,-9999.0,-9999.0,9.360000000000001,330,0,-9999.0,90.0,62.6,88.0
20240713-1500,Mountain View Moffett Field Naval Air Station,"Mountain View, California, US",18.0,15.0,-9999.0,-9999.0,-9999.0,7.5600000000000005,330,25,-9999.0,85.0,64.4,82.6
20240713-1600,Mountain View Moffett Field Naval Air Station,"Mountain View, California, US",18.0,15.0,-9999.0,-9999.0,-9999.0,9.360000000000001,350,-9999,-9999.0,85.0,64.4,82.6
20240713-1700,Mountain View Moffett Field Naval Air Station,"Mountain View, California, US",19.0,15.0,-9999.0,-9999.0,-9999.0,16.56,350,0,-9999.0,80.0,66.2,77.6
20240713-1800,Mountain View Moffett Field Naval Air Station,"Mountain View, California, US",19.0,15.0,-9999.0,-9999.0,-9999.0,12.959999999999999,360,50,-9999.0,80.0,66.2,77.6
20240713-1900,Mountain View Moffett Field Naval Air Station,"Mountain View, California, US",21.0,15.0,-9999.0,-9999.0,-9999.0,14.76,350,0,-9999.0,70.0,69.8,68.6
20240713-2200,Mountain View Moffett Field Naval Air Station,"Mountain View, California, US",23.0,16.0,-9999.0,-9999.0,-9999.0,24.12,350,0,-9999.0,65.0,73.4,64.7
20240714-0100,Mountain View Moffett Field Naval Air Station,"Mountain View, California, US",22.0,15.0,-9999.0,-9999.0,-9999.0,22.32,340,0,-9999.0,65.0,71.6,64.5
20240714-0200,Mountain View Moffett Field Naval Air Station,"Mountain View, California, US",20.0,15.0,-9999.0,-9999.0,-9999.0,18.36,330,0,-9999.0,75.0,68.0,72.9
20240714-0300,Mountain View Moffett Field Naval Air Station,"Mountain View, California, US",19.0,15.0,-9999.0,-9999.0,-9999.0,16.56,340,0,-9999.0,80.0,66.2,77.6
20240714-0400,Mountain View Moffett Field Naval Air Station,"Mountain View, California, US",18.0,15.0,-9999.0,-9999.0,-9999.0,14.76,340,0,-9999.0,85.0,64.4,82.6
20240714-0500,Mountain View Moffett Field Naval Air Station,"Mountain View, California, US",18.0,15.0,-9999.0,-9999.0,-9999.0,11.16,330,-9999,-9999.0,85.0,64.4,82.6
20240714-0600,Mountain View Moffett Field Naval Air Station,"Mountain View, California, US",18.0,15.0,-9999.0,-9999.0,-9999.0,7.5600000000000005,310,0,-9999.0,85.0,64.4,82.6
20240714-0700,Mountain View Moffett Field Naval Air Station,"Mountain View, California, US",17.0,15.0,-9999.0,-9999.0,-9999.0,11.16,10,-9999,-9999.0,90.0,62.6,88.0
20240714-0800,Mountain View Moffett Field Naval Air Station,"Mountain View, California, US",17.0,14.0,-9999.0,-9999.0,-9999.0,7.5600000000000005,360,-9999,-9999.0,85.0,62.6,82.5
20240714-1000,Mountain View Moffett Field Naval Air Station,"Mountain View, California, US",16.0,15.0,-9999.0,-9999.0,-9999.0,11.16,10,-9999,-9999.0,95.0,60.8,93.8
20240714-1200,Mountain View Moffett Field Naval Air Station,"Mountain View, California, US",16.0,14.0,-9999.0,-9999.0,-9999.0,12.959999999999999,360,-9999,-9999.0,90.0,60.8,87.9
20240714-1300,Mountain View Moffett Field Naval Air Station,"Mountain View, California, US",17.0,14.0,-9999.0,-9999.0,-9999.0,11.16,360,-9999,-9999.0,85.0,62.6,82.5
20240714-1400,Mountain View Moffett Field Naval Air Station,"Mountain View, California, US",16.0,14.0,-9999.0,-9999.0,-9999.0,9.360000000000001,20,-9999,-9999.0,90.0,60.8,87.9
20240714-1500,Mountain View Moffett Field Naval Air Station,"Mountain View, California, US",17.0,14.0,-9999.0,-9999.0,-9999.0,5.4,-9999,-9999,-9999.0,85.0,62.6,82.5
20240714-1600,Mountain View Moffett Field Naval Air Station,"Mountain View, California, US",18.0,14.0,-9999.0,-9999.0,-9999.0,7.5600000000000005,340,-9999,-9999.0,80.0,64.4,77.4
20240714-1800,Mountain View Moffett Field Naval Air Station,"Mountain View, California, US",20.0,15.0,-9999.0,-9999.0,-9999.0,7.5600000000000005,-9999,0,-9999.0,75.0,68.0,72.9
20240714-1900,Mountain View Moffett Field Naval Air Station,"Mountain View, California, US",21.0,15.0,-9999.0,-9999.0,-9999.0,14.76,350,0,-9999.0,70.0,69.8,68.6
20240714-2000,Mountain View Moffett Field Naval Air Station,"Mountain View, California, US",22.0,15.0,-9999.0,-9999.0,-9999.0,14.76,340,0,-9999.0,65.0,71.6,64.5
20240714-2100,Mountain View Moffett Field Naval Air Station,"Mountain View, California, US",22.0,15.0,-9999.0,-9999.0,-9999.0,18.36,350,0,-9999.0,65.0,71.6,64.5
20240714-2200,Mountain View Moffett Field Naval Air Station,"Mountain View, California, US",22.0,15.0,-9999.0,-9999.0,-9999.0,24.12,340,0,-9999.0,65.0,71.6,64.5
20240714-2300,Mountain View Moffett Field Naval Air Station,"Mountain View, California, US",22.0,15.0,-9999.0,-9999.0,-9999.0,22.32,350,-9999,-9999.0,65.0,71.6,64.5
20240715-0200,Mountain View Moffett Field Naval Air Station,"Mountain View, California, US",20.0,14.0,-9999.0,-9999.0,-9999.0,25.919999999999998,330,0,-9999.0,70.0,68.0,68.4
20240715-0300,Mountain View Moffett Field Naval Air Station,"Mountain View, California, US",18.0,14.0,-9999.0,-9999.0,-9999.0,24.12,350,50,-9999.0,80.0,64.4,77.4
20240715-0400,Mountain View Moffett Field Naval Air Station,"Mountain View, California, US",18.0,14.0,-9999.0,-9999.0,-9999.0,20.520000000000003,340,50,-9999.0,80.0,64.4,77.4
20240715-0500,Mountain View Moffett Field Naval Air Station,"Mountain View, California, US",17.0,14.0,-9999.0,-9999.0,-9999.0,18.36,360,-9999,-9999.0,85.0,62.6,82.5
20240715-0600,Mountain View Moffett Field Naval Air Station,"Mountain View, California, US",16.0,13.0,-9999.0,-9999.0,-9999.0,11.16,20,-9999,-9999.0,85.0,60.8,82.4
20240715-0700,Mountain View Moffett Field Naval Air Station,"Mountain View, California, US",16.0,13.0,-9999.0,-9999.0,-9999.0,11.16,30,-9999,-9999.0,85.0,60.8,82.4
20240715-0800,Mountain View Moffett Field Naval Air Station,"Mountain View, California, US",16.0,13.0,-9999.0,-9999.0,-9999.0,5.4,30,-9999,-9999.0,85.0,60.8,82.4
20240715-0900,Mountain View Moffett Field Naval Air Station,"Mountain View, California, US",16.0,13.0,-9999.0,-9999.0,-9999.0,7.5600000000000005,20,-9999,-9999.0,85.0,60.8,82.4
20240715-1000,Mountain View Moffett Field Naval Air Station,"Mountain View, California, US",16.0,14.0,-9999.0,-9999.0,-9999.0,11.16,340,-9999,-9999.0,90.0,60.8,87.9
20240715-1100,Mountain View Moffett Field Naval Air Station,"Mountain View, California, US",16.0,14.0,-9999.0,-9999.0,-9999.0,7.5600000000000005,360,-9999,-9999.0,90.0,60.8,87.9
20240715-1200,Mountain View Moffett Field Naval Air Station,"Mountain View, California, US",16.0,14.0,-9999.0,-9999.0,-9999.0,9.360000000000001,340,-9999,-9999.0,90.0,60.8,87.9
20240715-1300,Mountain View Moffett Field Naval Air Station,"Mountain View, California, US",16.0,14.0,-9999.0,-9999.0,-9999.0,7.5600000000000005,350,-9999,-9999.0,90.0,60.8,87.9
20240715-1400,Mountain View Moffett Field Naval Air Station,"Mountain View, California, US",16.0,14.0,-9999.0,-9999.0,-9999.0,9.360000000000001,360,-9999,-9999.0,90.0,60.8,87.9
20240715-1500,Mountain View Moffett Field Naval Air Station,"Mountain View, California, US",17.0,14.0,-9999.0,-9999.0,-9999.0,7.5600000000000005,20,-9999,-9999.0,85.0,62.6,82.5
20240715-1600,Mountain View Moffett Field Naval Air Station,"Mountain View, California, US",17.0,14.0,-9999.0,-9999.0,-9999.0,7.5600000000000005,-9999,-9999,-9999.0,85.0,62.6,82.5
20240715-1700,Mountain View Moffett Field Naval Air Station,"Mountain View, California, US",18.0,14.0,-9999.0,-9999.0,-9999.0,11.16,-9999,-9999,-9999.0,80.0,64.4,77.4
20240715-1800,Mountain View Moffett Field Naval Air Station,"Mountain View, California, US",19.0,14.0,-9999.0,-9999.0,-9999.0,16.56,10,-9999,-9999.0,75.0,66.2,72.7
20240715-1900,Mountain View Moffett Field Naval Air Station,"Mountain View, California, US",20.0,14.0,-9999.0,-9999.0,-9999.0,16.56,350,0,-9999.0,70.0,68.0,68.4
20240715-2000,Mountain View Moffett Field Naval Air Station,"Mountain View, California, US",20.0,14.0,-9999.0,-9999.0,-9999.0,16.56,340,0,-9999.0,70.0,68.0,68.4
20240715-2100,Mountain View Moffett Field Naval Air Station,"Mountain View, California, US",21.0,14.0,-9999.0,-9999.0,-9999.0,20.520000000000003,340,0,-9999.0,65.0,69.8,64.3
20240715-2200,Mountain View Moffett Field Naval Air Station,"Mountain View, California, US",21.0,13.0,-9999.0,-9999.0,-9999.0,18.36,330,0,-9999.0,60.0,69.8,60.2
20240715-2300,Mountain View Moffett Field Naval Air Station,"Mountain View, California, US",21.0,14.0,-9999.0,-9999.0,-9999.0,22.32,350,0,-9999.0,65.0,69.8,64.3
20240716-0000,Mountain View Moffett Field Naval Air Station,"Mountain View, California, US",21.0,14.0,-9999.0,-9999.0,-9999.0,29.52,340,0,-9999.0,65.0,69.8,64.3
20240716-0100,Mountain View Moffett Field Naval Air Station,"Mountain View, California, US",21.0,14.0,-9999.0,-9999.0,-9999.0,29.52,340,0,-9999.0,65.0,69.8,64.3
20240716-0200,Mountain View Moffett Field Naval Air Station,"Mountain View, California, US",20.0,14.0,-9999.0,-9999.0,-9999.0,25.919999999999998,340,0,-9999.0,70.0,68.0,68.4
20240716-0300,Mountain View Moffett Field Naval Air Station,"Mountain View, California, US",19.0,13.0,-9999.0,-9999.0,-9999.0,24.12,340,0,-9999.0,70.0,66.2,68.2
20240716-0400,Mountain View Moffett Field Naval Air Station,"Mountain View, California, US",18.0,13.0,-9999.0,-9999.0,-9999.0,24.12,360,0,-9999.0,75.0,64.4,72.6
20240716-0500,Mountain View Moffett Field Naval Air Station,"Mountain View, California, US",18.0,13.0,-9999.0,-9999.0,-9999.0,20.520000000000003,350,0,-9999.0,75.0,64.4,72.6
20240716-0600,Mountain View Moffett Field Naval Air Station,"Mountain View, California, US",17.0,12.0,-9999.0,-9999.0,-9999.0,7.5600000000000005,320,0,-9999.0,75.0,62.6,72.4
20240716-0700,Mountain View Moffett Field Naval Air Station,"Mountain View, California, US",17.0,12.0,-9999.0,-9999.0,-9999.0,0.0,0,0,-9999.0,75.0,62.6,72.4
20240716-0800,Mountain View Moffett Field Naval Air Station,"Mountain View, California, US",16.0,12.0,-9999.0,-9999.0,-9999.0,5.4,320,0,-9999.0,80.0,60.8,77.1
20240716-0900,Mountain View Moffett Field Naval Air Station,"Mountain View, California, US",16.0,12.0,-9999.0,-9999.0,-9999.0,0.0,0,-9999,-9999.0,80.0,60.8,77.1
20240716-1000,Mountain View Moffett Field Naval Air Station,"Mountain View, California, US",16.0,12.0,-9999.0,-9999.0,-9999.0,0.0,0,-9999,-9999.0,80.0,60.8,77.1
20240716-1100,Mountain View Moffett Field Naval Air Station,"Mountain View, California, US",16.0,12.0,-9999.0,-9999.0,-9999.0,7.5600000000000005,10,-9999,-9999.0,80.0,60.8,77.1
20240716-1200,Mountain View Moffett Field Naval Air Station,"Mountain View, California, US",16.0,12.0,-9999.0,-9999.0,-9999.0,0.0,0,-9999,-9999.0,80.0,60.8,77.1
20240716-1300,Mountain View Moffett Field Naval Air Station,"Mountain View, California, US",16.0,12.0,-9999.0,-9999.0,-9999.0,5.4,330,-9999,-9999.0,80.0,60.8,77.1
20240716-1400,Mountain View Moffett Field Naval Air Station,"Mountain View, California, US",16.0,12.0,-9999.0,-9999.0,-9999.0,0.0,0,-9999,-9999.0,80.0,60.8,77.1
20240716-1500,Mountain View Moffett Field Naval Air Station,"Mountain View, California, US",17.0,12.0,-9999.0,-9999.0,-9999.0,0.0,0,-9999,-9999.0,75.0,62.6,72.4
20240716-1600,Mountain View Moffett Field Naval Air Station,"Mountain View, California, US",17.0,12.0,-9999.0,-9999.0,-9999.0,0.0,0,-9999,-9999.0,75.0,62.6,72.4
20240716-1700,Mountain View Moffett Field Naval Air Station,"Mountain View, California, US",18.0,12.0,-9999.0,-9999.0,-9999.0,9.360000000000001,30,-9999,-9999.0,70.0,64.4,68.0
20240716-1800,Mountain View Moffett Field Naval Air Station,"Mountain View, California, US",20.0,13.0,-9999.0,-9999.0,-9999.0,11.16,360,0,-9999.0,65.0,68.0,64.0
20240716-1900,Mountain View Moffett Field Naval Air Station,"Mountain View, California, US",20.0,12.0,-9999.0,-9999.0,-9999.0,14.76,340,0,-9999.0,60.0,68.0,60.0
20240716-2000,Mountain View Moffett Field Naval Air Station,"Mountain View, California, US",21.0,13.0,-9999.0,-9999.0,-9999.0,14.76,350,0,-9999.0,60.0,69.8,60.2
20240716-2100,Mountain View Moffett Field Naval Air Station,"Mountain View, California, US",22.0,13.0,-9999.0,-9999.0,-9999.0,22.32,350,0,-9999.0,55.0,71.6,56.6
20240716-2200,Mountain View Moffett Field Naval Air Station,"Mountain View, California, US",22.0,13.0,-9999.0,-9999.0,-9999.0,24.12,340,0,-9999.0,55.0,71.6,56.6
20240716-2300,Mountain View Moffett Field Naval Air Station,"Mountain View, California, US",22.0,13.0,-9999.0,-9999.0,-9999.0,29.52,340,0,-9999.0,55.0,71.6,56.6
20240717-0000,Mountain View Moffett Field Naval Air Station,"Mountain View, California, US",21.0,13.0,-9999.0,-9999.0,-9999.0,29.52,340,0,-9999.0,60.0,69.8,60.2
20240717-0100,Mountain View Moffett Field Naval Air Station,"Mountain View, California, US",21.0,13.0,-9999.0,-9999.0,-9999.0,31.68,350,0,-9999.0,60.0,69.8,60.2
20240717-0200,Mountain View Moffett Field Naval Air Station,"Mountain View, California, US",20.0,13.0,-9999.0,-9999.0,-9999.0,25.919999999999998,340,0,-9999.0,65.0,68.0,64.0
20240717-0300,Mountain View Moffett Field Naval Air Station,"Mountain View, California, US",19.0,12.0,-9999.0,-9999.0,-9999.0,20.520000000000003,340,0,-9999.0,65.0,66.2,63.8
20240717-0400,Mountain View Moffett Field Naval Air Station,"Mountain View, California, US",17.0,12.0,-9999.0,-9999.0,-9999.0,20.520000000000003,340,0,-9999.0,75.0,62.6,72.4
20240717-0500,Mountain View Moffett Field Naval Air Station,"Mountain View, California, US",16.0,12.0,-9999.0,-9999.0,-9999.0,18.36,340,0,-9999.0,80.0,60.8,77.1
20240717-0600,Mountain View Moffett Field Naval Air Station,"Mountain View, California, US",16.0,12.0,-9999.0,-9999.0,-9999.0,14.76,350,0,-9999.0,80.0,60.8,77.1
20240717-0700,Mountain View Moffett Field Naval Air Station,"Mountain View, California, US",15.0,12.0,-9999.0,-9999.0,-9999.0,0.0,0,0,-9999.0,85.0,59.0,82.2
20240717-0800,Mountain View Moffett Field Naval Air Station,"Mountain View, California, US",15.0,11.0,-9999.0,-9999.0,-9999.0,0.0,0,0,-9999.0,80.0,59.0,77.0
20240717-0900,Mountain View Moffett Field Naval Air Station,"Mountain View, California, US",15.0,11.0,-9999.0,-9999.0,-9999.0,0.0,0,-9999,-9999.0,80.0,59.0,77.0
20240717-1000,Mountain View Moffett Field Naval Air Station,"Mountain View, California, US",15.0,11.0,-9999.0,-9999.0,-9999.0,0.0,0,-9999,-9999.0,80.0,59.0,77.0
20240717-1100,Mountain View Moffett Field Naval Air Station,"Mountain View, California, US",14.0,11.0,-9999.0,-9999.0,-9999.0,5.4,300,-9999,-9999.0,85.0,57.2,82.1
20240717-1200,Mountain View Moffett Field Naval Air Station,"Mountain View, California, US",14.0,11.0,-9999.0,-9999.0,-9999.0,0.0,0,50,-9999.0,85.0,57.2,82.1
20240717-1300,Mountain View Moffett Field Naval Air Station,"Mountain View, California, US",14.0,11.0,-9999.0,-9999.0,-9999.0,0.0,0,0,-9999.0,85.0,57.2,82.1
20240717-1400,Mountain View Moffett Field Naval Air Station,"Mountain View, California, US",14.0,12.0,-9999.0,-9999.0,-9999.0,7.5600000000000005,320,50,-9999.0,90.0,57.2,87.7
20240717-1500,Mountain View Moffett Field Naval Air Station,"Mountain View, California, US",15.0,12.0,-9999.0,-9999.0,-9999.0,9.360000000000001,320,-9999,-9999.0,85.0,59.0,82.2
20240717-1600,Mountain View Moffett Field Naval Air Station,"Mountain View, California, US",16.0,12.0,-9999.0,-9999.0,-9999.0,11.16,30,-9999,-9999.0,80.0,60.8,77.1
20240717-1700,Mountain View Moffett Field Naval Air Station,"Mountain View, California, US",17.0,12.0,-9999.0,-9999.0,-9999.0,9.360000000000001,350,-9999,-9999.0,75.0,62.6,72.4
20240717-1800,Mountain View Moffett Field Naval Air Station,"Mountain View, California, US",17.0,13.0,-9999.0,-9999.0,-9999.0,14.76,360,0,-9999.0,80.0,62.6,77.3
20240717-1900,Mountain View Moffett Field Naval Air Station,"Mountain View, California, US",18.0,13.0,-9999.0,-9999.0,-9999.0,12.959999999999999,350,25,-9999.0,75.0,64.4,72.6
20240717-2000,Mountain View Moffett Field Naval Air Station,"Mountain View, California, US",19.0,14.0,-9999.0,-9999.0,-9999.0,18.36,340,0,-9999.0,75.0,66.2,72.7
20240717-2100,Mountain View Moffett Field Naval Air Station,"Mountain View, California, US",20.0,14.0,-9999.0,-9999.0,-9999.0,18.36,340,0,-9999.0,70.0,68.0,68.4
20240717-2200,Mountain View Moffett Field Naval Air Station,"Mountain View, California, US",21.0,15.0,-9999.0,-9999.0,-9999.0,22.32,340,0,-9999.0,70.0,69.8,68.6
20240717-2300,Mountain View Moffett Field Naval Air Station,"Mountain View, California, US",22.0,15.0,-9999.0,-9999.0,-9999.0,20.520000000000003,360,0,-9999.0,65.0,71.6,64.5
20240718-0000,Mountain View Moffett Field Naval Air Station,"Mountain View, California, US",22.0,15.0,-9999.0,-9999.0,-9999.0,20.520000000000003,340,0,-9999.0,65.0,71.6,64.5
20240718-0100,Mountain View Moffett Field Naval Air Station,"Mountain View, California, US",21.0,15.0,-9999.0,-9999.0,-9999.0,24.12,340,0,-9999.0,70.0,69.8,68.6
20240718-0200,Mountain View Moffett Field Naval Air Station,"Mountain View, California, US",20.0,15.0,-9999.0,-9999.0,-9999.0,25.919999999999998,350,0,-9999.0,75.0,68.0,72.9
20240718-0300,Mountain View Moffett Field Naval Air Station,"Mountain View, California, US",19.0,15.0,-9999.0,-9999.0,-9999.0,20.520000000000003,340,0,-9999.0,80.0,66.2,77.6
20240718-0400,Mountain View Moffett Field Naval Air Station,"Mountain View, California, US",18.0,14.0,-9999.0,-9999.0,-9999.0,16.56,340,0,-9999.0,80.0,64.4,77.4
20240718-0500,Mountain View Moffett Field Naval Air Station,"Mountain View, California, US",18.0,14.0,-9999.0,-9999.0,-9999.0,16.56,350,0,-9999.0,80.0,64.4,77.4
20240718-0600,Mountain View Moffett Field Naval Air Station,"Mountain View, California, US",17.0,15.0,-9999.0,-9999.0,-9999.0,16.56,360,0,-9999.0,90.0,62.6,88.0
20240718-0700,Mountain View Moffett Field Naval Air Station,"Mountain View, California, US",17.0,14.0,-9999.0,-9999.0,-9999.0,14.76,10,0,-9999.0,85.0,62.6,82.5
20240718-0800,Mountain View Moffett Field Naval Air Station,"Mountain View, California, US",16.0,14.0,-9999.0,-9999.0,-9999.0,12.959999999999999,350,0,-9999.0,90.0,60.8,87.9
20240718-0900,Mountain View Moffett Field Naval Air Station,"Mountain View, California, US",16.0,14.0,-9999.0,-9999.0,-9999.0,11.16,20,25,-9999.0,90.0,60.8,87.9
20240718-1000,Mountain View Moffett Field Naval Air Station,"Mountain View, California, US",16.0,14.0,-9999.0,-9999.0,-9999.0,9.360000000000001,20,-9999,-9999.0,90.0,60.8,87.9
20240718-1100,Mountain View Moffett Field Naval Air Station,"Mountain View, California, US",16.0,14.0,-9999.0,-9999.0,-9999.0,0.0,0,-9999,-9999.0,90.0,60.8,87.9
20240718-1200,Mountain View Moffett Field Naval Air Station,"Mountain View, California, US",16.0,14.0,-9999.0,-9999.0,-9999.0,7.5600000000000005,-9999,-9999,-9999.0,90.0,60.8,87.9
20240718-1300,Mountain View Moffett Field Naval Air Station,"Mountain View, California, US",16.0,14.0,-9999.0,-9999.0,-9999.0,0.0,0,-9999,-9999.0,90.0,60.8,87.9
20240718-1400,Mountain View Moffett Field Naval Air Station,"Mountain View, California, US",16.0,14.0,-9999.0,-9999.0,-9999.0,7.5600000000000005,10,-9999,-9999.0,90.0,60.8,87.9
20240718-1500,Mountain View Moffett Field Naval Air Station,"Mountain View, California, US",17.0,14.0,-9999.0,-9999.0,-9999.0,7.5600000000000005,360,-9999,-9999.0,85.0,62.6,82.5
20240718-1600,Mountain View Moffett Field Naval Air Station,"Mountain View, California, US",17.0,14.0,-9999.0,-9999.0,-9999.0,0.0,0,25,-9999.0,85.0,62.6,82.5
20240718-1700,Mountain View Moffett Field Naval Air Station,"Mountain View, California, US",19.0,15.0,-9999.0,-9999.0,-9999.0,9.360000000000001,10,0,-9999.0,80.0,66.2,77.6
20240718-1800,Mountain View Moffett Field Naval Air Station,"Mountain View, California, US",21.0,15.0,-9999.0,-9999.0,-9999.0,11.16,360,0,-9999.0,70.0,69.8,68.6
20240718-1900,Mountain View Moffett Field Naval Air Station,"Mountain View, California, US",22.0,15.0,-9999.0,-9999.0,-9999.0,14.76,350,0,-9999.0,65.0,71.6,64.5
20240718-2000,Mountain View Moffett Field Naval Air Station,"Mountain View, California, US",23.0,16.0,-9999.0,-9999.0,-9999.0,12.959999999999999,350,0,-9999.0,65.0,73.4,64.7
20240718-2100,Mountain View Moffett Field Naval Air Station,"Mountain View, California, US",25.0,16.0,-9999.0,-9999.0,-9999.0,18.36,350,0,-9999.0,55.0,77.0,57.4
20240718-2200,Mountain View Moffett Field Naval Air Station,"Mountain View, California, US",25.0,16.0,-9999.0,-9999.0,-9999.0,22.32,340,0,-9999.0,55.0,77.0,57.4
20240718-2300,Mountain View Moffett Field Naval Air Station,"Mountain View, California, US",25.0,16.0,-9999.0,-9999.0,-9999.0,16.56,340,0,-9999.0,55.0,77.0,57.4
20240719-0000,Mountain View Moffett Field Naval Air Station,"Mountain View, California, US",23.0,15.0,-9999.0,-9999.0,-9999.0,22.32,340,0,-9999.0,60.0,73.4,60.7
20240719-0100,Mountain View Moffett Field Naval Air Station,"Mountain View, California, US",22.0,14.0,-9999.0,-9999.0,-9999.0,24.12,340,0,-9999.0,60.0,71.6,60.4
20240719-0200,Mountain View Moffett Field Naval Air Station,"Mountain View, California, US",21.0,14.0,-9999.0,-9999.0,-9999.0,18.36,340,0,-9999.0,65.0,69.8,64.3
20240719-0300,Mountain View Moffett Field Naval Air Station,"Mountain View, California, US",21.0,14.0,-9999.0,-9999.0,-9999.0,18.36,340,0,-9999.0,65.0,69.8,64.3
20240719-0400,Mountain View Moffett Field Naval Air Station,"Mountain View, California, US",19.0,14.0,-9999.0,-9999.0,-9999.0,11.16,330,0,-9999.0,75.0,66.2,72.7
20240719-0500,Mountain View Moffett Field Naval Air Station,"Mountain View, California, US",19.0,14.0,-9999.0,-9999.0,-9999.0,12.959999999999999,330,0,-9999.0,75.0,66.2,72.7
20240719-0600,Mountain View Moffett Field Naval Air Station,"Mountain View, California, US",18.0,13.0,-9999.0,-9999.0,-9999.0,5.4,-9999,0,-9999.0,75.0,64.4,72.6
20240719-0700,Mountain View Moffett Field Naval Air Station,"Mountain View, California, US",18.0,14.0,-9999.0,-9999.0,-9999.0,0.0,0,0,-9999.0,80.0,64.4,77.4
20240719-0800,Mountain View Moffett Field Naval Air Station,"Mountain View, California, US",18.0,14.0,-9999.0,-9999.0,-9999.0,0.0,0,0,-9999.0,80.0,64.4,77.4
20240719-0900,Mountain View Moffett Field Naval Air Station,"Mountain View, California, US",17.0,14.0,-9999.0,-9999.0,-9999.0,5.4,10,0,-9999.0,85.0,62.6,82.5
20240719-1000,Mountain View Moffett Field Naval Air Station,"Mountain View, California, US",17.0,14.0,-9999.0,-9999.0,-9999.0,0.0,0,0,-9999.0,85.0,62.6,82.5
20240719-1100,Mountain View Moffett Field Naval Air Station,"Mountain View, California, US",17.0,13.0,-9999.0,-9999.0,-9999.0,0.0,0,0,-9999.0,80.0,62.6,77.3
20240719-1200,Mountain View Moffett Field Naval Air Station,"Mountain View, California, US",16.0,14.0,-9999.0,-9999.0,-9999.0,0.0,0,0,-9999.0,90.0,60.8,87.9
20240719-1300,Mountain View Moffett Field Naval Air Station,"Mountain View, California, US",16.0,14.0,-9999.0,-9999.0,-9999.0,0.0,0,0,-9999.0,90.0,60.8,87.9
20240719-1400,Mountain View Moffett Field Naval Air Station,"Mountain View, California, US",16.0,14.0,-9999.0,-9999.0,-9999.0,0.0,0,0,-9999.0,90.0,60.8,87.9
20240719-1500,Mountain View Moffett Field Naval Air Station,"Mountain View, California, US",17.0,14.0,-9999.0,-9999.0,-9999.0,0.0,0,0,-9999.0,85.0,62.6,82.5
20240719-1600,Mountain View Moffett Field Naval Air Station,"Mountain View, California, US",19.0,14.0,-9999.0,-9999.0,-9999.0,0.0,0,0,-9999.0,75.0,66.2,72.7
20240719-1700,Mountain View Moffett Field Naval Air Station,"Mountain View, California, US",21.0,15.0,-9999.0,-9999.0,-9999.0,5.4,340,0,-9999.0,70.0,69.8,68.6
20240719-1800,Mountain View Moffett Field Naval Air Station,"Mountain View, California, US",23.0,15.0,-9999.0,-9999.0,-9999.0,9.360000000000001,350,0,-9999.0,60.0,73.4,60.7
20240719-1900,Mountain View Moffett Field Naval Air Station,"Mountain View, California, US",25.0,13.0,-9999.0,-9999.0,-9999.0,12.959999999999999,350,0,-9999.0,40.0,77.0,47.3
20240719-2000,Mountain View Moffett Field Naval Air Station,"Mountain View, California, US",27.0,14.0,-9999.0,-9999.0,-9999.0,12.959999999999999,350,0,-9999.0,35.0,80.6,44.8
20240719-2100,Mountain View Moffett Field Naval Air Station,"Mountain View, California, US",31.0,15.0,-9999.0,-9999.0,-9999.0,16.56,350,0,-9999.0,20.0,87.8,37.9
20240719-2200,Mountain View Moffett Field Naval Air Station,"Mountain View, California, US",30.0,15.0,-9999.0,-9999.0,-9999.0,22.32,350,0,-9999.0,25.0,86.0,40.1
20240719-2300,Mountain View Moffett Field Naval Air Station,"Mountain View, California, US",29.0,14.0,-9999.0,-9999.0,-9999.0,24.12,340,0,-9999.0,25.0,84.2,39.9
20240720-0000,Mountain View Moffett Field Naval Air Station,"Mountain View, California, US",29.0,14.0,-9999.0,-9999.0,-9999.0,22.32,350,-9999,-9999.0,25.0,84.2,39.9
20240720-0100,Mountain View Moffett Field Naval Air Station,"Mountain View, California, US",27.0,14.0,-9999.0,-9999.0,-9999.0,22.32,340,-9999,-9999.0,35.0,80.6,44.8
20240720-0200,Mountain View Moffett Field Naval Air Station,"Mountain View, California, US",25.0,13.0,-9999.0,-9999.0,-9999.0,20.520000000000003,340,0,-9999.0,40.0,77.0,47.3
20240720-0300,Mountain View Moffett Field Naval Air Station,"Mountain View, California, US",23.0,14.0,-9999.0,-9999.0,-9999.0,11.16,320,-9999,-9999.0,55.0,73.4,56.9
20240720-0600,Mountain View Moffett Field Naval Air Station,"Mountain View, California, US",19.0,14.0,-9999.0,-9999.0,-9999.0,16.56,340,0,-9999.0,75.0,66.2,72.7
20240720-0700,Mountain View Moffett Field Naval Air Station,"Mountain View, California, US",19.0,15.0,-9999.0,-9999.0,-9999.0,16.56,330,0,-9999.0,80.0,66.2,77.6
20240720-0800,Mountain View Moffett Field Naval Air Station,"Mountain View, California, US",18.0,15.0,-9999.0,-9999.0,-9999.0,5.4,320,0,-9999.0,85.0,64.4,82.6
20240720-0900,Mountain View Moffett Field Naval Air Station,"Mountain View, California, US",18.0,15.0,-9999.0,-9999.0,-9999.0,9.360000000000001,10,0,-9999.0,85.0,64.4,82.6
20240720-1000,Mountain View Moffett Field Naval Air Station,"Mountain View, California, US",18.0,15.0,-9999.0,-9999.0,-9999.0,0.0,0,0,-9999.0,85.0,64.4,82.6
20240720-1100,Mountain View Moffett Field Naval Air Station,"Mountain View, California, US",17.0,14.0,-9999.0,-9999.0,-9999.0,0.0,0,0,-9999.0,85.0,62.6,82.5
20240720-1200,Mountain View Moffett Field Naval Air Station,"Mountain View, California, US",17.0,14.0,-9999.0,-9999.0,-9999.0,7.5600000000000005,350,25,-9999.0,85.0,62.6,82.5
20240720-1300,Mountain View Moffett Field Naval Air Station,"Mountain View, California, US",17.0,14.0,-9999.0,-9999.0,-9999.0,7.5600000000000005,360,0,-9999.0,85.0,62.6,82.5
20240720-1400,Mountain View Moffett Field Naval Air Station,"Mountain View, California, US",17.0,14.0,-9999.0,-9999.0,-9999.0,5.4,360,0,-9999.0,85.0,62.6,82.5
20240720-1500,Mountain View Moffett Field Naval Air Station,"Mountain View, California, US",18.0,15.0,-9999.0,-9999.0,-9999.0,9.360000000000001,350,0,-9999.0,85.0,64.4,82.6
20240720-1600,Mountain View Moffett Field Naval Air Station,"Mountain View, California, US",19.0,15.0,-9999.0,-9999.0,-9999.0,9.360000000000001,350,0,-9999.0,80.0,66.2,77.6
20240720-1700,Mountain View Moffett Field Naval Air Station,"Mountain View, California, US",20.0,15.0,-9999.0,-9999.0,-9999.0,9.360000000000001,-9999,0,-9999.0,75.0,68.0,72.9
20240720-1800,Mountain View Moffett Field Naval Air Station,"Mountain View, California, US",22.0,15.0,-9999.0,-9999.0,-9999.0,11.16,10,0,-9999.0,65.0,71.6,64.5
20240720-1900,Mountain View Moffett Field Naval Air Station,"Mountain View, California, US",22.0,15.0,-9999.0,-9999.0,-9999.0,12.959999999999999,350,0,-9999.0,65.0,71.6,64.5
20240720-2000,Mountain View Moffett Field Naval Air Station,"Mountain View, California, US",23.0,15.0,-9999.0,-9999.0,-9999.0,18.36,340,0,-9999.0,60.0,73.4,60.7
20240720-2100,Mountain View Moffett Field Naval Air Station,"Mountain View, California, US",23.0,14.0,-9999.0,-9999.0,-9999.0,20.520000000000003,330,0,-9999.0,55.0,73.4,56.9
20240720-2200,Mountain View Moffett Field Naval Air Station,"Mountain View, California, US",23.0,16.0,-9999.0,-9999.0,-9999.0,25.919999999999998,340,0,-9999.0,65.0,73.4,64.7
20240720-2300,Mountain View Moffett Field Naval Air Station,"Mountain View, California, US",23.0,15.0,-9999.0,-9999.0,-9999.0,27.72,350,0,-9999.0,60.0,73.4,60.7
20240721-0000,Mountain View Moffett Field Naval Air Station,"Mountain View, California, US",22.0,15.0,-9999.0,-9999.0,-9999.0,24.12,350,0,-9999.0,65.0,71.6,64.5
20240721-0100,Mountain View Moffett Field Naval Air Station,"Mountain View, California, US",22.0,15.0,-9999.0,-9999.0,-9999.0,20.520000000000003,10,0,-9999.0,65.0,71.6,64.5
20240721-0200,Mountain View Moffett Field Naval Air Station,"Mountain View, California, US",21.0,15.0,-9999.0,-9999.0,-9999.0,22.32,350,0,-9999.0,70.0,69.8,68.6
20240721-0300,Mountain View Moffett Field Naval Air Station,"Mountain View, California, US",20.0,14.0,-9999.0,-9999.0,-9999.0,20.520000000000003,350,0,-9999.0,70.0,68.0,68.4
20240721-0400,Mountain View Moffett Field Naval Air Station,"Mountain View, California, US",19.0,14.0,-9999.0,-9999.0,-9999.0,22.32,360,0,-9999.0,75.0,66.2,72.7
20240721-0500,Mountain View Moffett Field Naval Air Station,"Mountain View, California, US",18.0,14.0,-9999.0,-9999.0,-9999.0,12.959999999999999,340,0,-9999.0,80.0,64.4,77.4
20240721-0600,Mountain View Moffett Field Naval Air Station,"Mountain View, California, US",17.0,14.0,-9999.0,-9999.0,-9999.0,5.4,10,0,-9999.0,85.0,62.6,82.5
20240721-0700,Mountain View Moffett Field Naval Air Station,"Mountain View, California, US",16.0,14.0,-9999.0,-9999.0,-9999.0,9.360000000000001,50,0,-9999.0,90.0,60.8,87.9
20240721-0800,Mountain View Moffett Field Naval Air Station,"Mountain View, California, US",16.0,14.0,-9999.0,-9999.0,-9999.0,7.5600000000000005,20,-9999,-9999.0,90.0,60.8,87.9
20240721-0900,Mountain View Moffett Field Naval Air Station,"Mountain View, California, US",16.0,13.0,-9999.0,-9999.0,-9999.0,7.5600000000000005,30,0,-9999.0,85.0,60.8,82.4
20240721-1000,Mountain View Moffett Field Naval Air Station,"Mountain View, California, US",15.0,13.0,-9999.0,-9999.0,-9999.0,7.5600000000000005,40,0,-9999.0,90.0,59.0,87.8
20240721-1100,Mountain View Moffett Field Naval Air Station,"Mountain View, California, US",15.0,13.0,-9999.0,-9999.0,-9999.0,7.5600000000000005,60,0,-9999.0,90.0,59.0,87.8
20240721-1200,Mountain View Moffett Field Naval Air Station,"Mountain View, California, US",15.0,13.0,-9999.0,-9999.0,-9999.0,0.0,0,0,-9999.0,90.0,59.0,87.8
20240721-1300,Mountain View Moffett Field Naval Air Station,"Mountain View, California, US",15.0,13.0,-9999.0,-9999.0,-9999.0,0.0,0,25,-9999.0,90.0,59.0,87.8
20240721-1400,Mountain View Moffett Field Naval Air Station,"Mountain View, California, US",16.0,13.0,-9999.0,-9999.0,-9999.0,0.0,0,-9999,-9999.0,85.0,60.8,82.4
20240721-1500,Mountain View Moffett Field Naval Air Station,"Mountain View, California, US",17.0,14.0,-9999.0,-9999.0,-9999.0,5.4,130,0,-9999.0,85.0,62.6,82.5
20240721-1600,Mountain View Moffett Field Naval Air Station,"Mountain View, California, US",19.0,13.0,-9999.0,-9999.0,-9999.0,0.0,0,-9999,-9999.0,70.0,66.2,68.2
20240721-1700,Mountain View Moffett Field Naval Air Station,"Mountain View, California, US",19.0,14.0,-9999.0,-9999.0,-9999.0,11.16,10,25,-9999.0,75.0,66.2,72.7
20240721-1800,Mountain View Moffett Field Naval Air Station,"Mountain View, California, US",20.0,14.0,-9999.0,-9999.0,-9999.0,9.360000000000001,-9999,0,-9999.0,70.0,68.0,68.4
20240721-1900,Mountain View Moffett Field Naval Air Station,"Mountain View, California, US",20.0,14.0,-9999.0,-9999.0,-9999.0,18.36,360,0,-9999.0,70.0,68.0,68.4
20240721-2000,Mountain View Moffett Field Naval Air Station,"Mountain View, California, US",20.0,14.0,-9999.0,-9999.0,-9999.0,16.56,350,0,-9999.0,70.0,68.0,68.4
20240721-2100,Mountain View Moffett Field Naval Air Station,"Mountain View, California, US",21.0,14.0,-9999.0,-9999.0,-9999.0,24.12,340,0,-9999.0,65.0,69.8,64.3
20240721-2200,Mountain View Moffett Field Naval Air Station,"Mountain View, California, US",21.0,14.0,-9999.0,-9999.0,-9999.0,20.520000000000003,340,0,-9999.0,65.0,69.8,64.3
20240721-2300,Mountain View Moffett Field Naval Air Station,"Mountain View, California, US",21.0,15.0,-9999.0,-9999.0,-9999.0,24.12,340,0,-9999.0,70.0,69.8,68.6
20240722-0000,Mountain View Moffett Field Naval Air Station,"Mountain View, California, US",20.0,15.0,-9999.0,-9999.0,-9999.0,22.32,350,0,-9999.0,75.0,68.0,72.9
20240722-0100,Mountain View Moffett Field Naval Air Station,"Mountain View, California, US",20.0,15.0,-9999.0,-9999.0,-9999.0,20.520000000000003,350,0,-9999.0,75.0,68.0,72.9
20240722-0200,Mountain View Moffett Field Naval Air Station,"Mountain View, California, US",19.0,15.0,-9999.0,-9999.0,-9999.0,18.36,340,0,-9999.0,80.0,66.2,77.6
20240722-0300,Mountain View Moffett Field Naval Air Station,"Mountain View, California, US",18.0,15.0,-9999.0,-9999.0,-9999.0,12.959999999999999,340,0,-9999.0,85.0,64.4,82.6
20240722-0400,Mountain View Moffett Field Naval Air Station,"Mountain View, California, US",18.0,14.0,-9999.0,-9999.0,-9999.0,12.959999999999999,350,0,-9999.0,80.0,64.4,77.4
20240722-0500,Mountain View Moffett Field Naval Air Station,"Mountain View, California, US",17.0,14.0,-9999.0,-9999.0,-9999.0,11.16,350,0,-9999.0,85.0,62.6,82.5
20240722-0600,Mountain View Moffett Field Naval Air Station,"Mountain View, California, US",17.0,14.0,-9999.0,-9999.0,-9999.0,9.360000000000001,360,0,-9999.0,85.0,62.6,82.5
20240722-0700,Mountain View Moffett Field Naval Air Station,"Mountain View, California, US",17.0,14.0,-9999.0,-9999.0,-9999.0,0.0,0,0,-9999.0,85.0,62.6,82.5
20240722-0800,Mountain View Moffett Field Naval Air Station,"Mountain View, California, US",16.0,14.0,-9999.0,-9999.0,-9999.0,0.0,0,0,-9999.0,90.0,60.8,87.9
20240722-0900,Mountain View Moffett Field Naval Air Station,"Mountain View, California, US",16.0,14.0,-9999.0,-9999.0,-9999.0,0.0,0,0,-9999.0,90.0,60.8,87.9
20240722-1000,Mountain View Moffett Field Naval Air Station,"Mountain View, California, US",17.0,14.0,-9999.0,-9999.0,-9999.0,0.0,0,0,-9999.0,85.0,62.6,82.5
20240722-1100,Mountain View Moffett Field Naval Air Station,"Mountain View, California, US",16.0,14.0,-9999.0,-9999.0,-9999.0,0.0,0,0,-9999.0,90.0,60.8,87.9
20240722-1200,Mountain View Moffett Field Naval Air Station,"Mountain View, California, US",16.0,14.0,-9999.0,-9999.0,-9999.0,0.0,0,0,-9999.0,90.0,60.8,87.9
20240722-1300,Mountain View Moffett Field Naval Air Station,"Mountain View, California, US",16.0,14.0,-9999.0,-9999.0,-9999.0,0.0,0,0,-9999.0,90.0,60.8,87.9
20240722-1400,Mountain View Moffett Field Naval Air Station,"Mountain View, California, US",16.0,14.0,-9999.0,-9999.0,-9999.0,0.0,0,0,-9999.0,90.0,60.8,87.9
20240722-1500,Mountain View Moffett Field Naval Air Station,"Mountain View, California, US",18.0,14.0,-9999.0,-9999.0,-9999.0,0.0,0,0,-9999.0,80.0,64.4,77.4
20240722-1600,Mountain View Moffett Field Naval Air Station,"Mountain View, California, US",19.0,14.0,-9999.0,-9999.0,-9999.0,11.16,20,0,-9999.0,75.0,66.2,72.7
20240722-1700,Mountain View Moffett Field Naval Air Station,"Mountain View, California, US",20.0,15.0,-9999.0,-9999.0,-9999.0,7.5600000000000005,10,0,-9999.0,75.0,68.0,72.9
20240722-1800,Mountain View Moffett Field Naval Air Station,"Mountain View, California, US",22.0,16.0,-9999.0,-9999.0,-9999.0,7.5600000000000005,360,0,-9999.0,70.0,71.6,68.7
20240722-1900,Mountain View Moffett Field Naval Air Station,"Mountain View, California, US",24.0,16.0,-9999.0,-9999.0,-9999.0,9.360000000000001,360,0,-9999.0,60.0,75.2,60.9
20240722-2000,Mountain View Moffett Field Naval Air Station,"Mountain View, California, US",26.0,15.0,-9999.0,-9999.0,-9999.0,14.76,350,0,-9999.0,45.0,78.8,50.7
20240722-2100,Mountain View Moffett Field Naval Air Station,"Mountain View, California, US",27.0,16.0,-9999.0,-9999.0,-9999.0,18.36,360,0,-9999.0,45.0,80.6,51.0
20240722-2200,Mountain View Moffett Field Naval Air Station,"Mountain View, California, US",28.0,14.0,-9999.0,-9999.0,-9999.0,16.56,340,0,-9999.0,30.0,82.4,42.2
20240722-2300,Mountain View Moffett Field Naval Air Station,"Mountain View, California, US",27.0,16.0,-9999.0,-9999.0,-9999.0,14.76,330,0,-9999.0,45.0,80.6,51.0
20240723-0000,Mountain View Moffett Field Naval Air Station,"Mountain View, California, US",26.0,16.0,-9999.0,-9999.0,-9999.0,16.56,340,0,-9999.0,50.0,78.8,54.1
20240723-0100,Mountain View Moffett Field Naval Air Station,"Mountain View, California, US",26.0,15.0,-9999.0,-9999.0,-9999.0,16.56,320,0,-9999.0,45.0,78.8,50.7
20240723-0200,Mountain View Moffett Field Naval Air Station,"Mountain View, California, US",24.0,15.0,-9999.0,-9999.0,-9999.0,12.959999999999999,330,0,-9999.0,55.0,75.2,57.1
20240723-0300,Mountain View Moffett Field Naval Air Station,"Mountain View, California, US",23.0,14.0,-9999.0,-9999.0,-9999.0,12.959999999999999,310,0,-9999.0,55.0,73.4,56.9
20240723-0400,Mountain View Moffett Field Naval Air Station,"Mountain View, California, US",21.0,14.0,-9999.0,-9999.0,-9999.0,7.5600000000000005,310,0,-9999.0,65.0,69.8,64.3
20240723-0500,Mountain View Moffett Field Naval Air Station,"Mountain View, California, US",21.0,14.0,-9999.0,-9999.0,-9999.0,0.0,0,0,-9999.0,65.0,69.8,64.3
20240723-0600,Mountain View Moffett Field Naval Air Station,"Mountain View, California, US",20.0,15.0,-9999.0,-9999.0,-9999.0,7.5600000000000005,340,0,-9999.0,75.0,68.0,72.9
20240723-0700,Mountain View Moffett Field Naval Air Station,"Mountain View, California, US",20.0,15.0,-9999.0,-9999.0,-9999.0,5.4,10,25,-9999.0,75.0,68.0,72.9
20240723-0800,Mountain View Moffett Field Naval Air Station,"Mountain View, California, US",20.0,15.0,-9999.0,-9999.0,-9999.0,0.0,0,0,-9999.0,75.0,68.0,72.9
20240723-0900,Mountain View Moffett Field Naval Air Station,"Mountain View, California, US",20.0,15.0,-9999.0,-9999.0,-9999.0,5.4,300,0,-9999.0,75.0,68.0,72.9
20240723-1000,Mountain View Moffett Field Naval Air Station,"Mountain View, California, US",19.0,16.0,-9999.0,-9999.0,-9999.0,0.0,0,0,-9999.0,85.0,66.2,82.7
20240723-1100,Mountain View Moffett Field Naval Air Station,"Mountain View, California, US",19.0,16.0,-9999.0,-9999.0,-9999.0,0.0,0,0,-9999.0,85.0,66.2,82.7
20240723-1200,Mountain View Moffett Field Naval Air Station,"Mountain View, California, US",19.0,15.0,-9999.0,-9999.0,-9999.0,0.0,0,0,-9999.0,80.0,66.2,77.6
20240723-1300,Mountain View Moffett Field Naval Air Station,"Mountain View, California, US",18.0,15.0,-9999.0,-9999.0,-9999.0,0.0,0,0,-9999.0,85.0,64.4,82.6
20240723-1400,Mountain View Moffett Field Naval Air Station,"Mountain View, California, US",20.0,15.0,-9999.0,-9999.0,-9999.0,0.0,0,0,-9999.0,75.0,68.0,72.9
20240723-1500,Mountain View Moffett Field Naval Air Station,"Mountain View, California, US",20.0,16.0,-9999.0,-9999.0,-9999.0,7.5600000000000005,350,0,-9999.0,80.0,68.0,77.7
20240723-1600,Mountain View Moffett Field Naval Air Station,"Mountain View, California, US",21.0,17.0,-9999.0,-9999.0,-9999.0,9.360000000000001,10,0,-9999.0,80.0,69.8,77.9
20240723-1700,Mountain View Moffett Field Naval Air Station,"Mountain View, California, US",23.0,17.0,-9999.0,-9999.0,-9999.0,7.5600000000000005,20,0,-9999.0,70.0,73.4,68.9
20240723-1800,Mountain View Moffett Field Naval Air Station,"Mountain View, California, US",26.0,18.0,-9999.0,-9999.0,-9999.0,7.5600000000000005,10,0,-9999.0,60.0,78.8,61.4
20240723-1900,Mountain View Moffett Field Naval Air Station,"Mountain View, California, US",27.0,17.0,-9999.0,-9999.0,-9999.0,11.16,350,0,-9999.0,50.0,80.6,54.3
20240723-2000,Mountain View Moffett Field Naval Air Station,"Mountain View, California, US",30.0,13.0,-9999.0,-9999.0,-9999.0,14.76,350,0,-9999.0,15.0,86.0,35.3
20240723-2100,Mountain View Moffett Field Naval Air Station,"Mountain View, California, US",30.0,15.0,-9999.0,-9999.0,-9999.0,18.36,350,-9999,-9999.0,25.0,86.0,40.1
20240723-2200,Mountain View Moffett Field Naval Air Station,"Mountain View, California, US",30.0,15.0,-9999.0,-9999.0,-9999.0,16.56,330,0,-9999.0,25.0,86.0,40.1
20240723-2300,Mountain View Moffett Field Naval Air Station,"Mountain View, California, US",28.0,16.0,-9999.0,-9999.0,-9999.0,12.959999999999999,330,0,-9999.0,40.0,82.4,48.1
20240724-0000,Mountain View Moffett Field Naval Air Station,"Mountain View, California, US",27.0,15.0,-9999.0,-9999.0,-9999.0,18.36,330,-9999,-9999.0,40.0,80.6,47.8
20240724-0100,Mountain View Moffett Field Naval Air Station,"Mountain View, California, US",27.0,12.0,-9999.0,-9999.0,-9999.0,16.56,320,0,-9999.0,25.0,80.6,39.3
20240724-0200,Mountain View Moffett Field Naval Air Station,"Mountain View, California, US",26.0,13.0,-9999.0,-9999.0,-9999.0,18.36,330,0,-9999.0,35.0,78.8,44.5
20240724-0300,Mountain View Moffett Field Naval Air Station,"Mountain View, California, US",24.0,15.0,-9999.0,-9999.0,-9999.0,12.959999999999999,310,0,-9999.0,55.0,75.2,57.1
20240724-0400,Mountain View Moffett Field Naval Air Station,"Mountain View, California, US",22.0,14.0,-9999.0,-9999.0,-9999.0,12.959999999999999,310,0,-9999.0,60.0,71.6,60.4
20240724-0500,Mountain View Moffett Field Naval Air Station,"Mountain View, California, US",21.0,14.0,-9999.0,-9999.0,-9999.0,5.4,310,0,-9999.0,65.0,69.8,64.3
20240724-0600,Mountain View Moffett Field Naval Air Station,"Mountain View, California, US",22.0,14.0,-9999.0,-9999.0,-9999.0,0.0,0,0,-9999.0,60.0,71.6,60.4
20240724-0700,Mountain View Moffett Field Naval Air Station,"Mountain View, California, US",22.0,14.0,-9999.0,-9999.0,-9999.0,0.0,0,0,-9999.0,60.0,71.6,60.4
20240724-0800,Mountain View Moffett Field Naval Air Station,"Mountain View, California, US",22.0,15.0,-9999.0,-9999.0,-9999.0,0.0,0,0,-9999.0,65.0,71.6,64.5
20240724-0900,Mountain View Moffett Field Naval Air Station,"Mountain View, California, US",22.0,15.0,-9999.0,-9999.0,-9999.0,0.0,0,0,-9999.0,65.0,71.6,64.5
20240724-1000,Mountain View Moffett Field Naval Air Station,"Mountain View, California, US",22.0,15.0,-9999.0,-9999.0,-9999.0,0.0,0,0,-9999.0,65.0,71.6,64.5
20240724-1100,Mountain View Moffett Field Naval Air Station,"Mountain View, California, US",21.0,15.0,-9999.0,-9999.0,-9999.0,0.0,0,0,-9999.0,70.0,69.8,68.6
20240724-1200,Mountain View Moffett Field Naval Air Station,"Mountain View, California, US",21.0,15.0,-9999.0,-9999.0,-9999.0,0.0,0,0,-9999.0,70.0,69.8,68.6
20240724-1300,Mountain View Moffett Field Naval Air Station,"Mountain View, California, US",20.0,17.0,-9999.0,-9999.0,-9999.0,0.0,0,0,-9999.0,85.0,68.0,82.9
20240724-1400,Mountain View Moffett Field Naval Air Station,"Mountain View, California, US",20.0,16.0,-9999.0,-9999.0,-9999.0,5.4,290,0,-9999.0,80.0,68.0,77.7
20240724-1500,Mountain View Moffett Field Naval Air Station,"Mountain View, California, US",21.0,16.0,-9999.0,-9999.0,-9999.0,9.360000000000001,360,0,-9999.0,75.0,69.8,73.1
20240724-1600,Mountain View Moffett Field Naval Air Station,"Mountain View, California, US",22.0,17.0,-9999.0,-9999.0,-9999.0,11.16,10,0,-9999.0,75.0,71.6,73.3
20240724-1700,Mountain View Moffett Field Naval Air Station,"Mountain View, California, US",23.0,17.0,-9999.0,-9999.0,-9999.0,11.16,350,0,-9999.0,70.0,73.4,68.9
20240724-1800,Mountain View Moffett Field Naval Air Station,"Mountain View, California, US",25.0,17.0,-9999.0,-9999.0,-9999.0,16.56,350,0,-9999.0,60.0,77.0,61.1
20240724-1900,Mountain View Moffett Field Naval Air Station,"Mountain View, California, US",26.0,17.0,-9999.0,-9999.0,-9999.0,14.76,330,0,-9999.0,55.0,78.8,57.6
20240724-2000,Mountain View Moffett Field Naval Air Station,"Mountain View, California, US",27.0,17.0,-9999.0,-9999.0,-9999.0,22.32,340,0,-9999.0,50.0,80.6,54.3
20240724-2100,Mountain View Moffett Field Naval Air Station,"Mountain View, California, US",27.0,16.0,-9999.0,-9999.0,-9999.0,18.36,340,0,-9999.0,45.0,80.6,51.0
20240724-2200,Mountain View Moffett Field Naval Air Station,"Mountain View, California, US",27.0,14.0,-9999.0,-9999.0,-9999.0,24.12,350,0,-9999.0,35.0,80.6,44.8
20240724-2300,Mountain View Moffett Field Naval Air Station,"Mountain View, California, US",27.0,15.0,-9999.0,-9999.0,-9999.0,24.12,340,0,-9999.0,40.0,80.6,47.8
20240725-0000,Mountain View Moffett Field Naval Air Station,"Mountain View, California, US",27.0,16.0,-9999.0,-9999.0,-9999.0,22.32,350,0,-9999.0,45.0,80.6,51.0
20240725-0100,Mountain View Moffett Field Naval Air Station,"Mountain View, California, US",25.0,17.0,-9999.0,-9999.0,-9999.0,22.32,340,0,-9999.0,60.0,77.0,61.1
20240725-0200,Mountain View Moffett Field Naval Air Station,"Mountain View, California, US",24.0,15.0,-9999.0,-9999.0,-9999.0,20.520000000000003,330,0,-9999.0,55.0,75.2,57.1
20240725-0300,Mountain View Moffett Field Naval Air Station,"Mountain View, California, US",23.0,16.0,-9999.0,-9999.0,-9999.0,12.959999999999999,320,0,-9999.0,65.0,73.4,64.7
20240725-0400,Mountain View Moffett Field Naval Air Station,"Mountain View, California, US",22.0,16.0,-9999.0,-9999.0,-9999.0,7.5600000000000005,-9999,0,-9999.0,70.0,71.6,68.7
20240725-0500,Mountain View Moffett Field Naval Air Station,"Mountain View, California, US",21.0,16.0,-9999.0,-9999.0,-9999.0,5.4,330,0,-9999.0,75.0,69.8,73.1
20240725-0600,Mountain View Moffett Field Naval Air Station,"Mountain View, California, US",21.0,16.0,-9999.0,-9999.0,-9999.0,0.0,0,0,-9999.0,75.0,69.8,73.1
20240725-0700,Mountain View Moffett Field Naval Air Station,"Mountain View, California, US",21.0,16.0,-9999.0,-9999.0,-9999.0,7.5600000000000005,340,0,-9999.0,75.0,69.8,73.1
20240725-0800,Mountain View Moffett Field Naval Air Station,"Mountain View, California, US",20.0,16.0,-9999.0,-9999.0,-9999.0,7.5600000000000005,290,0,-9999.0,80.0,68.0,77.7
20240725-0900,Mountain View Moffett Field Naval Air Station,"Mountain View, California, US",20.0,16.0,-9999.0,-9999.0,-9999.0,5.4,290,0,-9999.0,80.0,68.0,77.7
20240725-1000,Mountain View Moffett Field Naval Air Station,"Mountain View, California, US",19.0,16.0,-9999.0,-9999.0,-9999.0,7.5600000000000005,310,0,-9999.0,85.0,66.2,82.7
20240725-1100,Mountain View Moffett Field Naval Air Station,"Mountain View, California, US",19.0,16.0,-9999.0,-9999.0,-9999.0,7.5600000000000005,290,0,-9999.0,85.0,66.2,82.7
20240725-1200,Mountain View Moffett Field Naval Air Station,"Mountain View, California, US",19.0,16.0,-9999.0,-9999.0,-9999.0,0.0,0,0,-9999.0,85.0,66.2,82.7
20240725-1300,Mountain View Moffett Field Naval Air Station,"Mountain View, California, US",18.0,15.0,-9999.0,-9999.0,-9999.0,0.0,0,0,-9999.0,85.0,64.4,82.6
20240725-1400,Mountain View Moffett Field Naval Air Station,"Mountain View, California, US",19.0,16.0,-9999.0,-9999.0,-9999.0,0.0,0,0,-9999.0,85.0,66.2,82.7
20240725-1500,Mountain View Moffett Field Naval Air Station,"Mountain View, California, US",20.0,16.0,-9999.0,-9999.0,-9999.0,0.0,0,0,-9999.0,80.0,68.0,77.7
20240725-1600,Mountain View Moffett Field Naval Air Station,"Mountain View, California, US",20.0,17.0,-9999.0,-9999.0,-9999.0,9.360000000000001,360,0,-9999.0,85.0,68.0,82.9
20240725-1700,Mountain View Moffett Field Naval Air Station,"Mountain View, California, US",21.0,17.0,-9999.0,-9999.0,-9999.0,11.16,360,0,-9999.0,80.0,69.8,77.9
20240725-1800,Mountain View Moffett Field Naval Air Station,"Mountain View, California, US",22.0,17.0,-9999.0,-9999.0,-9999.0,9.360000000000001,340,0,-9999.0,75.0,71.6,73.3
20240725-1900,Mountain View Moffett Field Naval Air Station,"Mountain View, California, US",24.0,17.0,-9999.0,-9999.0,-9999.0,14.76,350,0,-9999.0,65.0,75.2,64.9
20240725-2000,Mountain View Moffett Field Naval Air Station,"Mountain View, California, US",25.0,17.0,-9999.0,-9999.0,-9999.0,18.36,350,-9999,-9999.0,60.0,77.0,61.1
20240725-2100,Mountain View Moffett Field Naval Air Station,"Mountain View, California, US",25.0,17.0,-9999.0,-9999.0,-9999.0,22.32,350,0,-9999.0,60.0,77.0,61.1
20240725-2200,Mountain View Moffett Field Naval Air Station,"Mountain View, California, US",26.0,16.0,-9999.0,-9999.0,-9999.0,18.36,350,0,-9999.0,50.0,78.8,54.1
20240725-2300,Mountain View Moffett Field Naval Air Station,"Mountain View, California, US",27.0,14.0,-9999.0,-9999.0,-9999.0,18.36,350,0,-9999.0,35.0,80.6,44.8
20240726-0000,Mountain View Moffett Field Naval Air Station,"Mountain View, California, US",26.0,15.0,-9999.0,-9999.0,-9999.0,14.76,340,0,-9999.0,45.0,78.8,50.7
20240726-0100,Mountain View Moffett Field Naval Air Station,"Mountain View, California, US",26.0,14.0,-9999.0,-9999.0,-9999.0,20.520000000000003,350,0,-9999.0,40.0,78.8,47.5
20240726-0200,Mountain View Moffett Field Naval Air Station,"Mountain View, California, US",24.0,15.0,-9999.0,-9999.0,-9999.0,16.56,340,0,-9999.0,55.0,75.2,57.1
20240726-0300,Mountain View Moffett Field Naval Air Station,"Mountain View, California, US",23.0,13.0,-9999.0,-9999.0,-9999.0,20.520000000000003,340,0,-9999.0,50.0,73.4,53.3
20240726-0400,Mountain View Moffett Field Naval Air Station,"Mountain View, California, US",22.0,14.0,-9999.0,-9999.0,-9999.0,9.360000000000001,330,0,-9999.0,60.0,71.6,60.4
20240726-0500,Mountain View Moffett Field Naval Air Station,"Mountain View, California, US",20.0,15.0,-9999.0,-9999.0,-9999.0,7.5600000000000005,320,0,-9999.0,75.0,68.0,72.9
20240726-0600,Mountain View Moffett Field Naval Air Station,"Mountain View, California, US",20.0,15.0,-9999.0,-9999.0,-9999.0,9.360000000000001,330,0,-9999.0,75.0,68.0,72.9
20240726-0700,Mountain View Moffett Field Naval Air Station,"Mountain View, California, US",19.0,16.0,-9999.0,-9999.0,-9999.0,9.360000000000001,330,0,-9999.0,85.0,66.2,82.7
20240726-0800,Mountain View Moffett Field Naval Air Station,"Mountain View, California, US",18.0,15.0,-9999.0,-9999.0,-9999.0,5.4,280,0,-9999.0,85.0,64.4,82.6
20240726-0900,Mountain View Moffett Field Naval Air Station,"Mountain View, California, US",18.0,14.0,-9999.0,-9999.0,-9999.0,0.0,0,0,-9999.0,80.0,64.4,77.4
20240726-1000,Mountain View Moffett Field Naval Air Station,"Mountain View, California, US",18.0,14.0,-9999.0,-9999.0,-9999.0,0.0,0,0,-9999.0,80.0,64.4,77.4
20240726-1100,Mountain View Moffett Field Naval Air Station,"Mountain View, California, US",17.0,14.0,-9999.0,-9999.0,-9999.0,0.0,0,0,-9999.0,85.0,62.6,82.5
20240726-1200,Mountain View Moffett Field Naval Air Station,"Mountain View, California, US",17.0,14.0,-9999.0,-9999.0,-9999.0,5.4,280,25,-9999.0,85.0,62.6,82.5
20240726-1300,Mountain View Moffett Field Naval Air Station,"Mountain View, California, US",16.0,14.0,-9999.0,-9999.0,-9999.0,0.0,0,0,-9999.0,90.0,60.8,87.9
20240726-1400,Mountain View Moffett Field Naval Air Station,"Mountain View, California, US",17.0,14.0,-9999.0,-9999.0,-9999.0,0.0,0,0,-9999.0,85.0,62.6,82.5
20240726-1500,Mountain View Moffett Field Naval Air Station,"Mountain View, California, US",19.0,15.0,-9999.0,-9999.0,-9999.0,0.0,0,0,-9999.0,80.0,66.2,77.6
20240726-1600,Mountain View Moffett Field Naval Air Station,"Mountain View, California, US",21.0,15.0,-9999.0,-9999.0,-9999.0,5.4,360,0,-9999.0,70.0,69.8,68.6
20240726-1700,Mountain View Moffett Field Naval Air Station,"Mountain View, California, US",22.0,16.0,-9999.0,-9999.0,-9999.0,16.56,350,0,-9999.0,70.0,71.6,68.7
20240726-1800,Mountain View Moffett Field Naval Air Station,"Mountain View, California, US",22.0,16.0,-9999.0,-9999.0,-9999.0,20.520000000000003,340,0,-9999.0,70.0,71.6,68.7
20240726-1900,Mountain View Moffett Field Naval Air Station,"Mountain View, California, US",22.0,15.0,-9999.0,-9999.0,-9999.0,22.32,350,0,-9999.0,65.0,71.6,64.5
20240726-2000,Mountain View Moffett Field Naval Air Station,"Mountain View, California, US",21.0,14.0,-9999.0,-9999.0,-9999.0,22.32,340,0,-9999.0,65.0,69.8,64.3
20240726-2100,Mountain View Moffett Field Naval Air Station,"Mountain View, California, US",22.0,14.0,-9999.0,-9999.0,-9999.0,22.32,320,0,-9999.0,60.0,71.6,60.4
20240726-2200,Mountain View Moffett Field Naval Air Station,"Mountain View, California, US",22.0,14.0,-9999.0,-9999.0,-9999.0,31.68,350,0,-9999.0,60.0,71.6,60.4
20240726-2300,Mountain View Moffett Field Naval Air Station,"Mountain View, California, US",22.0,15.0,-9999.0,-9999.0,-9999.0,29.52,350,0,-9999.0,65.0,71.6,64.5
20240727-0000,Mountain View Moffett Field Naval Air Station,"Mountain View, California, US",21.0,15.0,-9999.0,-9999.0,-9999.0,37.08,360,0,-9999.0,70.0,69.8,68.6
20240727-0100,Mountain View Moffett Field Naval Air Station,"Mountain View, California, US",20.0,13.0,-9999.0,-9999.0,-9999.0,31.68,350,0,-9999.0,65.0,68.0,64.0
20240727-0200,Mountain View Moffett Field Naval Air Station,"Mountain View, California, US",19.0,13.0,-9999.0,-9999.0,-9999.0,22.32,350,0,-9999.0,70.0,66.2,68.2
20240727-0300,Mountain View Moffett Field Naval Air Station,"Mountain View, California, US",17.0,13.0,-9999.0,-9999.0,-9999.0,22.32,360,0,-9999.0,80.0,62.6,77.3
20240727-0400,Mountain View Moffett Field Naval Air Station,"Mountain View, California, US",16.0,12.0,-9999.0,-9999.0,-9999.0,22.32,10,0,-9999.0,80.0,60.8,77.1
20240727-0500,Mountain View Moffett Field Naval Air Station,"Mountain View, California, US",15.0,12.0,-9999.0,-9999.0,-9999.0,16.56,340,25,-9999.0,85.0,59.0,82.2
20240727-0600,Mountain View Moffett Field Naval Air Station,"Mountain View, California, US",14.0,12.0,-9999.0,-9999.0,-9999.0,18.36,30,50,-9999.0,90.0,57.2,87.7
20240727-0700,Mountain View Moffett Field Naval Air Station,"Mountain View, California, US",15.0,13.0,-9999.0,-9999.0,-9999.0,12.959999999999999,50,-9999,-9999.0,90.0,59.0,87.8
20240727-0800,Mountain View Moffett Field Naval Air Station,"Mountain View, California, US",15.0,12.0,-9999.0,-9999.0,-9999.0,0.0,0,-9999,-9999.0,85.0,59.0,82.2
20240727-0900,Mountain View Moffett Field Naval Air Station,"Mountain View, California, US",15.0,12.0,-9999.0,-9999.0,-9999.0,0.0,0,-9999,-9999.0,85.0,59.0,82.2
20240727-1000,Mountain View Moffett Field Naval Air Station,"Mountain View, California, US",15.0,11.0,-9999.0,-9999.0,-9999.0,7.5600000000000005,280,-9999,-9999.0,80.0,59.0,77.0
20240727-1100,Mountain View Moffett Field Naval Air Station,"Mountain View, California, US",15.0,10.0,-9999.0,-9999.0,-9999.0,12.959999999999999,270,-9999,-9999.0,75.0,59.0,72.0
20240727-1200,Mountain View Moffett Field Naval Air Station,"Mountain View, California, US",15.0,10.0,-9999.0,-9999.0,-9999.0,12.959999999999999,270,-9999,-9999.0,75.0,59.0,72.0
20240727-1300,Mountain View Moffett Field Naval Air Station,"Mountain View, California, US",15.0,11.0,-9999.0,-9999.0,-9999.0,9.360000000000001,280,-9999,-9999.0,80.0,59.0,77.0
20240727-1400,Mountain View Moffett Field Naval Air Station,"Mountain View, California, US",15.0,11.0,-9999.0,-9999.0,-9999.0,11.16,250,-9999,-9999.0,80.0,59.0,77.0
20240727-1500,Mountain View Moffett Field Naval Air Station,"Mountain View, California, US",15.0,11.0,-9999.0,-9999.0,-9999.0,14.76,270,-9999,-9999.0,80.0,59.0,77.0
20240727-1600,Mountain View Moffett Field Naval Air Station,"Mountain View, California, US",16.0,11.0,-9999.0,-9999.0,-9999.0,11.16,270,-9999,-9999.0,75.0,60.8,72.2
20240727-1700,Mountain View Moffett Field Naval Air Station,"Mountain View, California, US",16.0,11.0,-9999.0,-9999.0,-9999.0,12.959999999999999,260,-9999,-9999.0,75.0,60.8,72.2
20240727-1800,Mountain View Moffett Field Naval Air Station,"Mountain View, California, US",17.0,11.0,-9999.0,-9999.0,-9999.0,16.56,250,-9999,-9999.0,70.0,62.6,67.7
20240727-1900,Mountain View Moffett Field Naval Air Station,"Mountain View, California, US",18.0,11.0,-9999.0,-9999.0,-9999.0,14.76,250,-9999,-9999.0,65.0,64.4,63.6
20240727-2000,Mountain View Moffett Field Naval Air Station,"Mountain View, California, US",19.0,11.0,-9999.0,-9999.0,-9999.0,14.76,290,-9999,-9999.0,60.0,66.2,59.7
20240727-2100,Mountain View Moffett Field Naval Air Station,"Mountain View, California, US",19.0,11.0,-9999.0,-9999.0,-9999.0,14.76,310,-9999,-9999.0,60.0,66.2,59.7
20240727-2200,Mountain View Moffett Field Naval Air Station,"Mountain View, California, US",20.0,11.0,-9999.0,-9999.0,-9999.0,18.36,320,25,-9999.0,55.0,68.0,56.1
20240727-2300,Mountain View Moffett Field Naval Air Station,"Mountain View, California, US",20.0,11.0,-9999.0,-9999.0,-9999.0,18.36,260,0,-9999.0,55.0,68.0,56.1
20240728-0000,Mountain View Moffett Field Naval Air Station,"Mountain View, California, US",19.0,11.0,-9999.0,-9999.0,-9999.0,29.52,340,0,-9999.0,60.0,66.2,59.7
20240728-0100,Mountain View Moffett Field Naval Air Station,"Mountain View, California, US",18.0,11.0,-9999.0,-9999.0,-9999.0,33.480000000000004,340,25,-9999.0,65.0,64.4,63.6
20240728-0200,Mountain View Moffett Field Naval Air Station,"Mountain View, California, US",16.0,11.0,-9999.0,-9999.0,-9999.0,22.32,320,0,-9999.0,75.0,60.8,72.2
20240728-0300,Mountain View Moffett Field Naval Air Station,"Mountain View, California, US",16.0,11.0,-9999.0,-9999.0,-9999.0,14.76,320,0,-9999.0,75.0,60.8,72.2
20240728-0400,Mountain View Moffett Field Naval Air Station,"Mountain View, California, US",15.0,11.0,-9999.0,-9999.0,-9999.0,9.360000000000001,300,-9999,-9999.0,80.0,59.0,77.0
20240728-0500,Mountain View Moffett Field Naval Air Station,"Mountain View, California, US",15.0,11.0,-9999.0,-9999.0,-9999.0,12.959999999999999,280,-9999,-9999.0,80.0,59.0,77.0
20240728-0600,Mountain View Moffett Field Naval Air Station,"Mountain View, California, US",15.0,11.0,-9999.0,-9999.0,-9999.0,11.16,280,-9999,-9999.0,80.0,59.0,77.0
20240728-0700,Mountain View Moffett Field Naval Air Station,"Mountain View, California, US",15.0,11.0,-9999.0,-9999.0,-9999.0,9.360000000000001,290,-9999,-9999.0,80.0,59.0,77.0
20240728-0800,Mountain View Moffett Field Naval Air Station,"Mountain View, California, US",15.0,11.0,-9999.0,-9999.0,-9999.0,0.0,0,-9999,-9999.0,80.0,59.0,77.0
20240728-0900,Mountain View Moffett Field Naval Air Station,"Mountain View, California, US",15.0,11.0,-9999.0,-9999.0,-9999.0,9.360000000000001,320,-9999,-9999.0,80.0,59.0,77.0
20240728-1000,Mountain View Moffett Field Naval Air Station,"Mountain View, California, US",15.0,11.0,-9999.0,-9999.0,-9999.0,0.0,0,-9999,-9999.0,80.0,59.0,77.0
20240728-1100,Mountain View Moffett Field Naval Air Station,"Mountain View, California, US",15.0,11.0,-9999.0,-9999.0,-9999.0,0.0,0,-9999,-9999.0,80.0,59.0,77.0
20240728-1200,Mountain View Moffett Field Naval Air Station,"Mountain View, California, US",15.0,11.0,-9999.0,-9999.0,-9999.0,0.0,0,-9999,-9999.0,80.0,59.0,77.0
20240728-1300,Mountain View Moffett Field Naval Air Station,"Mountain View, California, US",15.0,11.0,-9999.0,-9999.0,-9999.0,0.0,0,-9999,-9999.0,80.0,59.0,77.0
20240728-1400,Mountain View Moffett Field Naval Air Station,"Mountain View, California, US",15.0,11.0,-9999.0,-9999.0,-9999.0,0.0,0,-9999,-9999.0,80.0,59.0,77.0
20240728-1500,Mountain View Moffett Field Naval Air Station,"Mountain View, California, US",16.0,12.0,-9999.0,-9999.0,-9999.0,9.360000000000001,140,-9999,-9999.0,80.0,60.8,77.1
20240728-1600,Mountain View Moffett Field Naval Air Station,"Mountain View, California, US",16.0,12.0,-9999.0,-9999.0,-9999.0,9.360000000000001,140,-9999,-9999.0,80.0,60.8,77.1
20240728-1700,Mountain View Moffett Field Naval Air Station,"Mountain View, California, US",18.0,12.0,-9999.0,-9999.0,-9999.0,9.360000000000001,-9999,25,-9999.0,70.0,64.4,68.0
20240728-1800,Mountain View Moffett Field Naval Air Station,"Mountain View, California, US",20.0,12.0,-9999.0,-9999.0,-9999.0,7.5600000000000005,-9999,0,-9999.0,60.0,68.0,60.0
20240728-1900,Mountain View Moffett Field Naval Air Station,"Mountain View, California, US",21.0,12.0,-9999.0,-9999.0,-9999.0,5.4,-9999,0,-9999.0,55.0,69.8,56.4
20240728-2000,Mountain View Moffett Field Naval Air Station,"Mountain View, California, US",24.0,13.0,-9999.0,-9999.0,-9999.0,12.959999999999999,350,0,-9999.0,45.0,75.2,50.2
20240728-2100,Mountain View Moffett Field Naval Air Station,"Mountain View, California, US",23.0,13.0,-9999.0,-9999.0,-9999.0,14.76,340,0,-9999.0,50.0,73.4,53.3
20240728-2200,Mountain View Moffett Field Naval Air Station,"Mountain View, California, US",23.0,14.0,-9999.0,-9999.0,-9999.0,24.12,350,0,-9999.0,55.0,73.4,56.9
20240728-2300,Mountain View Moffett Field Naval Air Station,"Mountain View, California, US",23.0,14.0,-9999.0,-9999.0,-9999.0,20.520000000000003,340,0,-9999.0,55.0,73.4,56.9
20240729-0000,Mountain View Moffett Field Naval Air Station,"Mountain View, California, US",22.0,15.0,-9999.0,-9999.0,-9999.0,27.72,350,0,-9999.0,65.0,71.6,64.5
20240729-0100,Mountain View Moffett Field Naval Air Station,"Mountain View, California, US",20.0,14.0,-9999.0,-9999.0,-9999.0,27.72,350,0,-9999.0,70.0,68.0,68.4
20240729-0200,Mountain View Moffett Field Naval Air Station,"Mountain View, California, US",19.0,15.0,-9999.0,-9999.0,-9999.0,25.919999999999998,340,0,-9999.0,80.0,66.2,77.6
20240729-0300,Mountain View Moffett Field Naval Air Station,"Mountain View, California, US",18.0,14.0,-9999.0,-9999.0,-9999.0,25.919999999999998,350,0,-9999.0,80.0,64.4,77.4
20240729-0400,Mountain View Moffett Field Naval Air Station,"Mountain View, California, US",17.0,14.0,-9999.0,-9999.0,-9999.0,18.36,340,0,-9999.0,85.0,62.6,82.5
20240729-0500,Mountain View Moffett Field Naval Air Station,"Mountain View, California, US",16.0,13.0,-9999.0,-9999.0,-9999.0,14.76,340,-9999,-9999.0,85.0,60.8,82.4
20240729-0600,Mountain View Moffett Field Naval Air Station,"Mountain View, California, US",15.0,12.0,-9999.0,-9999.0,-9999.0,14.76,10,-9999,-9999.0,85.0,59.0,82.2
20240729-0700,Mountain View Moffett Field Naval Air Station,"Mountain View, California, US",16.0,12.0,-9999.0,-9999.0,-9999.0,12.959999999999999,10,-9999,-9999.0,80.0,60.8,77.1
20240729-0800,Mountain View Moffett Field Naval Air Station,"Mountain View, California, US",16.0,13.0,-9999.0,-9999.0,-9999.0,9.360000000000001,20,-9999,-9999.0,85.0,60.8,82.4
20240729-0900,Mountain View Moffett Field Naval Air Station,"Mountain View, California, US",16.0,13.0,-9999.0,-9999.0,-9999.0,0.0,0,-9999,-9999.0,85.0,60.8,82.4
20240729-1000,Mountain View Moffett Field Naval Air Station,"Mountain View, California, US",16.0,13.0,-9999.0,-9999.0,-9999.0,0.0,0,-9999,-9999.0,85.0,60.8,82.4
20240729-1100,Mountain View Moffett Field Naval Air Station,"Mountain View, California, US",16.0,13.0,-9999.0,-9999.0,-9999.0,7.5600000000000005,50,-9999,-9999.0,85.0,60.8,82.4
20240729-1200,Mountain View Moffett Field Naval Air Station,"Mountain View, California, US",16.0,13.0,-9999.0,-9999.0,-9999.0,5.4,-9999,-9999,-9999.0,85.0,60.8,82.4
20240729-1300,Mountain View Moffett Field Naval Air Station,"Mountain View, California, US",16.0,13.0,-9999.0,-9999.0,-9999.0,0.0,0,-9999,-9999.0,85.0,60.8,82.4
20240729-1400,Mountain View Moffett Field Naval Air Station,"Mountain View, California, US",16.0,12.0,-9999.0,-9999.0,-9999.0,7.5600000000000005,360,-9999,-9999.0,80.0,60.8,77.1
20240729-1500,Mountain View Moffett Field Naval Air Station,"Mountain View, California, US",16.0,12.0,-9999.0,-9999.0,-9999.0,0.0,0,-9999,-9999.0,80.0,60.8,77.1
20240729-1600,Mountain View Moffett Field Naval Air Station,"Mountain View, California, US",17.0,12.0,-9999.0,-9999.0,-9999.0,9.360000000000001,10,-9999,-9999.0,75.0,62.6,72.4
20240729-1700,Mountain View Moffett Field Naval Air Station,"Mountain View, California, US",18.0,13.0,-9999.0,-9999.0,-9999.0,0.0,0,25,-9999.0,75.0,64.4,72.6
20240729-1800,Mountain View Moffett Field Naval Air Station,"Mountain View, California, US",19.0,13.0,-9999.0,-9999.0,-9999.0,12.959999999999999,350,0,-9999.0,70.0,66.2,68.2
20240729-1900,Mountain View Moffett Field Naval Air Station,"Mountain View, California, US",20.0,13.0,-9999.0,-9999.0,-9999.0,14.76,340,0,-9999.0,65.0,68.0,64.0
20240729-2000,Mountain View Moffett Field Naval Air Station,"Mountain View, California, US",20.0,14.0,-9999.0,-9999.0,-9999.0,20.520000000000003,340,0,-9999.0,70.0,68.0,68.4
20240729-2100,Mountain View Moffett Field Naval Air Station,"Mountain View, California, US",20.0,14.0,-9999.0,-9999.0,-9999.0,20.520000000000003,340,0,-9999.0,70.0,68.0,68.4
20240729-2200,Mountain View Moffett Field Naval Air Station,"Mountain View, California, US",21.0,14.0,-9999.0,-9999.0,-9999.0,25.919999999999998,340,0,-9999.0,65.0,69.8,64.3
20240729-2300,Mountain View Moffett Field Naval Air Station,"Mountain View, California, US",21.0,14.0,-9999.0,-9999.0,-9999.0,24.12,340,0,-9999.0,65.0,69.8,64.3
20240730-0000,Mountain View Moffett Field Naval Air Station,"Mountain View, California, US",20.0,14.0,-9999.0,-9999.0,-9999.0,31.68,350,-9999,-9999.0,70.0,68.0,68.4
20240730-0100,Mountain View Moffett Field Naval Air Station,"Mountain View, California, US",20.0,14.0,-9999.0,-9999.0,-9999.0,31.68,350,0,-9999.0,70.0,68.0,68.4
20240730-0200,Mountain View Moffett Field Naval Air Station,"Mountain View, California, US",19.0,14.0,-9999.0,-9999.0,-9999.0,22.32,350,0,-9999.0,75.0,66.2,72.7
20240730-0300,Mountain View Moffett Field Naval Air Station,"Mountain View, California, US",18.0,15.0,-9999.0,-9999.0,-9999.0,20.520000000000003,350,0,-9999.0,85.0,64.4,82.6
20240730-0400,Mountain View Moffett Field Naval Air Station,"Mountain View, California, US",17.0,15.0,-9999.0,-9999.0,-9999.0,20.520000000000003,10,0,-9999.0,90.0,62.6,88.0
20240730-0500,Mountain View Moffett Field Naval Air Station,"Mountain View, California, US",17.0,15.0,-9999.0,-9999.0,-9999.0,11.16,40,0,-9999.0,90.0,62.6,88.0
20240730-0600,Mountain View Moffett Field Naval Air Station,"Mountain View, California, US",17.0,14.0,-9999.0,-9999.0,-9999.0,0.0,0,-9999,-9999.0,85.0,62.6,82.5
20240730-0700,Mountain View Moffett Field Naval Air Station,"Mountain View, California, US",17.0,14.0,-9999.0,-9999.0,-9999.0,5.4,150,50,-9999.0,85.0,62.6,82.5
20240730-0800,Mountain View Moffett Field Naval Air Station,"Mountain View, California, US",17.0,15.0,-9999.0,-9999.0,-9999.0,7.5600000000000005,90,-9999,-9999.0,90.0,62.6,88.0
20240730-0900,Mountain View Moffett Field Naval Air Station,"Mountain View, California, US",17.0,14.0,-9999.0,-9999.0,-9999.0,0.0,0,-9999,-9999.0,85.0,62.6,82.5
20240730-1000,Mountain View Moffett Field Naval Air Station,"Mountain View, California, US",17.0,14.0,-9999.0,-9999.0,-9999.0,0.0,0,50,-9999.0,85.0,62.6,82.5
20240730-1100,Mountain View Moffett Field Naval Air Station,"Mountain View, California, US",16.0,14.0,-9999.0,-9999.0,-9999.0,0.0,0,-9999,-9999.0,90.0,60.8,87.9
20240730-1200,Mountain View Moffett Field Naval Air Station,"Mountain View, California, US",17.0,14.0,-9999.0,-9999.0,-9999.0,0.0,0,-9999,-9999.0,85.0,62.6,82.5
20240730-1300,Mountain View Moffett Field Naval Air Station,"Mountain View, California, US",17.0,14.0,-9999.0,-9999.0,-9999.0,0.0,0,-9999,-9999.0,85.0,62.6,82.5
20240730-1400,Mountain View Moffett Field Naval Air Station,"Mountain View, California, US",16.0,14.0,-9999.0,-9999.0,-9999.0,-9999.0,-9999,-9999,-9999.0,90.0,60.8,87.9
20240730-1500,Mountain View Moffett Field Naval Air Station,"Mountain View, California, US",18.0,14.0,-9999.0,-9999.0,-9999.0,0.0,0,25,-9999.0,80.0,64.4,77.4
20240730-1600,Mountain View Moffett Field Naval Air Station,"Mountain View, California, US",20.0,15.0,-9999.0,-9999.0,-9999.0,7.5600000000000005,-9999,0,-9999.0,75.0,68.0,72.9
20240730-1700,Mountain View Moffett Field Naval Air Station,"Mountain View, California, US",20.0,15.0,-9999.0,-9999.0,-9999.0,11.16,360,0,-9999.0,75.0,68.0,72.9
20240730-1800,Mountain View Moffett Field Naval Air Station,"Mountain View, California, US",21.0,15.0,-9999.0,-9999.0,-9999.0,7.5600000000000005,-9999,0,-9999.0,70.0,69.8,68.6
20240730-1900,Mountain View Moffett Field Naval Air Station,"Mountain View, California, US",21.0,15.0,-9999.0,-9999.0,-9999.0,16.56,340,0,-9999.0,70.0,69.8,68.6
20240730-2000,Mountain View Moffett Field Naval Air Station,"Mountain View, California, US",21.0,16.0,-9999.0,-9999.0,-9999.0,20.520000000000003,340,0,-9999.0,75.0,69.8,73.1
20240730-2100,Mountain View Moffett Field Naval Air Station,"Mountain View, California, US",22.0,16.0,-9999.0,-9999.0,-9999.0,29.52,340,0,-9999.0,70.0,71.6,68.7
20240730-2200,Mountain View Moffett Field Naval Air Station,"Mountain View, California, US",22.0,16.0,-9999.0,-9999.0,-9999.0,35.28,340,0,-9999.0,70.0,71.6,68.7
20240730-2300,Mountain View Moffett Field Naval Air Station,"Mountain View, California, US",22.0,16.0,-9999.0,-9999.0,-9999.0,31.68,350,0,-9999.0,70.0,71.6,68.7
20240731-0000,Mountain View Moffett Field Naval Air Station,"Mountain View, California, US",22.0,16.0,-9999.0,-9999.0,-9999.0,31.68,350,0,-9999.0,70.0,71.6,68.7
20240731-0100,Mountain View Moffett Field Naval Air Station,"Mountain View, California, US",21.0,16.0,-9999.0,-9999.0,-9999.0,27.72,350,0,-9999.0,75.0,69.8,73.1
20240731-0200,Mountain View Moffett Field Naval Air Station,"Mountain View, California, US",21.0,16.0,-9999.0,-9999.0,-9999.0,25.919999999999998,350,0,-9999.0,75.0,69.8,73.1
20240731-0300,Mountain View Moffett Field Naval Air Station,"Mountain View, California, US",19.0,16.0,-9999.0,-9999.0,-9999.0,24.12,360,0,-9999.0,85.0,66.2,82.7
20240731-0400,Mountain View Moffett Field Naval Air Station,"Mountain View, California, US",17.0,15.0,-9999.0,-9999.0,-9999.0,22.32,360,25,-9999.0,90.0,62.6,88.0
20240731-0500,Mountain View Moffett Field Naval Air Station,"Mountain View, California, US",17.0,15.0,-9999.0,-9999.0,-9999.0,20.520000000000003,10,-9999,-9999.0,90.0,62.6,88.0
20240731-0600,Mountain View Moffett Field Naval Air Station,"Mountain View, California, US",17.0,15.0,-9999.0,-9999.0,-9999.0,18.36,10,-9999,-9999.0,90.0,62.6,88.0
20240731-0700,Mountain View Moffett Field Naval Air Station,"Mountain View, California, US",17.0,15.0,-9999.0,-9999.0,-9999.0,7.5600000000000005,40,-9999,-9999.0,90.0,62.6,88.0
20240731-0800,Mountain View Moffett Field Naval Air Station,"Mountain View, California, US",17.0,15.0,-9999.0,-9999.0,-9999.0,7.5600000000000005,80,-9999,-9999.0,90.0,62.6,88.0
20240731-0900,Mountain View Moffett Field Naval Air Station,"Mountain View, California, US",17.0,15.0,-9999.0,-9999.0,-9999.0,7.5600000000000005,20,-9999,-9999.0,90.0,62.6,88.0
20240731-1000,Mountain View Moffett Field Naval Air Station,"Mountain View, California, US",17.0,15.0,-9999.0,-9999.0,-9999.0,0.0,0,-9999,-9999.0,90.0,62.6,88.0
20240731-1100,Mountain View Moffett Field Naval Air Station,"Mountain View, California, US",17.0,15.0,-9999.0,-9999.0,-9999.0,0.0,0,-9999,-9999.0,90.0,62.6,88.0
20240731-1200,Mountain View Moffett Field Naval Air Station,"Mountain View, California, US",17.0,15.0,-9999.0,-9999.0,-9999.0,0.0,0,-9999,-9999.0,90.0,62.6,88.0
20240731-1300,Mountain View Moffett Field Naval Air Station,"Mountain View, California, US",17.0,14.0,-9999.0,-9999.0,-9999.0,9.360000000000001,330,-9999,-9999.0,85.0,62.6,82.5
20240731-1400,Mountain View Moffett Field Naval Air Station,"Mountain View, California, US",17.0,14.0,-9999.0,-9999.0,-9999.0,7.5600000000000005,330,-9999,-9999.0,85.0,62.6,82.5
20240731-1500,Mountain View Moffett Field Naval Air Station,"Mountain View, California, US",17.0,15.0,-9999.0,-9999.0,-9999.0,7.5600000000000005,10,-9999,-9999.0,90.0,62.6,88.0
20240731-1600,Mountain View Moffett Field Naval Air Station,"Mountain View, California, US",18.0,15.0,-9999.0,-9999.0,-9999.0,0.0,0,-9999,-9999.0,85.0,64.4,82.6
20240731-1700,Mountain View Moffett Field Naval Air Station,"Mountain View, California, US",19.0,15.0,-9999.0,-9999.0,-9999.0,11.16,340,25,-9999.0,80.0,66.2,77.6
20240731-1800,Mountain View Moffett Field Naval Air Station,"Mountain View, California, US",20.0,15.0,-9999.0,-9999.0,-9999.0,7.5600000000000005,20,0,-9999.0,75.0,68.0,72.9
20240731-1900,Mountain View Moffett Field Naval Air Station,"Mountain View, California, US",22.0,15.0,-9999.0,-9999.0,-9999.0,9.360000000000001,-9999,0,-9999.0,65.0,71.6,64.5
20240731-2000,Mountain View Moffett Field Naval Air Station,"Mountain View, California, US",23.0,16.0,-9999.0,-9999.0,-9999.0,18.36,350,0,-9999.0,65.0,73.4,64.7
20240731-2100,Mountain View Moffett Field Naval Air Station,"Mountain View, California, US",23.0,16.0,-9999.0,-9999.0,-9999.0,18.36,350,-9999,-9999.0,65.0,73.4,64.7
20240731-2200,Mountain View Moffett Field Naval Air Station,"Mountain View, California, US",23.0,16.0,-9999.0,-9999.0,-9999.0,18.36,340,0,-9999.0,65.0,73.4,64.7
20240731-2300,Mountain View Moffett Field Naval Air Station,"Mountain View, California, US",24.0,16.0,-9999.0,-9999.0,-9999.0,18.36,340,0,-9999.0,60.0,75.2,60.9
20240801-0000,Mountain View Moffett Field Naval Air Station,"Mountain View, California, US",24.0,15.0,-9999.0,-9999.0,-9999.0,20.520000000000003,350,0,-9999.0,55.0,75.2,57.1
20240801-0100,Mountain View Moffett Field Naval Air Station,"Mountain View, California, US",23.0,17.0,-9999.0,-9999.0,-9999.0,18.36,340,0,-9999.0,70.0,73.4,68.9
20240801-0200,Mountain View Moffett Field Naval Air Station,"Mountain View, California, US",21.0,16.0,-9999.0,-9999.0,-9999.0,18.36,340,0,-9999.0,75.0,69.8,73.1
20240801-0300,Mountain View Moffett Field Naval Air Station,"Mountain View, California, US",19.0,16.0,-9999.0,-9999.0,-9999.0,12.959999999999999,320,0,-9999.0,85.0,66.2,82.7
20240801-0400,Mountain View Moffett Field Naval Air Station,"Mountain View, California, US",18.0,16.0,-9999.0,-9999.0,-9999.0,12.959999999999999,320,0,-9999.0,90.0,64.4,88.1
20240801-0500,Mountain View Moffett Field Naval Air Station,"Mountain View, California, US",17.0,15.0,-9999.0,-9999.0,-9999.0,12.959999999999999,340,50,-9999.0,90.0,62.6,88.0
20240801-0600,Mountain View Moffett Field Naval Air Station,"Mountain View, California, US",17.0,15.0,-9999.0,-9999.0,-9999.0,7.5600000000000005,-9999,-9999,-9999.0,90.0,62.6,88.0
20240801-0700,Mountain View Moffett Field Naval Air Station,"Mountain View, California, US",17.0,15.0,-9999.0,-9999.0,-9999.0,5.4,290,25,-9999.0,90.0,62.6,88.0
20240801-0800,Mountain View Moffett Field Naval Air Station,"Mountain View, California, US",17.0,15.0,-9999.0,-9999.0,-9999.0,0.0,0,50,-9999.0,90.0,62.6,88.0
20240801-0900,Mountain View Moffett Field Naval Air Station,"Mountain View, California, US",17.0,15.0,-9999.0,-9999.0,-9999.0,7.5600000000000005,290,-9999,-9999.0,90.0,62.6,88.0
20240801-1000,Mountain View Moffett Field Naval Air Station,"Mountain View, California, US",17.0,15.0,-9999.0,-9999.0,-9999.0,7.5600000000000005,300,-9999,-9999.0,90.0,62.6,88.0
20240801-1100,Mountain View Moffett Field Naval Air Station,"Mountain View, California, US",16.0,15.0,-9999.0,-9999.0,-9999.0,11.16,350,-9999,-9999.0,95.0,60.8,93.8
20240801-1200,Mountain View Moffett Field Naval Air Station,"Mountain View, California, US",16.0,15.0,-9999.0,-9999.0,-9999.0,0.0,0,-9999,-9999.0,95.0,60.8,93.8
20240801-1300,Mountain View Moffett Field Naval Air Station,"Mountain View, California, US",16.0,15.0,-9999.0,-9999.0,-9999.0,5.4,-9999,-9999,-9999.0,95.0,60.8,93.8
20240801-1400,Mountain View Moffett Field Naval Air Station,"Mountain View, California, US",16.0,15.0,-9999.0,-9999.0,-9999.0,0.0,0,-9999,-9999.0,95.0,60.8,93.8
20240801-1500,Mountain View Moffett Field Naval Air Station,"Mountain View, California, US",16.0,15.0,-9999.0,-9999.0,-9999.0,0.0,0,-9999,-9999.0,95.0,60.8,93.8
20240801-1600,Mountain View Moffett Field Naval Air Station,"Mountain View, California, US",16.0,15.0,-9999.0,-9999.0,-9999.0,7.5600000000000005,330,-9999,-9999.0,95.0,60.8,93.8
20240801-1700,Mountain View Moffett Field Naval Air Station,"Mountain View, California, US",17.0,15.0,-9999.0,-9999.0,-9999.0,9.360000000000001,360,-9999,-9999.0,90.0,62.6,88.0
20240801-1800,Mountain View Moffett Field Naval Air Station,"Mountain View, California, US",18.0,15.0,-9999.0,-9999.0,-9999.0,12.959999999999999,350,-9999,-9999.0,85.0,64.4,82.6
20240801-1900,Mountain View Moffett Field Naval Air Station,"Mountain View, California, US",19.0,15.0,-9999.0,-9999.0,-9999.0,11.16,330,25,-9999.0,80.0,66.2,77.6
20240801-2000,Mountain View Moffett Field Naval Air Station,"Mountain View, California, US",21.0,15.0,-9999.0,-9999.0,-9999.0,12.959999999999999,340,0,-9999.0,70.0,69.8,68.6
20240801-2100,Mountain View Moffett Field Naval Air Station,"Mountain View, California, US",22.0,15.0,-9999.0,-9999.0,-9999.0,16.56,360,0,-9999.0,65.0,71.6,64.5
20240801-2200,Mountain View Moffett Field Naval Air Station,"Mountain View, California, US",24.0,16.0,-9999.0,-9999.0,-9999.0,18.36,350,0,-9999.0,60.0,75.2,60.9
20240801-2300,Mountain View Moffett Field Naval Air Station,"Mountain View, California, US",24.0,17.0,-9999.0,-9999.0,-9999.0,18.36,350,0,-9999.0,65.0,75.2,64.9
20240802-0000,Mountain View Moffett Field Naval Air Station,"Mountain View, California, US",24.0,16.0,-9999.0,-9999.0,-9999.0,22.32,340,0,-9999.0,60.0,75.2,60.9
20240802-0100,Mountain View Moffett Field Naval Air Station,"Mountain View, California, US",23.0,16.0,-9999.0,-9999.0,-9999.0,18.36,340,0,-9999.0,65.0,73.4,64.7
20240802-0200,Mountain View Moffett Field Naval Air Station,"Mountain View, California, US",21.0,16.0,-9999.0,-9999.0,-9999.0,16.56,320,0,-9999.0,75.0,69.8,73.1
20240802-0300,Mountain View Moffett Field Naval Air Station,"Mountain View, California, US",20.0,16.0,-9999.0,-9999.0,-9999.0,14.76,340,0,-9999.0,80.0,68.0,77.7
20240802-0400,Mountain View Moffett Field Naval Air Station,"Mountain View, California, US",18.0,16.0,-9999.0,-9999.0,-9999.0,18.36,340,0,-9999.0,90.0,64.4,88.1
20240802-0500,Mountain View Moffett Field Naval Air Station,"Mountain View, California, US",18.0,16.0,-9999.0,-9999.0,-9999.0,16.56,340,0,-9999.0,90.0,64.4,88.1
20240802-0600,Mountain View Moffett Field Naval Air Station,"Mountain View, California, US",17.0,15.0,-9999.0,-9999.0,-9999.0,12.959999999999999,330,25,-9999.0,90.0,62.6,88.0
20240802-0700,Mountain View Moffett Field Naval Air Station,"Mountain View, California, US",17.0,15.0,-9999.0,-9999.0,-9999.0,7.5600000000000005,280,25,-9999.0,90.0,62.6,88.0
20240802-0800,Mountain View Moffett Field Naval Air Station,"Mountain View, California, US",17.0,15.0,-9999.0,-9999.0,-9999.0,12.959999999999999,340,-9999,-9999.0,90.0,62.6,88.0
20240802-0900,Mountain View Moffett Field Naval Air Station,"Mountain View, California, US",17.0,15.0,-9999.0,-9999.0,-9999.0,11.16,10,-9999,-9999.0,90.0,62.6,88.0
20240802-1000,Mountain View Moffett Field Naval Air Station,"Mountain View, California, US",16.0,15.0,-9999.0,-9999.0,-9999.0,5.4,20,-9999,-9999.0,95.0,60.8,93.8
20240802-1100,Mountain View Moffett Field Naval Air Station,"Mountain View, California, US",17.0,15.0,-9999.0,-9999.0,-9999.0,5.4,300,-9999,-9999.0,90.0,62.6,88.0
20240802-1200,Mountain View Moffett Field Naval Air Station,"Mountain View, California, US",16.0,15.0,-9999.0,-9999.0,-9999.0,9.360000000000001,360,-9999,-9999.0,95.0,60.8,93.8
20240802-1300,Mountain View Moffett Field Naval Air Station,"Mountain View, California, US",16.0,15.0,-9999.0,-9999.0,-9999.0,11.16,340,-9999,-9999.0,95.0,60.8,93.8
20240802-1400,Mountain View Moffett Field Naval Air Station,"Mountain View, California, US",16.0,15.0,-9999.0,-9999.0,-9999.0,7.5600000000000005,20,-9999,-9999.0,95.0,60.8,93.8
20240802-1500,Mountain View Moffett Field Naval Air Station,"Mountain View, California, US",16.0,15.0,-9999.0,-9999.0,-9999.0,7.5600000000000005,340,-9999,-9999.0,95.0,60.8,93.8
20240802-1600,Mountain View Moffett Field Naval Air Station,"Mountain View, California, US",17.0,15.0,-9999.0,-9999.0,-9999.0,7.5600000000000005,40,-9999,-9999.0,90.0,62.6,88.0
20240802-1700,Mountain View Moffett Field Naval Air Station,"Mountain View, California, US",18.0,15.0,-9999.0,-9999.0,-9999.0,7.5600000000000005,20,0,-9999.0,85.0,64.4,82.6
20240802-1800,Mountain View Moffett Field Naval Air Station,"Mountain View, California, US",20.0,15.0,-9999.0,-9999.0,-9999.0,11.16,350,0,-9999.0,75.0,68.0,72.9
20240802-1900,Mountain View Moffett Field Naval Air Station,"Mountain View, California, US",21.0,16.0,-9999.0,-9999.0,-9999.0,11.16,350,-9999,-9999.0,75.0,69.8,73.1
20240802-2000,Mountain View Moffett Field Naval Air Station,"Mountain View, California, US",21.0,15.0,-9999.0,-9999.0,-9999.0,14.76,330,0,-9999.0,70.0,69.8,68.6
20240802-2100,Mountain View Moffett Field Naval Air Station,"Mountain View, California, US",22.0,15.0,-9999.0,-9999.0,-9999.0,9.360000000000001,310,-9999,-9999.0,65.0,71.6,64.5
20240802-2200,Mountain View Moffett Field Naval Air Station,"Mountain View, California, US",22.0,16.0,-9999.0,-9999.0,-9999.0,14.76,350,0,-9999.0,70.0,71.6,68.7
20240802-2300,Mountain View Moffett Field Naval Air Station,"Mountain View, California, US",23.0,15.0,-9999.0,-9999.0,-9999.0,11.16,320,0,-9999.0,60.0,73.4,60.7
20240803-0000,Mountain View Moffett Field Naval Air Station,"Mountain View, California, US",22.0,16.0,-9999.0,-9999.0,-9999.0,14.76,350,0,-9999.0,70.0,71.6,68.7
20240803-0100,Mountain View Moffett Field Naval Air Station,"Mountain View, California, US",22.0,16.0,-9999.0,-9999.0,-9999.0,9.360000000000001,290,0,-9999.0,70.0,71.6,68.7
20240803-0200,Mountain View Moffett Field Naval Air Station,"Mountain View, California, US",22.0,16.0,-9999.0,-9999.0,-9999.0,12.959999999999999,340,0,-9999.0,70.0,71.6,68.7
20240803-0300,Mountain View Moffett Field Naval Air Station,"Mountain View, California, US",21.0,16.0,-9999.0,-9999.0,-9999.0,12.959999999999999,310,0,-9999.0,75.0,69.8,73.1
20240803-0400,Mountain View Moffett Field Naval Air Station,"Mountain View, California, US",21.0,15.0,-9999.0,-9999.0,-9999.0,7.5600000000000005,-9999,-9999,-9999.0,70.0,69.8,68.6
20240803-0500,Mountain View Moffett Field Naval Air Station,"Mountain View, California, US",19.0,16.0,-9999.0,-9999.0,-9999.0,11.16,340,25,-9999.0,85.0,66.2,82.7
20240803-0600,Mountain View Moffett Field Naval Air Station,"Mountain View, California, US",19.0,16.0,-9999.0,-9999.0,-9999.0,7.5600000000000005,320,0,-9999.0,85.0,66.2,82.7
20240803-0700,Mountain View Moffett Field Naval Air Station,"Mountain View, California, US",18.0,15.0,-9999.0,-9999.0,-9999.0,7.5600000000000005,320,0,-9999.0,85.0,64.4,82.6
20240803-0800,Mountain View Moffett Field Naval Air Station,"Mountain View, California, US",18.0,15.0,-9999.0,-9999.0,-9999.0,12.959999999999999,350,0,-9999.0,85.0,64.4,82.6
20240803-0900,Mountain View Moffett Field Naval Air Station,"Mountain View, California, US",18.0,15.0,-9999.0,-9999.0,-9999.0,11.16,330,0,-9999.0,85.0,64.4,82.6
20240803-1000,Mountain View Moffett Field Naval Air Station,"Mountain View, California, US",17.0,15.0,-9999.0,-9999.0,-9999.0,0.0,0,0,-9999.0,90.0,62.6,88.0
20240803-1100,Mountain View Moffett Field Naval Air Station,"Mountain View, California, US",17.0,15.0,-9999.0,-9999.0,-9999.0,11.16,10,-9999,-9999.0,90.0,62.6,88.0
20240803-1200,Mountain View Moffett Field Naval Air Station,"Mountain View, California, US",17.0,15.0,-9999.0,-9999.0,-9999.0,7.5600000000000005,360,0,-9999.0,90.0,62.6,88.0
20240803-1300,Mountain View Moffett Field Naval Air Station,"Mountain View, California, US",17.0,15.0,-9999.0,-9999.0,-9999.0,0.0,0,0,-9999.0,90.0,62.6,88.0
20240803-1400,Mountain View Moffett Field Naval Air Station,"Mountain View, California, US",17.0,15.0,-9999.0,-9999.0,-9999.0,0.0,0,0,-9999.0,90.0,62.6,88.0
20240803-1500,Mountain View Moffett Field Naval Air Station,"Mountain View, California, US",-9999.0,-9999.0,-9999.0,-9999.0,-9999.0,7.5600000000000005,10,-9999,-9999.0,100.0,-17966.2,100.0
20240803-1600,Mountain View Moffett Field Naval Air Station,"Mountain View, California, US",19.0,15.0,-9999.0,-9999.0,-9999.0,11.16,-9999,50,-9999.0,80.0,66.2,77.6
20240803-1700,Mountain View Moffett Field Naval Air Station,"Mountain View, California, US",20.0,15.0,-9999.0,-9999.0,-9999.0,7.5600000000000005,10,0,-9999.0,75.0,68.0,72.9
20240803-1800,Mountain View Moffett Field Naval Air Station,"Mountain View, California, US",21.0,16.0,-9999.0,-9999.0,-9999.0,12.959999999999999,360,0,-9999.0,75.0,69.8,73.1
20240803-1900,Mountain View Moffett Field Naval Air Station,"Mountain View, California, US",23.0,16.0,-9999.0,-9999.0,-9999.0,14.76,350,0,-9999.0,65.0,73.4,64.7
20240803-2000,Mountain View Moffett Field Naval Air Station,"Mountain View, California, US",24.0,15.0,-9999.0,-9999.0,-9999.0,14.76,330,0,-9999.0,55.0,75.2,57.1
20240803-2100,Mountain View Moffett Field Naval Air Station,"Mountain View, California, US",25.0,15.0,-9999.0,-9999.0,-9999.0,12.959999999999999,320,-9999,-9999.0,50.0,77.0,53.8
20240803-2200,Mountain View Moffett Field Naval Air Station,"Mountain View, California, US",27.0,15.0,-9999.0,-9999.0,-9999.0,22.32,350,0,-9999.0,40.0,80.6,47.8
20240803-2300,Mountain View Moffett Field Naval Air Station,"Mountain View, California, US",26.0,15.0,-9999.0,-9999.0,-9999.0,18.36,350,0,-9999.0,45.0,78.8,50.7
20240804-0000,Mountain View Moffett Field Naval Air Station,"Mountain View, California, US",24.0,15.0,-9999.0,-9999.0,-9999.0,18.36,340,0,-9999.0,55.0,75.2,57.1
20240804-0100,Mountain View Moffett Field Naval Air Station,"Mountain View, California, US",22.0,17.0,-9999.0,-9999.0,-9999.0,22.32,350,0,-9999.0,75.0,71.6,73.3
20240804-0200,Mountain View Moffett Field Naval Air Station,"Mountain View, California, US",21.0,16.0,-9999.0,-9999.0,-9999.0,18.36,330,0,-9999.0,75.0,69.8,73.1
20240804-0300,Mountain View Moffett Field Naval Air Station,"Mountain View, California, US",19.0,16.0,-9999.0,-9999.0,-9999.0,18.36,330,0,-9999.0,85.0,66.2,82.7
20240804-0400,Mountain View Moffett Field Naval Air Station,"Mountain View, California, US",18.0,15.0,-9999.0,-9999.0,-9999.0,16.56,330,0,-9999.0,85.0,64.4,82.6
20240804-0500,Mountain View Moffett Field Naval Air Station,"Mountain View, California, US",18.0,15.0,-9999.0,-9999.0,-9999.0,14.76,350,0,-9999.0,85.0,64.4,82.6
20240804-0600,Mountain View Moffett Field Naval Air Station,"Mountain View, California, US",18.0,15.0,-9999.0,-9999.0,-9999.0,-9999.0,-9999,0,-9999.0,85.0,64.4,82.6
20240804-0700,Mountain View Moffett Field Naval Air Station,"Mountain View, California, US",17.0,15.0,-9999.0,-9999.0,-9999.0,18.36,350,0,-9999.0,90.0,62.6,88.0
20240804-0800,Mountain View Moffett Field Naval Air Station,"Mountain View, California, US",16.0,14.0,-9999.0,-9999.0,-9999.0,18.36,360,25,-9999.0,90.0,60.8,87.9
20240804-0900,Mountain View Moffett Field Naval Air Station,"Mountain View, California, US",16.0,14.0,-9999.0,-9999.0,-9999.0,18.36,360,-9999,-9999.0,90.0,60.8,87.9
20240804-1000,Mountain View Moffett Field Naval Air Station,"Mountain View, California, US",16.0,14.0,-9999.0,-9999.0,-9999.0,16.56,360,-9999,-9999.0,90.0,60.8,87.9
20240804-1100,Mountain View Moffett Field Naval Air Station,"Mountain View, California, US",16.0,14.0,-9999.0,-9999.0,-9999.0,12.959999999999999,30,-9999,-9999.0,90.0,60.8,87.9
20240804-1200,Mountain View Moffett Field Naval Air Station,"Mountain View, California, US",16.0,14.0,-9999.0,-9999.0,-9999.0,9.360000000000001,30,-9999,-9999.0,90.0,60.8,87.9
20240804-1300,Mountain View Moffett Field Naval Air Station,"Mountain View, California, US",16.0,14.0,-9999.0,-9999.0,-9999.0,0.0,0,-9999,-9999.0,90.0,60.8,87.9
20240804-1400,Mountain View Moffett Field Naval Air Station,"Mountain View, California, US",16.0,14.0,-9999.0,-9999.0,-9999.0,0.0,0,-9999,-9999.0,90.0,60.8,87.9
20240804-1500,Mountain View Moffett Field Naval Air Station,"Mountain View, California, US",16.0,14.0,-9999.0,-9999.0,-9999.0,11.16,350,-9999,-9999.0,90.0,60.8,87.9
20240804-1600,Mountain View Moffett Field Naval Air Station,"Mountain View, California, US",16.0,14.0,-9999.0,-9999.0,-9999.0,11.16,10,-9999,-9999.0,90.0,60.8,87.9
20240804-1700,Mountain View Moffett Field Naval Air Station,"Mountain View, California, US",16.0,14.0,-9999.0,-9999.0,-9999.0,0.0,0,-9999,-9999.0,90.0,60.8,87.9
20240804-1800,Mountain View Moffett Field Naval Air Station,"Mountain View, California, US",17.0,14.0,-9999.0,-9999.0,-9999.0,5.4,330,-9999,-9999.0,85.0,62.6,82.5
20240804-1900,Mountain View Moffett Field Naval Air Station,"Mountain View, California, US",19.0,14.0,-9999.0,-9999.0,-9999.0,11.16,-9999,50,-9999.0,75.0,66.2,72.7
20240804-2000,Mountain View Moffett Field Naval Air Station,"Mountain View, California, US",19.0,14.0,-9999.0,-9999.0,-9999.0,16.56,350,0,-9999.0,75.0,66.2,72.7
20240804-2100,Mountain View Moffett Field Naval Air Station,"Mountain View, California, US",20.0,15.0,-9999.0,-9999.0,-9999.0,16.56,350,-9999,-9999.0,75.0,68.0,72.9
20240804-2200,Mountain View Moffett Field Naval Air Station,"Mountain View, California, US",21.0,15.0,-9999.0,-9999.0,-9999.0,18.36,340,0,-9999.0,70.0,69.8,68.6
20240804-2300,Mountain View Moffett Field Naval Air Station,"Mountain View, California, US",21.0,15.0,-9999.0,-9999.0,-9999.0,20.520000000000003,350,0,-9999.0,70.0,69.8,68.6
20240805-0000,Mountain View Moffett Field Naval Air Station,"Mountain View, California, US",20.0,15.0,-9999.0,-9999.0,-9999.0,22.32,340,0,-9999.0,75.0,68.0,72.9
20240805-0100,Mountain View Moffett Field Naval Air Station,"Mountain View, California, US",19.0,15.0,-9999.0,-9999.0,-9999.0,22.32,330,0,-9999.0,80.0,66.2,77.6
20240805-0200,Mountain View Moffett Field Naval Air Station,"Mountain View, California, US",19.0,16.0,-9999.0,-9999.0,-9999.0,20.520000000000003,340,0,-9999.0,85.0,66.2,82.7
20240805-0300,Mountain View Moffett Field Naval Air Station,"Mountain View, California, US",17.0,15.0,-9999.0,-9999.0,-9999.0,22.32,350,25,-9999.0,90.0,62.6,88.0
20240805-0400,Mountain View Moffett Field Naval Air Station,"Mountain View, California, US",17.0,14.0,-9999.0,-9999.0,-9999.0,16.56,350,-9999,-9999.0,85.0,62.6,82.5
20240805-0500,Mountain View Moffett Field Naval Air Station,"Mountain View, California, US",16.0,14.0,-9999.0,-9999.0,-9999.0,12.959999999999999,40,-9999,-9999.0,90.0,60.8,87.9
20240805-0600,Mountain View Moffett Field Naval Air Station,"Mountain View, California, US",16.0,14.0,-9999.0,-9999.0,-9999.0,0.0,0,-9999,-9999.0,90.0,60.8,87.9
20240805-0700,Mountain View Moffett Field Naval Air Station,"Mountain View, California, US",16.0,14.0,-9999.0,-9999.0,-9999.0,11.16,30,-9999,-9999.0,90.0,60.8,87.9
20240805-0800,Mountain View Moffett Field Naval Air Station,"Mountain View, California, US",16.0,14.0,-9999.0,-9999.0,-9999.0,7.5600000000000005,30,-9999,-9999.0,90.0,60.8,87.9
20240805-0900,Mountain View Moffett Field Naval Air Station,"Mountain View, California, US",16.0,14.0,-9999.0,-9999.0,-9999.0,0.0,0,-9999,-9999.0,90.0,60.8,87.9
20240805-1000,Mountain View Moffett Field Naval Air Station,"Mountain View, California, US",16.0,14.0,-9999.0,-9999.0,-9999.0,9.360000000000001,10,-9999,-9999.0,90.0,60.8,87.9
20240805-1100,Mountain View Moffett Field Naval Air Station,"Mountain View, California, US",16.0,14.0,-9999.0,-9999.0,-9999.0,0.0,0,-9999,-9999.0,90.0,60.8,87.9
20240805-1200,Mountain View Moffett Field Naval Air Station,"Mountain View, California, US",16.0,14.0,-9999.0,-9999.0,-9999.0,14.76,20,-9999,-9999.0,90.0,60.8,87.9
20240805-1300,Mountain View Moffett Field Naval Air Station,"Mountain View, California, US",15.0,13.0,-9999.0,-9999.0,-9999.0,11.16,350,-9999,-9999.0,90.0,59.0,87.8
20240805-1500,Mountain View Moffett Field Naval Air Station,"Mountain View, California, US",15.0,13.0,-9999.0,-9999.0,-9999.0,0.0,0,-9999,-9999.0,90.0,59.0,87.8
20240805-1600,Mountain View Moffett Field Naval Air Station,"Mountain View, California, US",15.0,14.0,-9999.0,-9999.0,-9999.0,0.0,0,-9999,-9999.0,95.0,59.0,93.7
20240805-1700,Mountain View Moffett Field Naval Air Station,"Mountain View, California, US",16.0,14.0,-9999.0,-9999.0,-9999.0,0.0,0,-9999,-9999.0,90.0,60.8,87.9
20240805-1800,Mountain View Moffett Field Naval Air Station,"Mountain View, California, US",18.0,14.0,-9999.0,-9999.0,-9999.0,0.0,0,-9999,-9999.0,80.0,64.4,77.4
20240805-1900,Mountain View Moffett Field Naval Air Station,"Mountain View, California, US",19.0,14.0,-9999.0,-9999.0,-9999.0,11.16,350,25,-9999.0,75.0,66.2,72.7
20240805-2000,Mountain View Moffett Field Naval Air Station,"Mountain View, California, US",19.0,14.0,-9999.0,-9999.0,-9999.0,14.76,360,0,-9999.0,75.0,66.2,72.7
20240805-2100,Mountain View Moffett Field Naval Air Station,"Mountain View, California, US",19.0,14.0,-9999.0,-9999.0,-9999.0,22.32,350,0,-9999.0,75.0,66.2,72.7
20240805-2200,Mountain View Moffett Field Naval Air Station,"Mountain View, California, US",20.0,14.0,-9999.0,-9999.0,-9999.0,20.520000000000003,340,0,-9999.0,70.0,68.0,68.4
20240805-2300,Mountain View Moffett Field Naval Air Station,"Mountain View, California, US",20.0,15.0,-9999.0,-9999.0,-9999.0,25.919999999999998,340,0,-9999.0,75.0,68.0,72.9
20240806-0000,Mountain View Moffett Field Naval Air Station,"Mountain View, California, US",20.0,15.0,-9999.0,-9999.0,-9999.0,20.520000000000003,330,0,-9999.0,75.0,68.0,72.9
20240806-0100,Mountain View Moffett Field Naval Air Station,"Mountain View, California, US",19.0,14.0,-9999.0,-9999.0,-9999.0,22.32,340,0,-9999.0,75.0,66.2,72.7
20240806-0200,Mountain View Moffett Field Naval Air Station,"Mountain View, California, US",19.0,15.0,-9999.0,-9999.0,-9999.0,25.919999999999998,360,0,-9999.0,80.0,66.2,77.6
20240806-0300,Mountain View Moffett Field Naval Air Station,"Mountain View, California, US",19.0,14.0,-9999.0,-9999.0,-9999.0,16.56,340,0,-9999.0,75.0,66.2,72.7
20240806-0400,Mountain View Moffett Field Naval Air Station,"Mountain View, California, US",17.0,14.0,-9999.0,-9999.0,-9999.0,24.12,10,0,-9999.0,85.0,62.6,82.5
20240806-0500,Mountain View Moffett Field Naval Air Station,"Mountain View, California, US",17.0,13.0,-9999.0,-9999.0,-9999.0,12.959999999999999,10,0,-9999.0,80.0,62.6,77.3
20240806-0600,Mountain View Moffett Field Naval Air Station,"Mountain View, California, US",16.0,13.0,-9999.0,-9999.0,-9999.0,7.5600000000000005,40,0,-9999.0,85.0,60.8,82.4
20240806-0700,Mountain View Moffett Field Naval Air Station,"Mountain View, California, US",15.0,13.0,-9999.0,-9999.0,-9999.0,9.360000000000001,40,0,-9999.0,90.0,59.0,87.8
20240806-0800,Mountain View Moffett Field Naval Air Station,"Mountain View, California, US",15.0,13.0,-9999.0,-9999.0,-9999.0,5.4,40,0,-9999.0,90.0,59.0,87.8
20240806-0900,Mountain View Moffett Field Naval Air Station,"Mountain View, California, US",15.0,13.0,-9999.0,-9999.0,-9999.0,9.360000000000001,10,0,-9999.0,90.0,59.0,87.8
20240806-1000,Mountain View Moffett Field Naval Air Station,"Mountain View, California, US",15.0,13.0,-9999.0,-9999.0,-9999.0,5.4,50,50,-9999.0,90.0,59.0,87.8
20240806-1100,Mountain View Moffett Field Naval Air Station,"Mountain View, California, US",15.0,13.0,-9999.0,-9999.0,-9999.0,7.5600000000000005,40,-9999,-9999.0,90.0,59.0,87.8
20240806-1200,Mountain View Moffett Field Naval Air Station,"Mountain View, California, US",15.0,13.0,-9999.0,-9999.0,-9999.0,0.0,0,-9999,-9999.0,90.0,59.0,87.8
20240806-1300,Mountain View Moffett Field Naval Air Station,"Mountain View, California, US",15.0,13.0,-9999.0,-9999.0,-9999.0,0.0,0,-9999,-9999.0,90.0,59.0,87.8
20240806-1400,Mountain View Moffett Field Naval Air Station,"Mountain View, California, US",15.0,13.0,-9999.0,-9999.0,-9999.0,0.0,0,-9999,-9999.0,90.0,59.0,87.8
20240806-1500,Mountain View Moffett Field Naval Air Station,"Mountain View, California, US",16.0,14.0,-9999.0,-9999.0,-9999.0,0.0,0,25,-9999.0,90.0,60.8,87.9
20240806-1600,Mountain View Moffett Field Naval Air Station,"Mountain View, California, US",18.0,14.0,-9999.0,-9999.0,-9999.0,0.0,0,0,-9999.0,80.0,64.4,77.4
20240806-1700,Mountain View Moffett Field Naval Air Station,"Mountain View, California, US",19.0,14.0,-9999.0,-9999.0,-9999.0,9.360000000000001,10,0,-9999.0,75.0,66.2,72.7
20240806-1800,Mountain View Moffett Field Naval Air Station,"Mountain View, California, US",20.0,15.0,-9999.0,-9999.0,-9999.0,9.360000000000001,360,0,-9999.0,75.0,68.0,72.9
20240806-1900,Mountain View Moffett Field Naval Air Station,"Mountain View, California, US",22.0,15.0,-9999.0,-9999.0,-9999.0,11.16,360,0,-9999.0,65.0,71.6,64.5
20240806-2000,Mountain View Moffett Field Naval Air Station,"Mountain View, California, US",25.0,13.0,-9999.0,-9999.0,-9999.0,14.76,350,0,-9999.0,40.0,77.0,47.3
20240806-2100,Mountain View Moffett Field Naval Air Station,"Mountain View, California, US",27.0,15.0,-9999.0,-9999.0,-9999.0,12.959999999999999,360,0,-9999.0,40.0,80.6,47.8
20240806-2200,Mountain View Moffett Field Naval Air Station,"Mountain View, California, US",29.0,13.0,-9999.0,-9999.0,-9999.0,14.76,350,0,-9999.0,20.0,84.2,37.3
20240806-2300,Mountain View Moffett Field Naval Air Station,"Mountain View, California, US",28.0,13.0,-9999.0,-9999.0,-9999.0,20.520000000000003,350,0,-9999.0,25.0,82.4,39.6
20240807-0000,Mountain View Moffett Field Naval Air Station,"Mountain View, California, US",27.0,15.0,-9999.0,-9999.0,-9999.0,14.76,350,0,-9999.0,40.0,80.6,47.8
20240807-0100,Mountain View Moffett Field Naval Air Station,"Mountain View, California, US",26.0,14.0,-9999.0,-9999.0,-9999.0,12.959999999999999,330,0,-9999.0,40.0,78.8,47.5
20240807-0200,Mountain View Moffett Field Naval Air Station,"Mountain View, California, US",23.0,14.0,-9999.0,-9999.0,-9999.0,16.56,320,0,-9999.0,55.0,73.4,56.9
20240807-0300,Mountain View Moffett Field Naval Air Station,"Mountain View, California, US",21.0,15.0,-9999.0,-9999.0,-9999.0,14.76,340,0,-9999.0,70.0,69.8,68.6
20240807-0400,Mountain View Moffett Field Naval Air Station,"Mountain View, California, US",20.0,16.0,-9999.0,-9999.0,-9999.0,16.56,340,25,-9999.0,80.0,68.0,77.7
20240807-0500,Mountain View Moffett Field Naval Air Station,"Mountain View, California, US",19.0,14.0,-9999.0,-9999.0,-9999.0,7.5600000000000005,320,0,-9999.0,75.0,66.2,72.7
20240807-0700,Mountain View Moffett Field Naval Air Station,"Mountain View, California, US",18.0,14.0,-9999.0,-9999.0,-9999.0,0.0,0,25,-9999.0,80.0,64.4,77.4
20240807-0800,Mountain View Moffett Field Naval Air Station,"Mountain View, California, US",18.0,14.0,-9999.0,-9999.0,-9999.0,5.4,280,0,-9999.0,80.0,64.4,77.4
20240807-0900,Mountain View Moffett Field Naval Air Station,"Mountain View, California, US",17.0,14.0,-9999.0,-9999.0,-9999.0,0.0,0,0,-9999.0,85.0,62.6,82.5
20240807-1100,Mountain View Moffett Field Naval Air Station,"Mountain View, California, US",17.0,14.0,-9999.0,-9999.0,-9999.0,0.0,0,0,-9999.0,85.0,62.6,82.5
20240807-1200,Mountain View Moffett Field Naval Air Station,"Mountain View, California, US",17.0,14.0,-9999.0,-9999.0,-9999.0,0.0,0,25,-9999.0,85.0,62.6,82.5
20240807-1300,Mountain View Moffett Field Naval Air Station,"Mountain View, California, US",17.0,14.0,-9999.0,-9999.0,-9999.0,0.0,0,0,-9999.0,85.0,62.6,82.5
20240807-1400,Mountain View Moffett Field Naval Air Station,"Mountain View, California, US",17.0,14.0,-9999.0,-9999.0,-9999.0,0.0,0,0,-9999.0,85.0,62.6,82.5
20240807-1500,Mountain View Moffett Field Naval Air Station,"Mountain View, California, US",19.0,14.0,-9999.0,-9999.0,-9999.0,0.0,0,0,-9999.0,75.0,66.2,72.7
20240807-1600,Mountain View Moffett Field Naval Air Station,"Mountain View, California, US",20.0,15.0,-9999.0,-9999.0,-9999.0,7.5600000000000005,40,0,-9999.0,75.0,68.0,72.9
20240807-1700,Mountain View Moffett Field Naval Air Station,"Mountain View, California, US",21.0,16.0,-9999.0,-9999.0,-9999.0,11.16,360,0,-9999.0,75.0,69.8,73.1
20240807-1800,Mountain View Moffett Field Naval Air Station,"Mountain View, California, US",22.0,16.0,-9999.0,-9999.0,-9999.0,14.76,350,0,-9999.0,70.0,71.6,68.7
20240807-1900,Mountain View Moffett Field Naval Air Station,"Mountain View, California, US",24.0,14.0,-9999.0,-9999.0,-9999.0,11.16,350,0,-9999.0,50.0,75.2,53.5
20240807-2000,Mountain View Moffett Field Naval Air Station,"Mountain View, California, US",28.0,12.0,-9999.0,-9999.0,-9999.0,11.16,340,0,-9999.0,20.0,82.4,37.1
20240807-2100,Mountain View Moffett Field Naval Air Station,"Mountain View, California, US",27.0,15.0,-9999.0,-9999.0,-9999.0,16.56,340,0,-9999.0,40.0,80.6,47.8
20240807-2200,Mountain View Moffett Field Naval Air Station,"Mountain View, California, US",26.0,14.0,-9999.0,-9999.0,-9999.0,20.520000000000003,350,0,-9999.0,40.0,78.8,47.5
20240807-2300,Mountain View Moffett Field Naval Air Station,"Mountain View, California, US",25.0,15.0,-9999.0,-9999.0,-9999.0,22.32,340,0,-9999.0,50.0,77.0,53.8
20240808-0000,Mountain View Moffett Field Naval Air Station,"Mountain View, California, US",24.0,16.0,-9999.0,-9999.0,-9999.0,18.36,340,0,-9999.0,60.0,75.2,60.9
20240808-0100,Mountain View Moffett Field Naval Air Station,"Mountain View, California, US",22.0,16.0,-9999.0,-9999.0,-9999.0,24.12,340,0,-9999.0,70.0,71.6,68.7
20240808-0200,Mountain View Moffett Field Naval Air Station,"Mountain View, California, US",21.0,15.0,-9999.0,-9999.0,-9999.0,12.959999999999999,330,0,-9999.0,70.0,69.8,68.6
20240808-0300,Mountain View Moffett Field Naval Air Station,"Mountain View, California, US",19.0,15.0,-9999.0,-9999.0,-9999.0,12.959999999999999,330,0,-9999.0,80.0,66.2,77.6
20240808-0400,Mountain View Moffett Field Naval Air Station,"Mountain View, California, US",18.0,15.0,-9999.0,-9999.0,-9999.0,11.16,320,0,-9999.0,85.0,64.4,82.6
20240808-0500,Mountain View Moffett Field Naval Air Station,"Mountain View, California, US",17.0,14.0,-9999.0,-9999.0,-9999.0,11.16,330,0,-9999.0,85.0,62.6,82.5
20240808-0600,Mountain View Moffett Field Naval Air Station,"Mountain View, California, US",17.0,14.0,-9999.0,-9999.0,-9999.0,14.76,360,0,-9999.0,85.0,62.6,82.5
20240808-0700,Mountain View Moffett Field Naval Air Station,"Mountain View, California, US",16.0,14.0,-9999.0,-9999.0,-9999.0,9.360000000000001,360,0,-9999.0,90.0,60.8,87.9
20240808-0800,Mountain View Moffett Field Naval Air Station,"Mountain View, California, US",16.0,14.0,-9999.0,-9999.0,-9999.0,7.5600000000000005,360,-9999,-9999.0,90.0,60.8,87.9
20240808-0900,Mountain View Moffett Field Naval Air Station,"Mountain View, California, US",16.0,14.0,-9999.0,-9999.0,-9999.0,7.5600000000000005,340,-9999,-9999.0,90.0,60.8,87.9
20240808-1000,Mountain View Moffett Field Naval Air Station,"Mountain View, California, US",16.0,14.0,-9999.0,-9999.0,-9999.0,11.16,360,-9999,-9999.0,90.0,60.8,87.9
20240808-1100,Mountain View Moffett Field Naval Air Station,"Mountain View, California, US",16.0,14.0,-9999.0,-9999.0,-9999.0,7.5600000000000005,10,-9999,-9999.0,90.0,60.8,87.9
20240808-1200,Mountain View Moffett Field Naval Air Station,"Mountain View, California, US",16.0,14.0,-9999.0,-9999.0,-9999.0,7.5600000000000005,20,-9999,-9999.0,90.0,60.8,87.9
20240808-1300,Mountain View Moffett Field Naval Air Station,"Mountain View, California, US",16.0,14.0,-9999.0,-9999.0,-9999.0,11.16,350,-9999,-9999.0,90.0,60.8,87.9
20240808-1400,Mountain View Moffett Field Naval Air Station,"Mountain View, California, US",16.0,14.0,-9999.0,-9999.0,-9999.0,14.76,10,-9999,-9999.0,90.0,60.8,87.9
20240808-1500,Mountain View Moffett Field Naval Air Station,"Mountain View, California, US",16.0,14.0,-9999.0,-9999.0,-9999.0,11.16,360,-9999,-9999.0,90.0,60.8,87.9
20240808-1600,Mountain View Moffett Field Naval Air Station,"Mountain View, California, US",16.0,14.0,-9999.0,-9999.0,-9999.0,7.5600000000000005,20,-9999,-9999.0,90.0,60.8,87.9
20240808-1700,Mountain View Moffett Field Naval Air Station,"Mountain View, California, US",18.0,14.0,-9999.0,-9999.0,-9999.0,9.360000000000001,20,-9999,-9999.0,80.0,64.4,77.4
20240808-1800,Mountain View Moffett Field Naval Air Station,"Mountain View, California, US",19.0,14.0,-9999.0,-9999.0,-9999.0,9.360000000000001,-9999,25,-9999.0,75.0,66.2,72.7
20240808-1900,Mountain View Moffett Field Naval Air Station,"Mountain View, California, US",19.0,14.0,-9999.0,-9999.0,-9999.0,16.56,350,0,-9999.0,75.0,66.2,72.7
20240808-2000,Mountain View Moffett Field Naval Air Station,"Mountain View, California, US",19.0,14.0,-9999.0,-9999.0,-9999.0,24.12,350,0,-9999.0,75.0,66.2,72.7
20240808-2100,Mountain View Moffett Field Naval Air Station,"Mountain View, California, US",20.0,14.0,-9999.0,-9999.0,-9999.0,20.520000000000003,350,0,-9999.0,70.0,68.0,68.4
20240808-2200,Mountain View Moffett Field Naval Air Station,"Mountain View, California, US",21.0,14.0,-9999.0,-9999.0,-9999.0,22.32,340,0,-9999.0,65.0,69.8,64.3
20240808-2300,Mountain View Moffett Field Naval Air Station,"Mountain View, California, US",21.0,14.0,-9999.0,-9999.0,-9999.0,22.32,350,0,-9999.0,65.0,69.8,64.3
20240809-0000,Mountain View Moffett Field Naval Air Station,"Mountain View, California, US",21.0,15.0,-9999.0,-9999.0,-9999.0,22.32,330,0,-9999.0,70.0,69.8,68.6
20240809-0100,Mountain View Moffett Field Naval Air Station,"Mountain View, California, US",20.0,15.0,-9999.0,-9999.0,-9999.0,18.36,330,0,-9999.0,75.0,68.0,72.9
20240809-0200,Mountain View Moffett Field Naval Air Station,"Mountain View, California, US",19.0,15.0,-9999.0,-9999.0,-9999.0,16.56,320,0,-9999.0,80.0,66.2,77.6
20240809-0300,Mountain View Moffett Field Naval Air Station,"Mountain View, California, US",18.0,15.0,-9999.0,-9999.0,-9999.0,12.959999999999999,330,0,-9999.0,85.0,64.4,82.6
20240809-0400,Mountain View Moffett Field Naval Air Station,"Mountain View, California, US",17.0,15.0,-9999.0,-9999.0,-9999.0,12.959999999999999,340,0,-9999.0,90.0,62.6,88.0
20240809-0500,Mountain View Moffett Field Naval Air Station,"Mountain View, California, US",17.0,15.0,-9999.0,-9999.0,-9999.0,12.959999999999999,340,-9999,-9999.0,90.0,62.6,88.0
20240809-0600,Mountain View Moffett Field Naval Air Station,"Mountain View, California, US",17.0,15.0,-9999.0,-9999.0,-9999.0,14.76,360,-9999,-9999.0,90.0,62.6,88.0
20240809-0700,Mountain View Moffett Field Naval Air Station,"Mountain View, California, US",16.0,14.0,-9999.0,-9999.0,-9999.0,12.959999999999999,350,-9999,-9999.0,90.0,60.8,87.9
20240809-0800,Mountain View Moffett Field Naval Air Station,"Mountain View, California, US",16.0,14.0,-9999.0,-9999.0,-9999.0,11.16,360,-9999,-9999.0,90.0,60.8,87.9
20240809-0900,Mountain View Moffett Field Naval Air Station,"Mountain View, California, US",16.0,14.0,-9999.0,-9999.0,-9999.0,7.5600000000000005,10,-9999,-9999.0,90.0,60.8,87.9
20240809-1000,Mountain View Moffett Field Naval Air Station,"Mountain View, California, US",16.0,14.0,-9999.0,-9999.0,-9999.0,9.360000000000001,340,-9999,-9999.0,90.0,60.8,87.9
20240809-1100,Mountain View Moffett Field Naval Air Station,"Mountain View, California, US",15.0,14.0,-9999.0,-9999.0,-9999.0,11.16,10,-9999,-9999.0,95.0,59.0,93.7
20240809-1200,Mountain View Moffett Field Naval Air Station,"Mountain View, California, US",15.0,14.0,-9999.0,-9999.0,-9999.0,7.5600000000000005,360,-9999,-9999.0,95.0,59.0,93.7
20240809-1300,Mountain View Moffett Field Naval Air Station,"Mountain View, California, US",15.0,13.0,-9999.0,-9999.0,-9999.0,11.16,20,-9999,-9999.0,90.0,59.0,87.8
20240809-1400,Mountain View Moffett Field Naval Air Station,"Mountain View, California, US",15.0,13.0,-9999.0,-9999.0,-9999.0,0.0,0,-9999,-9999.0,90.0,59.0,87.8
20240809-1500,Mountain View Moffett Field Naval Air Station,"Mountain View, California, US",15.0,13.0,-9999.0,-9999.0,-9999.0,0.0,0,-9999,-9999.0,90.0,59.0,87.8
20240809-1600,Mountain View Moffett Field Naval Air Station,"Mountain View, California, US",15.0,13.0,-9999.0,-9999.0,-9999.0,0.0,0,-9999,-9999.0,90.0,59.0,87.8
20240809-1700,Mountain View Moffett Field Naval Air Station,"Mountain View, California, US",17.0,14.0,-9999.0,-9999.0,-9999.0,9.360000000000001,10,-9999,-9999.0,85.0,62.6,82.5
20240809-1800,Mountain View Moffett Field Naval Air Station,"Mountain View, California, US",18.0,14.0,-9999.0,-9999.0,-9999.0,7.5600000000000005,340,25,-9999.0,80.0,64.4,77.4
20240809-1900,Mountain View Moffett Field Naval Air Station,"Mountain View, California, US",20.0,14.0,-9999.0,-9999.0,-9999.0,7.5600000000000005,350,0,-9999.0,70.0,68.0,68.4
20240809-2000,Mountain View Moffett Field Naval Air Station,"Mountain View, California, US",21.0,15.0,-9999.0,-9999.0,-9999.0,12.959999999999999,330,0,-9999.0,70.0,69.8,68.6
20240809-2100,Mountain View Moffett Field Naval Air Station,"Mountain View, California, US",21.0,14.0,-9999.0,-9999.0,-9999.0,20.520000000000003,350,0,-9999.0,65.0,69.8,64.3
20240809-2200,Mountain View Moffett Field Naval Air Station,"Mountain View, California, US",22.0,14.0,-9999.0,-9999.0,-9999.0,20.520000000000003,340,0,-9999.0,60.0,71.6,60.4
20240809-2300,Mountain View Moffett Field Naval Air Station,"Mountain View, California, US",21.0,14.0,-9999.0,-9999.0,-9999.0,14.76,320,0,-9999.0,65.0,69.8,64.3
20240810-0000,Mountain View Moffett Field Naval Air Station,"Mountain View, California, US",21.0,14.0,-9999.0,-9999.0,-9999.0,22.32,340,0,-9999.0,65.0,69.8,64.3
20240810-0100,Mountain View Moffett Field Naval Air Station,"Mountain View, California, US",21.0,15.0,-9999.0,-9999.0,-9999.0,25.919999999999998,360,0,-9999.0,70.0,69.8,68.6
20240810-0200,Mountain View Moffett Field Naval Air Station,"Mountain View, California, US",20.0,15.0,-9999.0,-9999.0,-9999.0,25.919999999999998,360,0,-9999.0,75.0,68.0,72.9
20240810-0300,Mountain View Moffett Field Naval Air Station,"Mountain View, California, US",18.0,15.0,-9999.0,-9999.0,-9999.0,25.919999999999998,360,0,-9999.0,85.0,64.4,82.6
20240810-0400,Mountain View Moffett Field Naval Air Station,"Mountain View, California, US",17.0,14.0,-9999.0,-9999.0,-9999.0,18.36,10,0,-9999.0,85.0,62.6,82.5
20240810-0500,Mountain View Moffett Field Naval Air Station,"Mountain View, California, US",16.0,14.0,-9999.0,-9999.0,-9999.0,16.56,20,0,-9999.0,90.0,60.8,87.9
20240810-0600,Mountain View Moffett Field Naval Air Station,"Mountain View, California, US",15.0,13.0,-9999.0,-9999.0,-9999.0,18.36,30,0,-9999.0,90.0,59.0,87.8
20240810-0700,Mountain View Moffett Field Naval Air Station,"Mountain View, California, US",15.0,13.0,-9999.0,-9999.0,-9999.0,16.56,30,25,-9999.0,90.0,59.0,87.8
20240810-0800,Mountain View Moffett Field Naval Air Station,"Mountain View, California, US",15.0,13.0,-9999.0,-9999.0,-9999.0,12.959999999999999,40,-9999,-9999.0,90.0,59.0,87.8
20240810-0900,Mountain View Moffett Field Naval Air Station,"Mountain View, California, US",15.0,13.0,-9999.0,-9999.0,-9999.0,7.5600000000000005,30,-9999,-9999.0,90.0,59.0,87.8
20240810-1000,Mountain View Moffett Field Naval Air Station,"Mountain View, California, US",15.0,13.0,-9999.0,-9999.0,-9999.0,7.5600000000000005,20,-9999,-9999.0,90.0,59.0,87.8
20240810-1100,Mountain View Moffett Field Naval Air Station,"Mountain View, California, US",15.0,13.0,-9999.0,-9999.0,-9999.0,5.4,100,-9999,-9999.0,90.0,59.0,87.8
20240810-1200,Mountain View Moffett Field Naval Air Station,"Mountain View, California, US",15.0,13.0,-9999.0,-9999.0,-9999.0,0.0,0,-9999,-9999.0,90.0,59.0,87.8
20240810-1300,Mountain View Moffett Field Naval Air Station,"Mountain View, California, US",15.0,13.0,-9999.0,-9999.0,-9999.0,0.0,0,-9999,-9999.0,90.0,59.0,87.8
20240810-1400,Mountain View Moffett Field Naval Air Station,"Mountain View, California, US",15.0,13.0,-9999.0,-9999.0,-9999.0,0.0,0,25,-9999.0,90.0,59.0,87.8
20240810-1500,Mountain View Moffett Field Naval Air Station,"Mountain View, California, US",16.0,13.0,-9999.0,-9999.0,-9999.0,0.0,0,0,-9999.0,85.0,60.8,82.4
20240810-1600,Mountain View Moffett Field Naval Air Station,"Mountain View, California, US",18.0,13.0,-9999.0,-9999.0,-9999.0,0.0,0,0,-9999.0,75.0,64.4,72.6
20240810-1700,Mountain View Moffett Field Naval Air Station,"Mountain View, California, US",18.0,14.0,-9999.0,-9999.0,-9999.0,0.0,0,0,-9999.0,80.0,64.4,77.4
20240810-1800,Mountain View Moffett Field Naval Air Station,"Mountain View, California, US",21.0,14.0,-9999.0,-9999.0,-9999.0,11.16,20,0,-9999.0,65.0,69.8,64.3
20240810-1900,Mountain View Moffett Field Naval Air Station,"Mountain View, California, US",22.0,14.0,-9999.0,-9999.0,-9999.0,9.360000000000001,-9999,0,-9999.0,60.0,71.6,60.4
20240810-2000,Mountain View Moffett Field Naval Air Station,"Mountain View, California, US",23.0,15.0,-9999.0,-9999.0,-9999.0,11.16,350,0,-9999.0,60.0,73.4,60.7
20240810-2100,Mountain View Moffett Field Naval Air Station,"Mountain View, California, US",23.0,15.0,-9999.0,-9999.0,-9999.0,14.76,340,0,-9999.0,60.0,73.4,60.7
20240810-2200,Mountain View Moffett Field Naval Air Station,"Mountain View, California, US",22.0,14.0,-9999.0,-9999.0,-9999.0,20.520000000000003,340,0,-9999.0,60.0,71.6,60.4
20240810-2300,Mountain View Moffett Field Naval Air Station,"Mountain View, California, US",22.0,14.0,-9999.0,-9999.0,-9999.0,18.36,340,0,-9999.0,60.0,71.6,60.4
20240811-0000,Mountain View Moffett Field Naval Air Station,"Mountain View, California, US",22.0,14.0,-9999.0,-9999.0,-9999.0,22.32,340,0,-9999.0,60.0,71.6,60.4
20240811-0100,Mountain View Moffett Field Naval Air Station,"Mountain View, California, US",21.0,15.0,-9999.0,-9999.0,-9999.0,20.520000000000003,350,0,-9999.0,70.0,69.8,68.6
20240811-0200,Mountain View Moffett Field Naval Air Station,"Mountain View, California, US",20.0,14.0,-9999.0,-9999.0,-9999.0,14.76,340,0,-9999.0,70.0,68.0,68.4
20240811-0300,Mountain View Moffett Field Naval Air Station,"Mountain View, California, US",20.0,14.0,-9999.0,-9999.0,-9999.0,14.76,340,0,-9999.0,70.0,68.0,68.4
20240811-0400,Mountain View Moffett Field Naval Air Station,"Mountain View, California, US",19.0,14.0,-9999.0,-9999.0,-9999.0,12.959999999999999,340,0,-9999.0,75.0,66.2,72.7
20240811-0500,Mountain View Moffett Field Naval Air Station,"Mountain View, California, US",18.0,14.0,-9999.0,-9999.0,-9999.0,11.16,340,0,-9999.0,80.0,64.4,77.4
20240811-0600,Mountain View Moffett Field Naval Air Station,"Mountain View, California, US",18.0,14.0,-9999.0,-9999.0,-9999.0,7.5600000000000005,330,0,-9999.0,80.0,64.4,77.4
20240811-0700,Mountain View Moffett Field Naval Air Station,"Mountain View, California, US",17.0,14.0,-9999.0,-9999.0,-9999.0,0.0,0,0,-9999.0,85.0,62.6,82.5
20240811-0800,Mountain View Moffett Field Naval Air Station,"Mountain View, California, US",17.0,14.0,-9999.0,-9999.0,-9999.0,9.360000000000001,340,0,-9999.0,85.0,62.6,82.5
20240811-0900,Mountain View Moffett Field Naval Air Station,"Mountain View, California, US",16.0,14.0,-9999.0,-9999.0,-9999.0,7.5600000000000005,360,0,-9999.0,90.0,60.8,87.9
20240811-1000,Mountain View Moffett Field Naval Air Station,"Mountain View, California, US",16.0,14.0,-9999.0,-9999.0,-9999.0,12.959999999999999,350,0,-9999.0,90.0,60.8,87.9
20240811-1100,Mountain View Moffett Field Naval Air Station,"Mountain View, California, US",16.0,14.0,-9999.0,-9999.0,-9999.0,5.4,330,-9999,-9999.0,90.0,60.8,87.9
20240811-1200,Mountain View Moffett Field Naval Air Station,"Mountain View, California, US",16.0,14.0,-9999.0,-9999.0,-9999.0,9.360000000000001,350,-9999,-9999.0,90.0,60.8,87.9
20240811-1300,Mountain View Moffett Field Naval Air Station,"Mountain View, California, US",16.0,13.0,-9999.0,-9999.0,-9999.0,5.4,320,-9999,-9999.0,85.0,60.8,82.4
20240811-1400,Mountain View Moffett Field Naval Air Station,"Mountain View, California, US",15.0,13.0,-9999.0,-9999.0,-9999.0,0.0,0,-9999,-9999.0,90.0,59.0,87.8
20240811-1500,Mountain View Moffett Field Naval Air Station,"Mountain View, California, US",15.0,13.0,-9999.0,-9999.0,-9999.0,7.5600000000000005,30,-9999,-9999.0,90.0,59.0,87.8
20240811-1600,Mountain View Moffett Field Naval Air Station,"Mountain View, California, US",16.0,13.0,-9999.0,-9999.0,-9999.0,11.16,350,-9999,-9999.0,85.0,60.8,82.4
20240811-1700,Mountain View Moffett Field Naval Air Station,"Mountain View, California, US",17.0,13.0,-9999.0,-9999.0,-9999.0,0.0,0,-9999,-9999.0,80.0,62.6,77.3
20240811-1800,Mountain View Moffett Field Naval Air Station,"Mountain View, California, US",18.0,14.0,-9999.0,-9999.0,-9999.0,9.360000000000001,-9999,0,-9999.0,80.0,64.4,77.4
20240811-1900,Mountain View Moffett Field Naval Air Station,"Mountain View, California, US",20.0,14.0,-9999.0,-9999.0,-9999.0,7.5600000000000005,-9999,0,-9999.0,70.0,68.0,68.4
20240811-2000,Mountain View Moffett Field Naval Air Station,"Mountain View, California, US",21.0,14.0,-9999.0,-9999.0,-9999.0,18.36,350,0,-9999.0,65.0,69.8,64.3
20240811-2100,Mountain View Moffett Field Naval Air Station,"Mountain View, California, US",20.0,14.0,-9999.0,-9999.0,-9999.0,24.12,340,-9999,-9999.0,70.0,68.0,68.4
20240811-2200,Mountain View Moffett Field Naval Air Station,"Mountain View, California, US",20.0,14.0,-9999.0,-9999.0,-9999.0,20.520000000000003,340,-9999,-9999.0,70.0,68.0,68.4
20240811-2300,Mountain View Moffett Field Naval Air Station,"Mountain View, California, US",20.0,14.0,-9999.0,-9999.0,-9999.0,16.56,340,-9999,-9999.0,70.0,68.0,68.4
20240812-0000,Mountain View Moffett Field Naval Air Station,"Mountain View, California, US",20.0,14.0,-9999.0,-9999.0,-9999.0,24.12,330,-9999,-9999.0,70.0,68.0,68.4
20240812-0200,Mountain View Moffett Field Naval Air Station,"Mountain View, California, US",18.0,14.0,-9999.0,-9999.0,-9999.0,24.12,330,-9999,-9999.0,80.0,64.4,77.4
20240812-0300,Mountain View Moffett Field Naval Air Station,"Mountain View, California, US",17.0,14.0,-9999.0,-9999.0,-9999.0,24.12,360,-9999,-9999.0,85.0,62.6,82.5
20240812-0400,Mountain View Moffett Field Naval Air Station,"Mountain View, California, US",16.0,14.0,-9999.0,-9999.0,-9999.0,14.76,360,25,-9999.0,90.0,60.8,87.9
20240812-0600,Mountain View Moffett Field Naval Air Station,"Mountain View, California, US",15.0,13.0,-9999.0,-9999.0,-9999.0,11.16,20,-9999,-9999.0,90.0,59.0,87.8
20240812-0700,Mountain View Moffett Field Naval Air Station,"Mountain View, California, US",15.0,13.0,-9999.0,-9999.0,-9999.0,9.360000000000001,20,-9999,-9999.0,90.0,59.0,87.8
20240812-0800,Mountain View Moffett Field Naval Air Station,"Mountain View, California, US",15.0,13.0,-9999.0,-9999.0,-9999.0,11.16,20,-9999,-9999.0,90.0,59.0,87.8
20240812-0900,Mountain View Moffett Field Naval Air Station,"Mountain View, California, US",15.0,13.0,-9999.0,-9999.0,-9999.0,12.959999999999999,30,-9999,-9999.0,90.0,59.0,87.8
20240812-1000,Mountain View Moffett Field Naval Air Station,"Mountain View, California, US",15.0,13.0,-9999.0,-9999.0,-9999.0,9.360000000000001,50,-9999,-9999.0,90.0,59.0,87.8
20240812-1100,Mountain View Moffett Field Naval Air Station,"Mountain View, California, US",15.0,13.0,-9999.0,-9999.0,-9999.0,0.0,0,-9999,-9999.0,90.0,59.0,87.8
20240812-1200,Mountain View Moffett Field Naval Air Station,"Mountain View, California, US",15.0,13.0,-9999.0,-9999.0,-9999.0,0.0,0,-9999,-9999.0,90.0,59.0,87.8
20240812-1500,Mountain View Moffett Field Naval Air Station,"Mountain View, California, US",17.0,13.0,-9999.0,-9999.0,-9999.0,0.0,0,-9999,-9999.0,80.0,62.6,77.3
20240812-1600,Mountain View Moffett Field Naval Air Station,"Mountain View, California, US",18.0,13.0,-9999.0,-9999.0,-9999.0,0.0,0,-9999,-9999.0,75.0,64.4,72.6
20240812-1700,Mountain View Moffett Field Naval Air Station,"Mountain View, California, US",19.0,14.0,-9999.0,-9999.0,-9999.0,11.16,360,-9999,-9999.0,75.0,66.2,72.7
20240812-1900,Mountain View Moffett Field Naval Air Station,"Mountain View, California, US",20.0,14.0,-9999.0,-9999.0,-9999.0,14.76,340,-9999,-9999.0,70.0,68.0,68.4
20240812-2100,Mountain View Moffett Field Naval Air Station,"Mountain View, California, US",21.0,14.0,-9999.0,-9999.0,-9999.0,18.36,350,-9999,-9999.0,65.0,69.8,64.3
20240812-2200,Mountain View Moffett Field Naval Air Station,"Mountain View, California, US",22.0,14.0,-9999.0,-9999.0,-9999.0,24.12,340,0,-9999.0,60.0,71.6,60.4
20240812-2300,Mountain View Moffett Field Naval Air Station,"Mountain View, California, US",22.0,13.0,-9999.0,-9999.0,-9999.0,33.480000000000004,350,0,-9999.0,55.0,71.6,56.6
20240813-0000,Mountain View Moffett Field Naval Air Station,"Mountain View, California, US",21.0,13.0,-9999.0,-9999.0,-9999.0,29.52,360,0,-9999.0,60.0,69.8,60.2
20240813-0100,Mountain View Moffett Field Naval Air Station,"Mountain View, California, US",21.0,13.0,-9999.0,-9999.0,-9999.0,25.919999999999998,10,0,-9999.0,60.0,69.8,60.2
20240813-0200,Mountain View Moffett Field Naval Air Station,"Mountain View, California, US",20.0,11.0,-9999.0,-9999.0,-9999.0,20.520000000000003,350,0,-9999.0,55.0,68.0,56.1
20240813-0400,Mountain View Moffett Field Naval Air Station,"Mountain View, California, US",18.0,11.0,-9999.0,-9999.0,-9999.0,20.520000000000003,340,0,-9999.0,65.0,64.4,63.6
20240813-0500,Mountain View Moffett Field Naval Air Station,"Mountain View, California, US",17.0,10.0,-9999.0,-9999.0,-9999.0,9.360000000000001,350,0,-9999.0,65.0,62.6,63.4
20240813-0600,Mountain View Moffett Field Naval Air Station,"Mountain View, California, US",16.0,10.0,-9999.0,-9999.0,-9999.0,12.959999999999999,30,0,-9999.0,70.0,60.8,67.5
20240813-0700,Mountain View Moffett Field Naval Air Station,"Mountain View, California, US",16.0,11.0,-9999.0,-9999.0,-9999.0,0.0,0,0,-9999.0,75.0,60.8,72.2
20240813-0800,Mountain View Moffett Field Naval Air Station,"Mountain View, California, US",15.0,11.0,-9999.0,-9999.0,-9999.0,0.0,0,0,-9999.0,80.0,59.0,77.0
20240813-0900,Mountain View Moffett Field Naval Air Station,"Mountain View, California, US",15.0,11.0,-9999.0,-9999.0,-9999.0,7.5600000000000005,50,0,-9999.0,80.0,59.0,77.0
20240813-1000,Mountain View Moffett Field Naval Air Station,"Mountain View, California, US",15.0,11.0,-9999.0,-9999.0,-9999.0,0.0,0,0,-9999.0,80.0,59.0,77.0
20240813-1100,Mountain View Moffett Field Naval Air Station,"Mountain View, California, US",15.0,12.0,-9999.0,-9999.0,-9999.0,0.0,0,0,-9999.0,85.0,59.0,82.2
20240813-1200,Mountain View Moffett Field Naval Air Station,"Mountain View, California, US",15.0,12.0,-9999.0,-9999.0,-9999.0,0.0,0,0,-9999.0,85.0,59.0,82.2
20240813-1300,Mountain View Moffett Field Naval Air Station,"Mountain View, California, US",14.0,10.0,-9999.0,-9999.0,-9999.0,0.0,0,0,-9999.0,80.0,57.2,76.8
20240813-1500,Mountain View Moffett Field Naval Air Station,"Mountain View, California, US",17.0,11.0,-9999.0,-9999.0,-9999.0,0.0,0,0,-9999.0,70.0,62.6,67.7
20240813-1600,Mountain View Moffett Field Naval Air Station,"Mountain View, California, US",18.0,13.0,-9999.0,-9999.0,-9999.0,0.0,0,0,-9999.0,75.0,64.4,72.6
20240813-1700,Mountain View Moffett Field Naval Air Station,"Mountain View, California, US",20.0,12.0,-9999.0,-9999.0,-9999.0,7.5600000000000005,360,0,-9999.0,60.0,68.0,60.0
20240813-1800,Mountain View Moffett Field Naval Air Station,"Mountain View, California, US",21.0,11.0,-9999.0,-9999.0,-9999.0,11.16,30,0,-9999.0,50.0,69.8,52.8
20240813-1900,Mountain View Moffett Field Naval Air Station,"Mountain View, California, US",21.0,12.0,-9999.0,-9999.0,-9999.0,14.76,340,0,-9999.0,55.0,69.8,56.4
20240813-2000,Mountain View Moffett Field Naval Air Station,"Mountain View, California, US",21.0,12.0,-9999.0,-9999.0,-9999.0,20.520000000000003,340,0,-9999.0,55.0,69.8,56.4
20240813-2100,Mountain View Moffett Field Naval Air Station,"Mountain View, California, US",23.0,11.0,-9999.0,-9999.0,-9999.0,16.56,330,0,-9999.0,40.0,73.4,46.7
20240813-2200,Mountain View Moffett Field Naval Air Station,"Mountain View, California, US",22.0,12.0,-9999.0,-9999.0,-9999.0,18.36,350,0,-9999.0,50.0,71.6,53.0
20240813-2300,Mountain View Moffett Field Naval Air Station,"Mountain View, California, US",23.0,12.0,-9999.0,-9999.0,-9999.0,24.12,350,0,-9999.0,45.0,73.4,49.9
20240814-0000,Mountain View Moffett Field Naval Air Station,"Mountain View, California, US",23.0,13.0,-9999.0,-9999.0,-9999.0,24.12,350,0,-9999.0,50.0,73.4,53.3
20240814-0100,Mountain View Moffett Field Naval Air Station,"Mountain View, California, US",22.0,14.0,-9999.0,-9999.0,-9999.0,18.36,340,0,-9999.0,60.0,71.6,60.4
20240814-0200,Mountain View Moffett Field Naval Air Station,"Mountain View, California, US",21.0,14.0,-9999.0,-9999.0,-9999.0,20.520000000000003,350,0,-9999.0,65.0,69.8,64.3
20240814-0300,Mountain View Moffett Field Naval Air Station,"Mountain View, California, US",20.0,14.0,-9999.0,-9999.0,-9999.0,14.76,340,0,-9999.0,70.0,68.0,68.4
20240814-0400,Mountain View Moffett Field Naval Air Station,"Mountain View, California, US",19.0,15.0,-9999.0,-9999.0,-9999.0,9.360000000000001,30,0,-9999.0,80.0,66.2,77.6
20240814-0500,Mountain View Moffett Field Naval Air Station,"Mountain View, California, US",18.0,14.0,-9999.0,-9999.0,-9999.0,7.5600000000000005,30,0,-9999.0,80.0,64.4,77.4
20240814-0600,Mountain View Moffett Field Naval Air Station,"Mountain View, California, US",18.0,14.0,-9999.0,-9999.0,-9999.0,0.0,0,0,-9999.0,80.0,64.4,77.4
20240814-0700,Mountain View Moffett Field Naval Air Station,"Mountain View, California, US",18.0,14.0,-9999.0,-9999.0,-9999.0,0.0,0,0,-9999.0,80.0,64.4,77.4
20240814-0800,Mountain View Moffett Field Naval Air Station,"Mountain View, California, US",17.0,14.0,-9999.0,-9999.0,-9999.0,0.0,0,0,-9999.0,85.0,62.6,82.5
20240814-0900,Mountain View Moffett Field Naval Air Station,"Mountain View, California, US",17.0,14.0,-9999.0,-9999.0,-9999.0,0.0,0,0,-9999.0,85.0,62.6,82.5
20240814-1000,Mountain View Moffett Field Naval Air Station,"Mountain View, California, US",17.0,14.0,-9999.0,-9999.0,-9999.0,0.0,0,0,-9999.0,85.0,62.6,82.5
20240814-1100,Mountain View Moffett Field Naval Air Station,"Mountain View, California, US",16.0,13.0,-9999.0,-9999.0,-9999.0,5.4,360,0,-9999.0,85.0,60.8,82.4
20240814-1200,Mountain View Moffett Field Naval Air Station,"Mountain View, California, US",16.0,14.0,-9999.0,-9999.0,-9999.0,7.5600000000000005,350,0,-9999.0,90.0,60.8,87.9
20240814-1300,Mountain View Moffett Field Naval Air Station,"Mountain View, California, US",15.0,14.0,-9999.0,-9999.0,-9999.0,9.360000000000001,10,0,-9999.0,95.0,59.0,93.7
20240814-1400,Mountain View Moffett Field Naval Air Station,"Mountain View, California, US",15.0,14.0,-9999.0,-9999.0,-9999.0,7.5600000000000005,340,-9999,-9999.0,95.0,59.0,93.7
20240814-1500,Mountain View Moffett Field Naval Air Station,"Mountain View, California, US",16.0,14.0,-9999.0,-9999.0,-9999.0,7.5600000000000005,40,-9999,-9999.0,90.0,60.8,87.9
20240814-1600,Mountain View Moffett Field Naval Air Station,"Mountain View, California, US",18.0,14.0,-9999.0,-9999.0,-9999.0,5.4,350,0,-9999.0,80.0,64.4,77.4
20240814-1700,Mountain View Moffett Field Naval Air Station,"Mountain View, California, US",20.0,14.0,-9999.0,-9999.0,-9999.0,0.0,0,0,-9999.0,70.0,68.0,68.4
20240814-1800,Mountain View Moffett Field Naval Air Station,"Mountain View, California, US",20.0,15.0,-9999.0,-9999.0,-9999.0,11.16,350,0,-9999.0,75.0,68.0,72.9
20240814-1900,Mountain View Moffett Field Naval Air Station,"Mountain View, California, US",22.0,15.0,-9999.0,-9999.0,-9999.0,12.959999999999999,350,0,-9999.0,65.0,71.6,64.5
20240814-2000,Mountain View Moffett Field Naval Air Station,"Mountain View, California, US",23.0,14.0,-9999.0,-9999.0,-9999.0,14.76,360,0,-9999.0,55.0,73.4,56.9
20240814-2100,Mountain View Moffett Field Naval Air Station,"Mountain View, California, US",23.0,14.0,-9999.0,-9999.0,-9999.0,16.56,350,0,-9999.0,55.0,73.4,56.9
20240814-2200,Mountain View Moffett Field Naval Air Station,"Mountain View, California, US",23.0,14.0,-9999.0,-9999.0,-9999.0,18.36,340,0,-9999.0,55.0,73.4,56.9
20240814-2300,Mountain View Moffett Field Naval Air Station,"Mountain View, California, US",22.0,14.0,-9999.0,-9999.0,-9999.0,27.72,350,0,-9999.0,60.0,71.6,60.4
20240815-0000,Mountain View Moffett Field Naval Air Station,"Mountain View, California, US",24.0,15.0,-9999.0,-9999.0,-9999.0,31.68,350,0,-9999.0,55.0,75.2,57.1
20240815-0100,Mountain View Moffett Field Naval Air Station,"Mountain View, California, US",23.0,15.0,-9999.0,-9999.0,-9999.0,27.72,350,0,-9999.0,60.0,73.4,60.7
20240815-0200,Mountain View Moffett Field Naval Air Station,"Mountain View, California, US",24.0,11.0,-9999.0,-9999.0,-9999.0,22.32,350,0,-9999.0,35.0,75.2,44.0
20240815-0300,Mountain View Moffett Field Naval Air Station,"Mountain View, California, US",22.0,12.0,-9999.0,-9999.0,-9999.0,20.520000000000003,340,0,-9999.0,50.0,71.6,53.0
20240815-0400,Mountain View Moffett Field Naval Air Station,"Mountain View, California, US",21.0,11.0,-9999.0,-9999.0,-9999.0,18.36,340,0,-9999.0,50.0,69.8,52.8
20240815-0500,Mountain View Moffett Field Naval Air Station,"Mountain View, California, US",20.0,12.0,-9999.0,-9999.0,-9999.0,11.16,350,0,-9999.0,60.0,68.0,60.0
20240815-0600,Mountain View Moffett Field Naval Air Station,"Mountain View, California, US",18.0,14.0,-9999.0,-9999.0,-9999.0,9.360000000000001,40,0,-9999.0,80.0,64.4,77.4
20240815-0700,Mountain View Moffett Field Naval Air Station,"Mountain View, California, US",17.0,14.0,-9999.0,-9999.0,-9999.0,12.959999999999999,20,0,-9999.0,85.0,62.6,82.5
20240815-0800,Mountain View Moffett Field Naval Air Station,"Mountain View, California, US",17.0,14.0,-9999.0,-9999.0,-9999.0,9.360000000000001,80,0,-9999.0,85.0,62.6,82.5
20240815-0900,Mountain View Moffett Field Naval Air Station,"Mountain View, California, US",16.0,14.0,-9999.0,-9999.0,-9999.0,0.0,0,0,-9999.0,90.0,60.8,87.9
20240815-1000,Mountain View Moffett Field Naval Air Station,"Mountain View, California, US",16.0,13.0,-9999.0,-9999.0,-9999.0,0.0,0,0,-9999.0,85.0,60.8,82.4
20240815-1100,Mountain View Moffett Field Naval Air Station,"Mountain View, California, US",16.0,14.0,-9999.0,-9999.0,-9999.0,0.0,0,0,-9999.0,90.0,60.8,87.9
20240815-1200,Mountain View Moffett Field Naval Air Station,"Mountain View, California, US",15.0,14.0,-9999.0,-9999.0,-9999.0,7.5600000000000005,20,0,-9999.0,95.0,59.0,93.7
20240815-1300,Mountain View Moffett Field Naval Air Station,"Mountain View, California, US",15.0,14.0,-9999.0,-9999.0,-9999.0,0.0,0,0,-9999.0,95.0,59.0,93.7
20240815-1400,Mountain View Moffett Field Naval Air Station,"Mountain View, California, US",15.0,14.0,-9999.0,-9999.0,-9999.0,0.0,0,0,-9999.0,95.0,59.0,93.7
20240815-1500,Mountain View Moffett Field Naval Air Station,"Mountain View, California, US",16.0,14.0,-9999.0,-9999.0,-9999.0,0.0,0,0,-9999.0,90.0,60.8,87.9
20240815-1600,Mountain View Moffett Field Naval Air Station,"Mountain View, California, US",17.0,14.0,-9999.0,-9999.0,-9999.0,5.4,20,0,-9999.0,85.0,62.6,82.5
20240815-1700,Mountain View Moffett Field Naval Air Station,"Mountain View, California, US",18.0,14.0,-9999.0,-9999.0,-9999.0,12.959999999999999,10,0,-9999.0,80.0,64.4,77.4
20240815-1800,Mountain View Moffett Field Naval Air Station,"Mountain View, California, US",19.0,14.0,-9999.0,-9999.0,-9999.0,9.360000000000001,-9999,0,-9999.0,75.0,66.2,72.7
20240815-1900,Mountain View Moffett Field Naval Air Station,"Mountain View, California, US",21.0,14.0,-9999.0,-9999.0,-9999.0,9.360000000000001,-9999,0,-9999.0,65.0,69.8,64.3
20240815-2000,Mountain View Moffett Field Naval Air Station,"Mountain View, California, US",22.0,14.0,-9999.0,-9999.0,-9999.0,16.56,350,0,-9999.0,60.0,71.6,60.4
20240815-2100,Mountain View Moffett Field Naval Air Station,"Mountain View, California, US",23.0,14.0,-9999.0,-9999.0,-9999.0,18.36,340,0,-9999.0,55.0,73.4,56.9
20240815-2200,Mountain View Moffett Field Naval Air Station,"Mountain View, California, US",24.0,15.0,-9999.0,-9999.0,-9999.0,27.72,350,0,-9999.0,55.0,75.2,57.1
20240815-2300,Mountain View Moffett Field Naval Air Station,"Mountain View, California, US",24.0,14.0,-9999.0,-9999.0,-9999.0,31.68,340,0,-9999.0,50.0,75.2,53.5
20240816-0000,Mountain View Moffett Field Naval Air Station,"Mountain View, California, US",26.0,12.0,-9999.0,-9999.0,-9999.0,25.919999999999998,340,-9999,-9999.0,30.0,78.8,41.7
20240816-0100,Mountain View Moffett Field Naval Air Station,"Mountain View, California, US",25.0,11.0,-9999.0,-9999.0,-9999.0,20.520000000000003,310,0,-9999.0,30.0,77.0,41.4
20240816-0200,Mountain View Moffett Field Naval Air Station,"Mountain View, California, US",23.0,14.0,-9999.0,-9999.0,-9999.0,18.36,340,0,-9999.0,55.0,73.4,56.9
20240816-0300,Mountain View Moffett Field Naval Air Station,"Mountain View, California, US",21.0,14.0,-9999.0,-9999.0,-9999.0,16.56,340,0,-9999.0,65.0,69.8,64.3
20240816-0400,Mountain View Moffett Field Naval Air Station,"Mountain View, California, US",20.0,12.0,-9999.0,-9999.0,-9999.0,16.56,340,0,-9999.0,60.0,68.0,60.0
20240816-0500,Mountain View Moffett Field Naval Air Station,"Mountain View, California, US",19.0,12.0,-9999.0,-9999.0,-9999.0,14.76,340,0,-9999.0,65.0,66.2,63.8
20240816-0600,Mountain View Moffett Field Naval Air Station,"Mountain View, California, US",18.0,12.0,-9999.0,-9999.0,-9999.0,7.5600000000000005,330,0,-9999.0,70.0,64.4,68.0
20240816-0700,Mountain View Moffett Field Naval Air Station,"Mountain View, California, US",17.0,13.0,-9999.0,-9999.0,-9999.0,7.5600000000000005,80,0,-9999.0,80.0,62.6,77.3
20240816-0800,Mountain View Moffett Field Naval Air Station,"Mountain View, California, US",16.0,13.0,-9999.0,-9999.0,-9999.0,7.5600000000000005,40,0,-9999.0,85.0,60.8,82.4
20240816-0900,Mountain View Moffett Field Naval Air Station,"Mountain View, California, US",16.0,13.0,-9999.0,-9999.0,-9999.0,0.0,0,0,-9999.0,85.0,60.8,82.4
20240816-1000,Mountain View Moffett Field Naval Air Station,"Mountain View, California, US",16.0,13.0,-9999.0,-9999.0,-9999.0,5.4,50,0,-9999.0,85.0,60.8,82.4
20240816-1100,Mountain View Moffett Field Naval Air Station,"Mountain View, California, US",15.0,13.0,-9999.0,-9999.0,-9999.0,5.4,80,0,-9999.0,90.0,59.0,87.8
20240816-1200,Mountain View Moffett Field Naval Air Station,"Mountain View, California, US",15.0,13.0,-9999.0,-9999.0,-9999.0,5.4,130,0,-9999.0,90.0,59.0,87.8
20240816-1300,Mountain View Moffett Field Naval Air Station,"Mountain View, California, US",15.0,13.0,-9999.0,-9999.0,-9999.0,0.0,0,0,-9999.0,90.0,59.0,87.8
20240816-1400,Mountain View Moffett Field Naval Air Station,"Mountain View, California, US",15.0,13.0,-9999.0,-9999.0,-9999.0,0.0,0,0,-9999.0,90.0,59.0,87.8
20240816-1500,Mountain View Moffett Field Naval Air Station,"Mountain View, California, US",18.0,13.0,-9999.0,-9999.0,-9999.0,0.0,0,0,-9999.0,75.0,64.4,72.6
20240816-1600,Mountain View Moffett Field Naval Air Station,"Mountain View, California, US",19.0,13.0,-9999.0,-9999.0,-9999.0,0.0,0,0,-9999.0,70.0,66.2,68.2
20240816-1700,Mountain View Moffett Field Naval Air Station,"Mountain View, California, US",21.0,13.0,-9999.0,-9999.0,-9999.0,0.0,0,0,-9999.0,60.0,69.8,60.2
20240816-1800,Mountain View Moffett Field Naval Air Station,"Mountain View, California, US",22.0,14.0,-9999.0,-9999.0,-9999.0,9.360000000000001,330,0,-9999.0,60.0,71.6,60.4
20240816-1900,Mountain View Moffett Field Naval Air Station,"Mountain View, California, US",23.0,13.0,-9999.0,-9999.0,-9999.0,9.360000000000001,360,0,-9999.0,50.0,73.4,53.3
20240816-2000,Mountain View Moffett Field Naval Air Station,"Mountain View, California, US",23.0,15.0,-9999.0,-9999.0,-9999.0,16.56,350,0,-9999.0,60.0,73.4,60.7
20240816-2100,Mountain View Moffett Field Naval Air Station,"Mountain View, California, US",23.0,15.0,-9999.0,-9999.0,-9999.0,24.12,350,0,-9999.0,60.0,73.4,60.7
20240816-2200,Mountain View Moffett Field Naval Air Station,"Mountain View, California, US",25.0,15.0,-9999.0,-9999.0,-9999.0,25.919999999999998,340,0,-9999.0,50.0,77.0,53.8
20240816-2300,Mountain View Moffett Field Naval Air Station,"Mountain View, California, US",24.0,14.0,-9999.0,-9999.0,-9999.0,31.68,350,0,-9999.0,50.0,75.2,53.5
20240817-0000,Mountain View Moffett Field Naval Air Station,"Mountain View, California, US",24.0,14.0,-9999.0,-9999.0,-9999.0,27.72,340,0,-9999.0,50.0,75.2,53.5
20240817-0100,Mountain View Moffett Field Naval Air Station,"Mountain View, California, US",25.0,10.0,-9999.0,-9999.0,-9999.0,22.32,330,0,-9999.0,25.0,77.0,38.7
20240817-0200,Mountain View Moffett Field Naval Air Station,"Mountain View, California, US",24.0,10.0,-9999.0,-9999.0,-9999.0,14.76,320,0,-9999.0,30.0,75.2,41.1
20240817-0300,Mountain View Moffett Field Naval Air Station,"Mountain View, California, US",22.0,12.0,-9999.0,-9999.0,-9999.0,16.56,330,0,-9999.0,50.0,71.6,53.0
20240817-0400,Mountain View Moffett Field Naval Air Station,"Mountain View, California, US",21.0,13.0,-9999.0,-9999.0,-9999.0,11.16,330,0,-9999.0,60.0,69.8,60.2
20240817-0500,Mountain View Moffett Field Naval Air Station,"Mountain View, California, US",20.0,13.0,-9999.0,-9999.0,-9999.0,11.16,350,0,-9999.0,65.0,68.0,64.0
20240817-0600,Mountain View Moffett Field Naval Air Station,"Mountain View, California, US",20.0,13.0,-9999.0,-9999.0,-9999.0,7.5600000000000005,320,0,-9999.0,65.0,68.0,64.0
20240817-0700,Mountain View Moffett Field Naval Air Station,"Mountain View, California, US",19.0,14.0,-9999.0,-9999.0,-9999.0,9.360000000000001,320,0,-9999.0,75.0,66.2,72.7
20240817-0800,Mountain View Moffett Field Naval Air Station,"Mountain View, California, US",18.0,14.0,-9999.0,-9999.0,-9999.0,0.0,0,0,-9999.0,80.0,64.4,77.4
20240817-0900,Mountain View Moffett Field Naval Air Station,"Mountain View, California, US",18.0,13.0,-9999.0,-9999.0,-9999.0,0.0,0,0,-9999.0,75.0,64.4,72.6
20240817-1000,Mountain View Moffett Field Naval Air Station,"Mountain View, California, US",18.0,14.0,-9999.0,-9999.0,-9999.0,0.0,0,0,-9999.0,80.0,64.4,77.4
20240817-1100,Mountain View Moffett Field Naval Air Station,"Mountain View, California, US",17.0,14.0,-9999.0,-9999.0,-9999.0,0.0,0,0,-9999.0,85.0,62.6,82.5
20240817-1200,Mountain View Moffett Field Naval Air Station,"Mountain View, California, US",17.0,13.0,-9999.0,-9999.0,-9999.0,5.4,270,0,-9999.0,80.0,62.6,77.3
20240817-1300,Mountain View Moffett Field Naval Air Station,"Mountain View, California, US",17.0,13.0,-9999.0,-9999.0,-9999.0,7.5600000000000005,220,-9999,-9999.0,80.0,62.6,77.3
20240817-1400,Mountain View Moffett Field Naval Air Station,"Mountain View, California, US",17.0,13.0,-9999.0,-9999.0,-9999.0,7.5600000000000005,140,50,-9999.0,80.0,62.6,77.3
20240817-1500,Mountain View Moffett Field Naval Air Station,"Mountain View, California, US",18.0,14.0,-9999.0,-9999.0,-9999.0,0.0,0,-9999,-9999.0,80.0,64.4,77.4
20240817-1600,Mountain View Moffett Field Naval Air Station,"Mountain View, California, US",20.0,15.0,-9999.0,-9999.0,-9999.0,5.4,30,-9999,-9999.0,75.0,68.0,72.9
20240817-1700,Mountain View Moffett Field Naval Air Station,"Mountain View, California, US",21.0,15.0,-9999.0,-9999.0,-9999.0,5.4,-9999,50,-9999.0,70.0,69.8,68.6
20240817-1800,Mountain View Moffett Field Naval Air Station,"Mountain View, California, US",22.0,15.0,-9999.0,-9999.0,-9999.0,11.16,-9999,-9999,-9999.0,65.0,71.6,64.5
20240817-1900,Mountain View Moffett Field Naval Air Station,"Mountain View, California, US",24.0,16.0,-9999.0,-9999.0,-9999.0,7.5600000000000005,30,50,-9999.0,60.0,75.2,60.9
20240817-2000,Mountain View Moffett Field Naval Air Station,"Mountain View, California, US",26.0,16.0,-9999.0,-9999.0,-9999.0,20.520000000000003,280,25,-9999.0,50.0,78.8,54.1
20240817-2100,Mountain View Moffett Field Naval Air Station,"Mountain View, California, US",26.0,16.0,-9999.0,-9999.0,-9999.0,12.959999999999999,280,0,-9999.0,50.0,78.8,54.1
20240817-2200,Mountain View Moffett Field Naval Air Station,"Mountain View, California, US",27.0,16.0,-9999.0,-9999.0,-9999.0,18.36,290,0,-9999.0,45.0,80.6,51.0
20240817-2300,Mountain View Moffett Field Naval Air Station,"Mountain View, California, US",26.0,16.0,-9999.0,-9999.0,-9999.0,20.520000000000003,270,0,-9999.0,50.0,78.8,54.1
20240818-0000,Mountain View Moffett Field Naval Air Station,"Mountain View, California, US",26.0,17.0,-9999.0,-9999.0,-9999.0,18.36,310,0,-9999.0,55.0,78.8,57.6
20240818-0100,Mountain View Moffett Field Naval Air Station,"Mountain View, California, US",24.0,17.0,-9999.0,-9999.0,-9999.0,12.959999999999999,310,25,-9999.0,65.0,75.2,64.9
20240818-0200,Mountain View Moffett Field Naval Air Station,"Mountain View, California, US",23.0,16.0,-9999.0,-9999.0,-9999.0,14.76,280,50,-9999.0,65.0,73.4,64.7
20240818-0300,Mountain View Moffett Field Naval Air Station,"Mountain View, California, US",19.0,16.0,-9999.0,-9999.0,-9999.0,25.919999999999998,340,-9999,-9999.0,85.0,66.2,82.7
20240818-0400,Mountain View Moffett Field Naval Air Station,"Mountain View, California, US",19.0,16.0,-9999.0,-9999.0,-9999.0,16.56,340,-9999,-9999.0,85.0,66.2,82.7
20240818-0500,Mountain View Moffett Field Naval Air Station,"Mountain View, California, US",19.0,15.0,-9999.0,-9999.0,-9999.0,12.959999999999999,-9999,-9999,-9999.0,80.0,66.2,77.6
20240818-0600,Mountain View Moffett Field Naval Air Station,"Mountain View, California, US",18.0,14.0,-9999.0,-9999.0,-9999.0,9.360000000000001,330,-9999,-9999.0,80.0,64.4,77.4
20240818-0700,Mountain View Moffett Field Naval Air Station,"Mountain View, California, US",18.0,14.0,-9999.0,-9999.0,-9999.0,7.5600000000000005,280,0,-9999.0,80.0,64.4,77.4
20240818-0800,Mountain View Moffett Field Naval Air Station,"Mountain View, California, US",17.0,14.0,-9999.0,-9999.0,-9999.0,0.0,0,0,-9999.0,85.0,62.6,82.5
20240818-0900,Mountain View Moffett Field Naval Air Station,"Mountain View, California, US",17.0,14.0,-9999.0,-9999.0,-9999.0,0.0,0,-9999,-9999.0,85.0,62.6,82.5
20240818-1000,Mountain View Moffett Field Naval Air Station,"Mountain View, California, US",18.0,14.0,-9999.0,-9999.0,-9999.0,9.360000000000001,260,-9999,-9999.0,80.0,64.4,77.4
20240818-1100,Mountain View Moffett Field Naval Air Station,"Mountain View, California, US",18.0,14.0,-9999.0,-9999.0,-9999.0,0.0,0,-9999,-9999.0,80.0,64.4,77.4
20240818-1200,Mountain View Moffett Field Naval Air Station,"Mountain View, California, US",17.0,14.0,-9999.0,-9999.0,-9999.0,9.360000000000001,280,-9999,-9999.0,85.0,62.6,82.5
20240818-1300,Mountain View Moffett Field Naval Air Station,"Mountain View, California, US",17.0,14.0,-9999.0,-9999.0,-9999.0,7.5600000000000005,250,0,-9999.0,85.0,62.6,82.5
20240818-1400,Mountain View Moffett Field Naval Air Station,"Mountain View, California, US",16.0,13.0,-9999.0,-9999.0,-9999.0,7.5600000000000005,240,0,-9999.0,85.0,60.8,82.4
20240818-1500,Mountain View Moffett Field Naval Air Station,"Mountain View, California, US",18.0,14.0,-9999.0,-9999.0,-9999.0,7.5600000000000005,270,0,-9999.0,80.0,64.4,77.4
20240818-1600,Mountain View Moffett Field Naval Air Station,"Mountain View, California, US",19.0,13.0,-9999.0,-9999.0,-9999.0,7.5600000000000005,-9999,-9999,-9999.0,70.0,66.2,68.2
20240818-1700,Mountain View Moffett Field Naval Air Station,"Mountain View, California, US",20.0,14.0,-9999.0,-9999.0,-9999.0,7.5600000000000005,60,25,-9999.0,70.0,68.0,68.4
20240818-1800,Mountain View Moffett Field Naval Air Station,"Mountain View, California, US",21.0,14.0,-9999.0,-9999.0,-9999.0,9.360000000000001,-9999,0,-9999.0,65.0,69.8,64.3
20240818-1900,Mountain View Moffett Field Naval Air Station,"Mountain View, California, US",21.0,15.0,-9999.0,-9999.0,-9999.0,12.959999999999999,350,0,-9999.0,70.0,69.8,68.6
20240818-2000,Mountain View Moffett Field Naval Air Station,"Mountain View, California, US",22.0,15.0,-9999.0,-9999.0,-9999.0,24.12,340,0,-9999.0,65.0,71.6,64.5
20240818-2100,Mountain View Moffett Field Naval Air Station,"Mountain View, California, US",22.0,14.0,-9999.0,-9999.0,-9999.0,31.68,340,0,-9999.0,60.0,71.6,60.4
20240818-2200,Mountain View Moffett Field Naval Air Station,"Mountain View, California, US",23.0,13.0,-9999.0,-9999.0,-9999.0,31.68,340,0,-9999.0,50.0,73.4,53.3
20240818-2300,Mountain View Moffett Field Naval Air Station,"Mountain View, California, US",23.0,13.0,-9999.0,-9999.0,-9999.0,27.72,340,0,-9999.0,50.0,73.4,53.3
20240819-0000,Mountain View Moffett Field Naval Air Station,"Mountain View, California, US",24.0,13.0,-9999.0,-9999.0,-9999.0,29.52,350,0,-9999.0,45.0,75.2,50.2
20240819-0100,Mountain View Moffett Field Naval Air Station,"Mountain View, California, US",24.0,11.0,-9999.0,-9999.0,-9999.0,25.919999999999998,340,0,-9999.0,35.0,75.2,44.0
20240819-0200,Mountain View Moffett Field Naval Air Station,"Mountain View, California, US",22.0,12.0,-9999.0,-9999.0,-9999.0,20.520000000000003,340,0,-9999.0,50.0,71.6,53.0
20240819-0300,Mountain View Moffett Field Naval Air Station,"Mountain View, California, US",20.0,12.0,-9999.0,-9999.0,-9999.0,16.56,320,0,-9999.0,60.0,68.0,60.0
20240819-0400,Mountain View Moffett Field Naval Air Station,"Mountain View, California, US",19.0,12.0,-9999.0,-9999.0,-9999.0,9.360000000000001,330,0,-9999.0,65.0,66.2,63.8
20240819-0500,Mountain View Moffett Field Naval Air Station,"Mountain View, California, US",18.0,11.0,-9999.0,-9999.0,-9999.0,9.360000000000001,310,0,-9999.0,65.0,64.4,63.6
20240819-0600,Mountain View Moffett Field Naval Air Station,"Mountain View, California, US",18.0,11.0,-9999.0,-9999.0,-9999.0,7.5600000000000005,300,0,-9999.0,65.0,64.4,63.6
20240819-0700,Mountain View Moffett Field Naval Air Station,"Mountain View, California, US",17.0,11.0,-9999.0,-9999.0,-9999.0,0.0,0,0,-9999.0,70.0,62.6,67.7
20240819-0800,Mountain View Moffett Field Naval Air Station,"Mountain View, California, US",16.0,11.0,-9999.0,-9999.0,-9999.0,0.0,0,0,-9999.0,75.0,60.8,72.2
20240819-0900,Mountain View Moffett Field Naval Air Station,"Mountain View, California, US",16.0,12.0,-9999.0,-9999.0,-9999.0,0.0,0,0,-9999.0,80.0,60.8,77.1
20240819-1000,Mountain View Moffett Field Naval Air Station,"Mountain View, California, US",16.0,12.0,-9999.0,-9999.0,-9999.0,0.0,0,0,-9999.0,80.0,60.8,77.1
20240819-1100,Mountain View Moffett Field Naval Air Station,"Mountain View, California, US",15.0,10.0,-9999.0,-9999.0,-9999.0,0.0,0,0,-9999.0,75.0,59.0,72.0
20240819-1200,Mountain View Moffett Field Naval Air Station,"Mountain View, California, US",15.0,11.0,-9999.0,-9999.0,-9999.0,0.0,0,0,-9999.0,80.0,59.0,77.0
20240819-1300,Mountain View Moffett Field Naval Air Station,"Mountain View, California, US",14.0,11.0,-9999.0,-9999.0,-9999.0,0.0,0,0,-9999.0,85.0,57.2,82.1
20240819-1400,Mountain View Moffett Field Naval Air Station,"Mountain View, California, US",15.0,12.0,-9999.0,-9999.0,-9999.0,0.0,0,0,-9999.0,85.0,59.0,82.2
20240819-1500,Mountain View Moffett Field Naval Air Station,"Mountain View, California, US",16.0,13.0,-9999.0,-9999.0,-9999.0,0.0,0,0,-9999.0,85.0,60.8,82.4
20240819-1600,Mountain View Moffett Field Naval Air Station,"Mountain View, California, US",18.0,13.0,-9999.0,-9999.0,-9999.0,0.0,0,0,-9999.0,75.0,64.4,72.6
20240819-1700,Mountain View Moffett Field Naval Air Station,"Mountain View, California, US",19.0,13.0,-9999.0,-9999.0,-9999.0,7.5600000000000005,20,0,-9999.0,70.0,66.2,68.2
20240819-1800,Mountain View Moffett Field Naval Air Station,"Mountain View, California, US",20.0,13.0,-9999.0,-9999.0,-9999.0,12.959999999999999,350,0,-9999.0,65.0,68.0,64.0
20240819-1900,Mountain View Moffett Field Naval Air Station,"Mountain View, California, US",20.0,14.0,-9999.0,-9999.0,-9999.0,14.76,340,0,-9999.0,70.0,68.0,68.4
20240819-2000,Mountain View Moffett Field Naval Air Station,"Mountain View, California, US",21.0,14.0,-9999.0,-9999.0,-9999.0,16.56,360,0,-9999.0,65.0,69.8,64.3
20240819-2100,Mountain View Moffett Field Naval Air Station,"Mountain View, California, US",23.0,13.0,-9999.0,-9999.0,-9999.0,24.12,340,0,-9999.0,50.0,73.4,53.3
20240819-2200,Mountain View Moffett Field Naval Air Station,"Mountain View, California, US",24.0,12.0,-9999.0,-9999.0,-9999.0,29.52,340,0,-9999.0,40.0,75.2,47.0
20240819-2300,Mountain View Moffett Field Naval Air Station,"Mountain View, California, US",24.0,12.0,-9999.0,-9999.0,-9999.0,33.480000000000004,350,0,-9999.0,40.0,75.2,47.0
20240820-0100,Mountain View Moffett Field Naval Air Station,"Mountain View, California, US",25.0,8.0,-9999.0,-9999.0,-9999.0,29.52,350,-9999,-9999.0,15.0,77.0,33.9
20240820-0200,Mountain View Moffett Field Naval Air Station,"Mountain View, California, US",23.0,8.0,-9999.0,-9999.0,-9999.0,12.959999999999999,330,-9999,-9999.0,25.0,73.4,38.2
20240820-0300,Mountain View Moffett Field Naval Air Station,"Mountain View, California, US",21.0,7.0,-9999.0,-9999.0,-9999.0,14.76,330,-9999,-9999.0,30.0,69.8,40.3
20240820-0500,Mountain View Moffett Field Naval Air Station,"Mountain View, California, US",19.0,7.0,-9999.0,-9999.0,-9999.0,9.360000000000001,340,-9999,-9999.0,40.0,66.2,45.6
20240820-0600,Mountain View Moffett Field Naval Air Station,"Mountain View, California, US",18.0,8.0,-9999.0,-9999.0,-9999.0,0.0,0,-9999,-9999.0,50.0,64.4,52.0
20240820-0700,Mountain View Moffett Field Naval Air Station,"Mountain View, California, US",17.0,11.0,-9999.0,-9999.0,-9999.0,9.360000000000001,60,0,-9999.0,70.0,62.6,67.7
20240820-0800,Mountain View Moffett Field Naval Air Station,"Mountain View, California, US",16.0,11.0,-9999.0,-9999.0,-9999.0,0.0,0,0,-9999.0,75.0,60.8,72.2
20240820-0900,Mountain View Moffett Field Naval Air Station,"Mountain View, California, US",17.0,12.0,-9999.0,-9999.0,-9999.0,0.0,0,0,-9999.0,75.0,62.6,72.4
20240820-1000,Mountain View Moffett Field Naval Air Station,"Mountain View, California, US",15.0,12.0,-9999.0,-9999.0,-9999.0,0.0,0,0,-9999.0,85.0,59.0,82.2
20240820-1100,Mountain View Moffett Field Naval Air Station,"Mountain View, California, US",16.0,10.0,-9999.0,-9999.0,-9999.0,0.0,0,0,-9999.0,70.0,60.8,67.5
20240820-1200,Mountain View Moffett Field Naval Air Station,"Mountain View, California, US",15.0,9.0,-9999.0,-9999.0,-9999.0,0.0,0,0,-9999.0,70.0,59.0,67.3
20240820-1300,Mountain View Moffett Field Naval Air Station,"Mountain View, California, US",15.0,9.0,-9999.0,-9999.0,-9999.0,0.0,0,0,-9999.0,70.0,59.0,67.3
20240820-1400,Mountain View Moffett Field Naval Air Station,"Mountain View, California, US",15.0,9.0,-9999.0,-9999.0,-9999.0,0.0,0,0,-9999.0,70.0,59.0,67.3
20240820-1500,Mountain View Moffett Field Naval Air Station,"Mountain View, California, US",17.0,10.0,-9999.0,-9999.0,-9999.0,0.0,0,0,-9999.0,65.0,62.6,63.4
20240820-1600,Mountain View Moffett Field Naval Air Station,"Mountain View, California, US",20.0,11.0,-9999.0,-9999.0,-9999.0,0.0,0,0,-9999.0,55.0,68.0,56.1
20240820-1700,Mountain View Moffett Field Naval Air Station,"Mountain View, California, US",23.0,9.0,-9999.0,-9999.0,-9999.0,0.0,0,0,-9999.0,30.0,73.4,40.9
20240820-1800,Mountain View Moffett Field Naval Air Station,"Mountain View, California, US",23.0,10.0,-9999.0,-9999.0,-9999.0,9.360000000000001,350,0,-9999.0,35.0,73.4,43.7
20240820-1900,Mountain View Moffett Field Naval Air Station,"Mountain View, California, US",25.0,10.0,-9999.0,-9999.0,-9999.0,16.56,350,0,-9999.0,25.0,77.0,38.7
20240820-2000,Mountain View Moffett Field Naval Air Station,"Mountain View, California, US",27.0,9.0,-9999.0,-9999.0,-9999.0,20.520000000000003,340,0,-9999.0,10.0,80.6,32.2
20240820-2100,Mountain View Moffett Field Naval Air Station,"Mountain View, California, US",27.0,10.0,-9999.0,-9999.0,-9999.0,24.12,330,0,-9999.0,15.0,80.6,34.4
20240820-2200,Mountain View Moffett Field Naval Air Station,"Mountain View, California, US",26.0,12.0,-9999.0,-9999.0,-9999.0,27.72,340,0,-9999.0,30.0,78.8,41.7
20240820-2300,Mountain View Moffett Field Naval Air Station,"Mountain View, California, US",26.0,12.0,-9999.0,-9999.0,-9999.0,35.28,340,0,-9999.0,30.0,78.8,41.7
20240821-0000,Mountain View Moffett Field Naval Air Station,"Mountain View, California, US",26.0,13.0,-9999.0,-9999.0,-9999.0,27.72,340,0,-9999.0,35.0,78.8,44.5
20240821-0100,Mountain View Moffett Field Naval Air Station,"Mountain View, California, US",26.0,12.0,-9999.0,-9999.0,-9999.0,25.919999999999998,350,0,-9999.0,30.0,78.8,41.7
20240821-0200,Mountain View Moffett Field Naval Air Station,"Mountain View, California, US",23.0,11.0,-9999.0,-9999.0,-9999.0,27.72,340,0,-9999.0,40.0,73.4,46.7
20240821-0300,Mountain View Moffett Field Naval Air Station,"Mountain View, California, US",22.0,11.0,-9999.0,-9999.0,-9999.0,22.32,340,0,-9999.0,45.0,71.6,49.6
20240821-0400,Mountain View Moffett Field Naval Air Station,"Mountain View, California, US",20.0,10.0,-9999.0,-9999.0,-9999.0,11.16,350,0,-9999.0,50.0,68.0,52.5
20240821-0500,Mountain View Moffett Field Naval Air Station,"Mountain View, California, US",20.0,11.0,-9999.0,-9999.0,-9999.0,5.4,310,0,-9999.0,55.0,68.0,56.1
20240821-0600,Mountain View Moffett Field Naval Air Station,"Mountain View, California, US",20.0,11.0,-9999.0,-9999.0,-9999.0,0.0,0,0,-9999.0,55.0,68.0,56.1
20240821-0700,Mountain View Moffett Field Naval Air Station,"Mountain View, California, US",19.0,11.0,-9999.0,-9999.0,-9999.0,0.0,0,0,-9999.0,60.0,66.2,59.7
20240821-0800,Mountain View Moffett Field Naval Air Station,"Mountain View, California, US",17.0,11.0,-9999.0,-9999.0,-9999.0,0.0,0,0,-9999.0,70.0,62.6,67.7
20240821-0900,Mountain View Moffett Field Naval Air Station,"Mountain View, California, US",18.0,11.0,-9999.0,-9999.0,-9999.0,0.0,0,0,-9999.0,65.0,64.4,63.6
20240821-1000,Mountain View Moffett Field Naval Air Station,"Mountain View, California, US",18.0,11.0,-9999.0,-9999.0,-9999.0,0.0,0,0,-9999.0,65.0,64.4,63.6
20240821-1100,Mountain View Moffett Field Naval Air Station,"Mountain View, California, US",17.0,11.0,-9999.0,-9999.0,-9999.0,0.0,0,0,-9999.0,70.0,62.6,67.7
20240821-1200,Mountain View Moffett Field Naval Air Station,"Mountain View, California, US",16.0,12.0,-9999.0,-9999.0,-9999.0,0.0,0,0,-9999.0,80.0,60.8,77.1
20240821-1300,Mountain View Moffett Field Naval Air Station,"Mountain View, California, US",16.0,13.0,-9999.0,-9999.0,-9999.0,5.4,30,0,-9999.0,85.0,60.8,82.4
20240821-1400,Mountain View Moffett Field Naval Air Station,"Mountain View, California, US",16.0,14.0,-9999.0,-9999.0,-9999.0,9.360000000000001,20,0,-9999.0,90.0,60.8,87.9
20240821-1500,Mountain View Moffett Field Naval Air Station,"Mountain View, California, US",17.0,14.0,-9999.0,-9999.0,-9999.0,11.16,20,0,-9999.0,85.0,62.6,82.5
20240821-1600,Mountain View Moffett Field Naval Air Station,"Mountain View, California, US",18.0,14.0,-9999.0,-9999.0,-9999.0,11.16,-9999,0,-9999.0,80.0,64.4,77.4
20240821-1700,Mountain View Moffett Field Naval Air Station,"Mountain View, California, US",19.0,13.0,-9999.0,-9999.0,-9999.0,7.5600000000000005,-9999,0,-9999.0,70.0,66.2,68.2
20240821-1800,Mountain View Moffett Field Naval Air Station,"Mountain View, California, US",20.0,13.0,-9999.0,-9999.0,-9999.0,9.360000000000001,-9999,0,-9999.0,65.0,68.0,64.0
20240821-1900,Mountain View Moffett Field Naval Air Station,"Mountain View, California, US",22.0,13.0,-9999.0,-9999.0,-9999.0,12.959999999999999,350,0,-9999.0,55.0,71.6,56.6
20240821-2000,Mountain View Moffett Field Naval Air Station,"Mountain View, California, US",23.0,14.0,-9999.0,-9999.0,-9999.0,22.32,350,0,-9999.0,55.0,73.4,56.9
20240821-2100,Mountain View Moffett Field Naval Air Station,"Mountain View, California, US",23.0,14.0,-9999.0,-9999.0,-9999.0,24.12,340,0,-9999.0,55.0,73.4,56.9
20240821-2200,Mountain View Moffett Field Naval Air Station,"Mountain View, California, US",23.0,14.0,-9999.0,-9999.0,-9999.0,35.28,350,0,-9999.0,55.0,73.4,56.9
20240821-2300,Mountain View Moffett Field Naval Air Station,"Mountain View, California, US",23.0,15.0,-9999.0,-9999.0,-9999.0,31.68,350,0,-9999.0,60.0,73.4,60.7
20240822-0000,Mountain View Moffett Field Naval Air Station,"Mountain View, California, US",23.0,15.0,-9999.0,-9999.0,-9999.0,35.28,350,-9999,-9999.0,60.0,73.4,60.7
20240822-0100,Mountain View Moffett Field Naval Air Station,"Mountain View, California, US",22.0,14.0,-9999.0,-9999.0,-9999.0,25.919999999999998,340,0,-9999.0,60.0,71.6,60.4
20240822-0200,Mountain View Moffett Field Naval Air Station,"Mountain View, California, US",22.0,12.0,-9999.0,-9999.0,-9999.0,16.56,340,0,-9999.0,50.0,71.6,53.0
20240822-0300,Mountain View Moffett Field Naval Air Station,"Mountain View, California, US",20.0,12.0,-9999.0,-9999.0,-9999.0,11.16,320,0,-9999.0,60.0,68.0,60.0
20240822-0400,Mountain View Moffett Field Naval Air Station,"Mountain View, California, US",19.0,12.0,-9999.0,-9999.0,-9999.0,9.360000000000001,320,0,-9999.0,65.0,66.2,63.8
20240822-0500,Mountain View Moffett Field Naval Air Station,"Mountain View, California, US",18.0,12.0,-9999.0,-9999.0,-9999.0,5.4,320,0,-9999.0,70.0,64.4,68.0
20240822-0600,Mountain View Moffett Field Naval Air Station,"Mountain View, California, US",17.0,12.0,-9999.0,-9999.0,-9999.0,11.16,330,0,-9999.0,75.0,62.6,72.4
20240822-0700,Mountain View Moffett Field Naval Air Station,"Mountain View, California, US",17.0,12.0,-9999.0,-9999.0,-9999.0,5.4,310,0,-9999.0,75.0,62.6,72.4
20240822-0800,Mountain View Moffett Field Naval Air Station,"Mountain View, California, US",17.0,12.0,-9999.0,-9999.0,-9999.0,0.0,0,0,-9999.0,75.0,62.6,72.4
20240822-0900,Mountain View Moffett Field Naval Air Station,"Mountain View, California, US",16.0,12.0,-9999.0,-9999.0,-9999.0,0.0,0,0,-9999.0,80.0,60.8,77.1
20240822-1000,Mountain View Moffett Field Naval Air Station,"Mountain View, California, US",16.0,12.0,-9999.0,-9999.0,-9999.0,0.0,0,0,-9999.0,80.0,60.8,77.1
20240822-1100,Mountain View Moffett Field Naval Air Station,"Mountain View, California, US",15.0,12.0,-9999.0,-9999.0,-9999.0,0.0,0,50,-9999.0,85.0,59.0,82.2
20240822-1200,Mountain View Moffett Field Naval Air Station,"Mountain View, California, US",16.0,13.0,-9999.0,-9999.0,-9999.0,0.0,0,-9999,-9999.0,85.0,60.8,82.4
20240822-1300,Mountain View Moffett Field Naval Air Station,"Mountain View, California, US",17.0,13.0,-9999.0,-9999.0,-9999.0,0.0,0,-9999,-9999.0,80.0,62.6,77.3
20240822-1400,Mountain View Moffett Field Naval Air Station,"Mountain View, California, US",17.0,13.0,-9999.0,-9999.0,-9999.0,0.0,0,-9999,-9999.0,80.0,62.6,77.3
20240822-1500,Mountain View Moffett Field Naval Air Station,"Mountain View, California, US",17.0,13.0,-9999.0,-9999.0,-9999.0,0.0,0,-9999,-9999.0,80.0,62.6,77.3
20240822-1600,Mountain View Moffett Field Naval Air Station,"Mountain View, California, US",18.0,13.0,-9999.0,-9999.0,-9999.0,0.0,0,-9999,-9999.0,75.0,64.4,72.6
20240822-1700,Mountain View Moffett Field Naval Air Station,"Mountain View, California, US",19.0,13.0,-9999.0,-9999.0,-9999.0,0.0,0,-9999,-9999.0,70.0,66.2,68.2
20240822-1800,Mountain View Moffett Field Naval Air Station,"Mountain View, California, US",19.0,12.0,-9999.0,-9999.0,-9999.0,14.76,320,-9999,-9999.0,65.0,66.2,63.8
20240822-1900,Mountain View Moffett Field Naval Air Station,"Mountain View, California, US",20.0,12.0,-9999.0,-9999.0,-9999.0,12.959999999999999,300,-9999,-9999.0,60.0,68.0,60.0
20240822-2000,Mountain View Moffett Field Naval Air Station,"Mountain View, California, US",22.0,12.0,-9999.0,-9999.0,-9999.0,12.959999999999999,310,-9999,-9999.0,50.0,71.6,53.0
20240822-2100,Mountain View Moffett Field Naval Air Station,"Mountain View, California, US",23.0,12.0,-9999.0,-9999.0,-9999.0,14.76,330,50,-9999.0,45.0,73.4,49.9
20240822-2200,Mountain View Moffett Field Naval Air Station,"Mountain View, California, US",23.0,12.0,-9999.0,-9999.0,-9999.0,18.36,280,50,-9999.0,45.0,73.4,49.9
20240822-2300,Mountain View Moffett Field Naval Air Station,"Mountain View, California, US",23.0,12.0,-9999.0,-9999.0,-9999.0,12.959999999999999,320,25,-9999.0,45.0,73.4,49.9
20240823-0000,Mountain View Moffett Field Naval Air Station,"Mountain View, California, US",23.0,12.0,-9999.0,-9999.0,-9999.0,12.959999999999999,300,25,-9999.0,45.0,73.4,49.9
20240823-0100,Mountain View Moffett Field Naval Air Station,"Mountain View, California, US",23.0,12.0,-9999.0,-9999.0,-9999.0,16.56,280,25,-9999.0,45.0,73.4,49.9
20240823-0200,Mountain View Moffett Field Naval Air Station,"Mountain View, California, US",21.0,12.0,-9999.0,-9999.0,-9999.0,16.56,270,0,-9999.0,55.0,69.8,56.4
20240823-0300,Mountain View Moffett Field Naval Air Station,"Mountain View, California, US",19.0,13.0,-9999.0,-9999.0,-9999.0,16.56,260,0,-9999.0,70.0,66.2,68.2
20240823-0400,Mountain View Moffett Field Naval Air Station,"Mountain View, California, US",19.0,13.0,-9999.0,-9999.0,-9999.0,7.5600000000000005,270,-9999,-9999.0,70.0,66.2,68.2
20240823-0500,Mountain View Moffett Field Naval Air Station,"Mountain View, California, US",18.0,14.0,-9999.0,-9999.0,-9999.0,7.5600000000000005,320,-9999,-9999.0,80.0,64.4,77.4
20240823-0600,Mountain View Moffett Field Naval Air Station,"Mountain View, California, US",18.0,13.0,-9999.0,-9999.0,-9999.0,11.16,310,-9999,-9999.0,75.0,64.4,72.6
20240823-0700,Mountain View Moffett Field Naval Air Station,"Mountain View, California, US",17.0,12.0,-9999.0,-9999.0,-9999.0,7.5600000000000005,-9999,-9999,-9999.0,75.0,62.6,72.4
20240823-0800,Mountain View Moffett Field Naval Air Station,"Mountain View, California, US",17.0,12.0,-9999.0,-9999.0,-9999.0,0.0,0,-9999,-9999.0,75.0,62.6,72.4
20240823-0900,Mountain View Moffett Field Naval Air Station,"Mountain View, California, US",16.0,12.0,-9999.0,-9999.0,-9999.0,0.0,0,-9999,-9999.0,80.0,60.8,77.1
20240823-1000,Mountain View Moffett Field Naval Air Station,"Mountain View, California, US",16.0,12.0,-9999.0,-9999.0,-9999.0,0.0,0,0,-9999.0,80.0,60.8,77.1
20240823-1100,Mountain View Moffett Field Naval Air Station,"Mountain View, California, US",15.0,12.0,-9999.0,-9999.0,-9999.0,0.0,0,25,-9999.0,85.0,59.0,82.2
20240823-1200,Mountain View Moffett Field Naval Air Station,"Mountain View, California, US",15.0,12.0,-9999.0,-9999.0,-9999.0,7.5600000000000005,120,-9999,-9999.0,85.0,59.0,82.2
20240823-1300,Mountain View Moffett Field Naval Air Station,"Mountain View, California, US",16.0,12.0,-9999.0,-9999.0,-9999.0,7.5600000000000005,150,-9999,-9999.0,80.0,60.8,77.1
20240823-1400,Mountain View Moffett Field Naval Air Station,"Mountain View, California, US",16.0,11.0,-9999.0,-9999.0,-9999.0,7.5600000000000005,180,-9999,-9999.0,75.0,60.8,72.2
20240823-1500,Mountain View Moffett Field Naval Air Station,"Mountain View, California, US",17.0,11.0,-9999.0,-9999.0,-9999.0,5.4,140,-9999,-9999.0,70.0,62.6,67.7
20240823-1600,Mountain View Moffett Field Naval Air Station,"Mountain View, California, US",19.0,11.0,-9999.0,-9999.0,-9999.0,7.5600000000000005,-9999,25,-9999.0,60.0,66.2,59.7
20240823-1700,Mountain View Moffett Field Naval Air Station,"Mountain View, California, US",20.0,11.0,-9999.0,-9999.0,-9999.0,5.4,-9999,25,-9999.0,55.0,68.0,56.1
20240823-1800,Mountain View Moffett Field Naval Air Station,"Mountain View, California, US",20.0,11.0,-9999.0,-9999.0,-9999.0,11.16,20,25,-9999.0,55.0,68.0,56.1
20240823-1900,Mountain View Moffett Field Naval Air Station,"Mountain View, California, US",21.0,12.0,-9999.0,-9999.0,-9999.0,11.16,-9999,0,-9999.0,55.0,69.8,56.4
20240823-2000,Mountain View Moffett Field Naval Air Station,"Mountain View, California, US",22.0,11.0,-9999.0,-9999.0,-9999.0,16.56,320,0,-9999.0,45.0,71.6,49.6
20240823-2100,Mountain View Moffett Field Naval Air Station,"Mountain View, California, US",22.0,12.0,-9999.0,-9999.0,-9999.0,22.32,340,0,-9999.0,50.0,71.6,53.0
20240823-2200,Mountain View Moffett Field Naval Air Station,"Mountain View, California, US",21.0,12.0,-9999.0,-9999.0,-9999.0,24.12,340,0,-9999.0,55.0,69.8,56.4
20240823-2300,Mountain View Moffett Field Naval Air Station,"Mountain View, California, US",21.0,12.0,-9999.0,-9999.0,-9999.0,22.32,350,0,-9999.0,55.0,69.8,56.4
20240824-0000,Mountain View Moffett Field Naval Air Station,"Mountain View, California, US",21.0,12.0,-9999.0,-9999.0,-9999.0,22.32,340,0,-9999.0,55.0,69.8,56.4
20240824-0100,Mountain View Moffett Field Naval Air Station,"Mountain View, California, US",21.0,9.0,-9999.0,-9999.0,-9999.0,18.36,330,0,-9999.0,40.0,69.8,46.2
20240824-0200,Mountain View Moffett Field Naval Air Station,"Mountain View, California, US",20.0,10.0,-9999.0,-9999.0,-9999.0,12.959999999999999,320,0,-9999.0,50.0,68.0,52.5
20240824-0300,Mountain View Moffett Field Naval Air Station,"Mountain View, California, US",19.0,10.0,-9999.0,-9999.0,-9999.0,11.16,330,0,-9999.0,55.0,66.2,55.9
20240824-0400,Mountain View Moffett Field Naval Air Station,"Mountain View, California, US",18.0,11.0,-9999.0,-9999.0,-9999.0,7.5600000000000005,330,0,-9999.0,65.0,64.4,63.6
20240824-0500,Mountain View Moffett Field Naval Air Station,"Mountain View, California, US",18.0,12.0,-9999.0,-9999.0,-9999.0,0.0,0,0,-9999.0,70.0,64.4,68.0
20240824-0600,Mountain View Moffett Field Naval Air Station,"Mountain View, California, US",18.0,11.0,-9999.0,-9999.0,-9999.0,0.0,0,0,-9999.0,65.0,64.4,63.6
20240824-0700,Mountain View Moffett Field Naval Air Station,"Mountain View, California, US",17.0,11.0,-9999.0,-9999.0,-9999.0,5.4,20,25,-9999.0,70.0,62.6,67.7
20240824-0800,Mountain View Moffett Field Naval Air Station,"Mountain View, California, US",18.0,12.0,-9999.0,-9999.0,-9999.0,0.0,0,0,-9999.0,70.0,64.4,68.0
20240824-0900,Mountain View Moffett Field Naval Air Station,"Mountain View, California, US",18.0,11.0,-9999.0,-9999.0,-9999.0,0.0,0,0,-9999.0,65.0,64.4,63.6
20240824-1000,Mountain View Moffett Field Naval Air Station,"Mountain View, California, US",18.0,11.0,-9999.0,-9999.0,-9999.0,0.0,0,-9999,-9999.0,65.0,64.4,63.6
20240824-1100,Mountain View Moffett Field Naval Air Station,"Mountain View, California, US",18.0,13.0,-9999.0,-9999.0,-9999.0,0.0,0,-9999,-9999.0,75.0,64.4,72.6
20240824-1200,Mountain View Moffett Field Naval Air Station,"Mountain View, California, US",18.0,13.0,-9999.0,-9999.0,-9999.0,5.4,160,-9999,-9999.0,75.0,64.4,72.6
20240824-1300,Mountain View Moffett Field Naval Air Station,"Mountain View, California, US",18.0,11.0,-9999.0,-9999.0,-9999.0,0.0,0,-9999,-9999.0,65.0,64.4,63.6
20240824-1400,Mountain View Moffett Field Naval Air Station,"Mountain View, California, US",18.0,12.0,-9999.0,-9999.0,-9999.0,7.5600000000000005,140,-9999,-9999.0,70.0,64.4,68.0
20240824-1500,Mountain View Moffett Field Naval Air Station,"Mountain View, California, US",19.0,12.0,-9999.0,-9999.0,-9999.0,0.0,0,0,-9999.0,65.0,66.2,63.8
20240824-1600,Mountain View Moffett Field Naval Air Station,"Mountain View, California, US",20.0,12.0,-9999.0,-9999.0,-9999.0,0.0,0,-9999,-9999.0,60.0,68.0,60.0
20240824-1700,Mountain View Moffett Field Naval Air Station,"Mountain View, California, US",22.0,12.0,-9999.0,-9999.0,-9999.0,9.360000000000001,-9999,0,-9999.0,50.0,71.6,53.0
20240824-1800,Mountain View Moffett Field Naval Air Station,"Mountain View, California, US",22.0,12.0,-9999.0,-9999.0,-9999.0,11.16,30,-9999,-9999.0,50.0,71.6,53.0
20240824-1900,Mountain View Moffett Field Naval Air Station,"Mountain View, California, US",23.0,13.0,-9999.0,-9999.0,-9999.0,16.56,20,-9999,-9999.0,50.0,73.4,53.3
20240824-2000,Mountain View Moffett Field Naval Air Station,"Mountain View, California, US",23.0,14.0,-9999.0,-9999.0,-9999.0,24.12,350,0,-9999.0,55.0,73.4,56.9
20240824-2100,Mountain View Moffett Field Naval Air Station,"Mountain View, California, US",23.0,14.0,-9999.0,-9999.0,-9999.0,22.32,350,25,-9999.0,55.0,73.4,56.9
20240824-2200,Mountain View Moffett Field Naval Air Station,"Mountain View, California, US",24.0,14.0,-9999.0,-9999.0,-9999.0,27.72,340,0,-9999.0,50.0,75.2,53.5
20240824-2300,Mountain View Moffett Field Naval Air Station,"Mountain View, California, US",23.0,14.0,-9999.0,-9999.0,-9999.0,29.52,340,0,-9999.0,55.0,73.4,56.9
20240825-0000,Mountain View Moffett Field Naval Air Station,"Mountain View, California, US",23.0,14.0,-9999.0,-9999.0,-9999.0,27.72,340,0,-9999.0,55.0,73.4,56.9
20240825-0100,Mountain View Moffett Field Naval Air Station,"Mountain View, California, US",23.0,13.0,-9999.0,-9999.0,-9999.0,24.12,350,0,-9999.0,50.0,73.4,53.3
20240825-0200,Mountain View Moffett Field Naval Air Station,"Mountain View, California, US",22.0,15.0,-9999.0,-9999.0,-9999.0,27.72,340,0,-9999.0,65.0,71.6,64.5
20240825-0300,Mountain View Moffett Field Naval Air Station,"Mountain View, California, US",20.0,13.0,-9999.0,-9999.0,-9999.0,7.5600000000000005,310,0,-9999.0,65.0,68.0,64.0
20240825-0400,Mountain View Moffett Field Naval Air Station,"Mountain View, California, US",19.0,13.0,-9999.0,-9999.0,-9999.0,7.5600000000000005,320,0,-9999.0,70.0,66.2,68.2
20240825-0500,Mountain View Moffett Field Naval Air Station,"Mountain View, California, US",19.0,13.0,-9999.0,-9999.0,-9999.0,7.5600000000000005,320,0,-9999.0,70.0,66.2,68.2
20240825-0600,Mountain View Moffett Field Naval Air Station,"Mountain View, California, US",18.0,13.0,-9999.0,-9999.0,-9999.0,0.0,0,0,-9999.0,75.0,64.4,72.6
20240825-0700,Mountain View Moffett Field Naval Air Station,"Mountain View, California, US",18.0,13.0,-9999.0,-9999.0,-9999.0,0.0,0,0,-9999.0,75.0,64.4,72.6
20240825-0800,Mountain View Moffett Field Naval Air Station,"Mountain View, California, US",17.0,13.0,-9999.0,-9999.0,-9999.0,0.0,0,0,-9999.0,80.0,62.6,77.3
20240825-0900,Mountain View Moffett Field Naval Air Station,"Mountain View, California, US",16.0,12.0,-9999.0,-9999.0,-9999.0,0.0,0,0,-9999.0,80.0,60.8,77.1
20240825-1000,Mountain View Moffett Field Naval Air Station,"Mountain View, California, US",16.0,11.0,-9999.0,-9999.0,-9999.0,0.0,0,0,-9999.0,75.0,60.8,72.2
20240825-1100,Mountain View Moffett Field Naval Air Station,"Mountain View, California, US",15.0,10.0,-9999.0,-9999.0,-9999.0,0.0,0,0,-9999.0,75.0,59.0,72.0
20240825-1200,Mountain View Moffett Field Naval Air Station,"Mountain View, California, US",15.0,10.0,-9999.0,-9999.0,-9999.0,0.0,0,0,-9999.0,75.0,59.0,72.0
20240825-1300,Mountain View Moffett Field Naval Air Station,"Mountain View, California, US",14.0,10.0,-9999.0,-9999.0,-9999.0,0.0,0,0,-9999.0,80.0,57.2,76.8
20240825-1400,Mountain View Moffett Field Naval Air Station,"Mountain View, California, US",14.0,10.0,-9999.0,-9999.0,-9999.0,0.0,0,0,-9999.0,80.0,57.2,76.8
20240825-1500,Mountain View Moffett Field Naval Air Station,"Mountain View, California, US",17.0,11.0,-9999.0,-9999.0,-9999.0,0.0,0,0,-9999.0,70.0,62.6,67.7
20240825-1600,Mountain View Moffett Field Naval Air Station,"Mountain View, California, US",19.0,13.0,-9999.0,-9999.0,-9999.0,0.0,0,0,-9999.0,70.0,66.2,68.2
20240825-1700,Mountain View Moffett Field Naval Air Station,"Mountain View, California, US",20.0,13.0,-9999.0,-9999.0,-9999.0,0.0,0,-9999,-9999.0,65.0,68.0,64.0
20240825-1800,Mountain View Moffett Field Naval Air Station,"Mountain View, California, US",22.0,14.0,-9999.0,-9999.0,-9999.0,9.360000000000001,350,0,-9999.0,60.0,71.6,60.4
20240825-1900,Mountain View Moffett Field Naval Air Station,"Mountain View, California, US",25.0,11.0,-9999.0,-9999.0,-9999.0,11.16,270,0,-9999.0,30.0,77.0,41.4
20240825-2000,Mountain View Moffett Field Naval Air Station,"Mountain View, California, US",26.0,10.0,-9999.0,-9999.0,-9999.0,7.5600000000000005,-9999,0,-9999.0,20.0,78.8,36.5
20240825-2100,Mountain View Moffett Field Naval Air Station,"Mountain View, California, US",27.0,12.0,-9999.0,-9999.0,-9999.0,11.16,-9999,0,-9999.0,25.0,80.6,39.3
20240825-2200,Mountain View Moffett Field Naval Air Station,"Mountain View, California, US",27.0,11.0,-9999.0,-9999.0,-9999.0,16.56,340,0,-9999.0,20.0,80.6,36.8
20240825-2300,Mountain View Moffett Field Naval Air Station,"Mountain View, California, US",27.0,11.0,-9999.0,-9999.0,-9999.0,22.32,340,0,-9999.0,20.0,80.6,36.8
20240826-0000,Mountain View Moffett Field Naval Air Station,"Mountain View, California, US",26.0,11.0,-9999.0,-9999.0,-9999.0,22.32,340,0,-9999.0,25.0,78.8,39.0
20240826-0100,Mountain View Moffett Field Naval Air Station,"Mountain View, California, US",25.0,13.0,-9999.0,-9999.0,-9999.0,25.919999999999998,340,0,-9999.0,40.0,77.0,47.3
20240826-0200,Mountain View Moffett Field Naval Air Station,"Mountain View, California, US",24.0,12.0,-9999.0,-9999.0,-9999.0,22.32,340,0,-9999.0,40.0,75.2,47.0
20240826-0300,Mountain View Moffett Field Naval Air Station,"Mountain View, California, US",23.0,11.0,-9999.0,-9999.0,-9999.0,12.959999999999999,350,0,-9999.0,40.0,73.4,46.7
20240826-0400,Mountain View Moffett Field Naval Air Station,"Mountain View, California, US",22.0,10.0,-9999.0,-9999.0,-9999.0,16.56,340,0,-9999.0,40.0,71.6,46.4
20240826-0500,Mountain View Moffett Field Naval Air Station,"Mountain View, California, US",21.0,9.0,-9999.0,-9999.0,-9999.0,0.0,0,0,-9999.0,40.0,69.8,46.2
20240826-0600,Mountain View Moffett Field Naval Air Station,"Mountain View, California, US",20.0,9.0,-9999.0,-9999.0,-9999.0,0.0,0,0,-9999.0,45.0,68.0,49.1
20240826-0700,Mountain View Moffett Field Naval Air Station,"Mountain View, California, US",20.0,11.0,-9999.0,-9999.0,-9999.0,0.0,0,0,-9999.0,55.0,68.0,56.1
20240826-0800,Mountain View Moffett Field Naval Air Station,"Mountain View, California, US",19.0,10.0,-9999.0,-9999.0,-9999.0,0.0,0,0,-9999.0,55.0,66.2,55.9
20240826-0900,Mountain View Moffett Field Naval Air Station,"Mountain View, California, US",18.0,10.0,-9999.0,-9999.0,-9999.0,0.0,0,0,-9999.0,60.0,64.4,59.5
20240826-1000,Mountain View Moffett Field Naval Air Station,"Mountain View, California, US",17.0,9.0,-9999.0,-9999.0,-9999.0,0.0,0,0,-9999.0,60.0,62.6,59.3
20240826-1100,Mountain View Moffett Field Naval Air Station,"Mountain View, California, US",17.0,9.0,-9999.0,-9999.0,-9999.0,0.0,0,0,-9999.0,60.0,62.6,59.3
20240826-1200,Mountain View Moffett Field Naval Air Station,"Mountain View, California, US",16.0,9.0,-9999.0,-9999.0,-9999.0,0.0,0,0,-9999.0,65.0,60.8,63.1
20240826-1300,Mountain View Moffett Field Naval Air Station,"Mountain View, California, US",15.0,9.0,-9999.0,-9999.0,-9999.0,0.0,0,0,-9999.0,70.0,59.0,67.3
20240826-1400,Mountain View Moffett Field Naval Air Station,"Mountain View, California, US",16.0,9.0,-9999.0,-9999.0,-9999.0,0.0,0,0,-9999.0,65.0,60.8,63.1
20240826-1500,Mountain View Moffett Field Naval Air Station,"Mountain View, California, US",18.0,9.0,-9999.0,-9999.0,-9999.0,0.0,0,0,-9999.0,55.0,64.4,55.6
20240826-1600,Mountain View Moffett Field Naval Air Station,"Mountain View, California, US",21.0,9.0,-9999.0,-9999.0,-9999.0,0.0,0,0,-9999.0,40.0,69.8,46.2
20240826-1700,Mountain View Moffett Field Naval Air Station,"Mountain View, California, US",23.0,10.0,-9999.0,-9999.0,-9999.0,0.0,0,0,-9999.0,35.0,73.4,43.7
20240826-1800,Mountain View Moffett Field Naval Air Station,"Mountain View, California, US",24.0,11.0,-9999.0,-9999.0,-9999.0,9.360000000000001,350,0,-9999.0,35.0,75.2,44.0
20240826-1900,Mountain View Moffett Field Naval Air Station,"Mountain View, California, US",26.0,10.0,-9999.0,-9999.0,-9999.0,12.959999999999999,350,0,-9999.0,20.0,78.8,36.5
20240826-2000,Mountain View Moffett Field Naval Air Station,"Mountain View, California, US",27.0,11.0,-9999.0,-9999.0,-9999.0,16.56,340,0,-9999.0,20.0,80.6,36.8
20240826-2100,Mountain View Moffett Field Naval Air Station,"Mountain View, California, US",28.0,12.0,-9999.0,-9999.0,-9999.0,18.36,350,0,-9999.0,20.0,82.4,37.1
20240826-2200,Mountain View Moffett Field Naval Air Station,"Mountain View, California, US",29.0,12.0,-9999.0,-9999.0,-9999.0,22.32,350,0,-9999.0,15.0,84.2,35.0
20240826-2300,Mountain View Moffett Field Naval Air Station,"Mountain View, California, US",28.0,12.0,-9999.0,-9999.0,-9999.0,24.12,340,0,-9999.0,20.0,82.4,37.1
20240827-0000,Mountain View Moffett Field Naval Air Station,"Mountain View, California, US",28.0,12.0,-9999.0,-9999.0,-9999.0,22.32,340,0,-9999.0,20.0,82.4,37.1
20240827-0100,Mountain View Moffett Field Naval Air Station,"Mountain View, California, US",26.0,14.0,-9999.0,-9999.0,-9999.0,20.520000000000003,340,0,-9999.0,40.0,78.8,47.5
20240827-0200,Mountain View Moffett Field Naval Air Station,"Mountain View, California, US",25.0,15.0,-9999.0,-9999.0,-9999.0,22.32,350,0,-9999.0,50.0,77.0,53.8
20240827-0300,Mountain View Moffett Field Naval Air Station,"Mountain View, California, US",22.0,15.0,-9999.0,-9999.0,-9999.0,16.56,340,0,-9999.0,65.0,71.6,64.5
20240827-0400,Mountain View Moffett Field Naval Air Station,"Mountain View, California, US",21.0,14.0,-9999.0,-9999.0,-9999.0,12.959999999999999,330,0,-9999.0,65.0,69.8,64.3
20240827-0500,Mountain View Moffett Field Naval Air Station,"Mountain View, California, US",19.0,14.0,-9999.0,-9999.0,-9999.0,11.16,310,0,-9999.0,75.0,66.2,72.7
20240827-0600,Mountain View Moffett Field Naval Air Station,"Mountain View, California, US",19.0,14.0,-9999.0,-9999.0,-9999.0,0.0,0,0,-9999.0,75.0,66.2,72.7
20240827-0700,Mountain View Moffett Field Naval Air Station,"Mountain View, California, US",18.0,15.0,-9999.0,-9999.0,-9999.0,5.4,20,0,-9999.0,85.0,64.4,82.6
20240827-0800,Mountain View Moffett Field Naval Air Station,"Mountain View, California, US",18.0,15.0,-9999.0,-9999.0,-9999.0,0.0,0,0,-9999.0,85.0,64.4,82.6
20240827-0900,Mountain View Moffett Field Naval Air Station,"Mountain View, California, US",18.0,15.0,-9999.0,-9999.0,-9999.0,0.0,0,0,-9999.0,85.0,64.4,82.6
20240827-1000,Mountain View Moffett Field Naval Air Station,"Mountain View, California, US",17.0,15.0,-9999.0,-9999.0,-9999.0,7.5600000000000005,290,0,-9999.0,90.0,62.6,88.0
20240827-1100,Mountain View Moffett Field Naval Air Station,"Mountain View, California, US",17.0,14.0,-9999.0,-9999.0,-9999.0,0.0,0,0,-9999.0,85.0,62.6,82.5
20240827-1200,Mountain View Moffett Field Naval Air Station,"Mountain View, California, US",16.0,14.0,-9999.0,-9999.0,-9999.0,0.0,0,0,-9999.0,90.0,60.8,87.9
20240827-1300,Mountain View Moffett Field Naval Air Station,"Mountain View, California, US",16.0,14.0,-9999.0,-9999.0,-9999.0,0.0,0,0,-9999.0,90.0,60.8,87.9
20240827-1400,Mountain View Moffett Field Naval Air Station,"Mountain View, California, US",16.0,13.0,-9999.0,-9999.0,-9999.0,0.0,0,0,-9999.0,85.0,60.8,82.4
20240827-1500,Mountain View Moffett Field Naval Air Station,"Mountain View, California, US",18.0,15.0,-9999.0,-9999.0,-9999.0,0.0,0,0,-9999.0,85.0,64.4,82.6
20240827-1600,Mountain View Moffett Field Naval Air Station,"Mountain View, California, US",20.0,15.0,-9999.0,-9999.0,-9999.0,0.0,0,0,-9999.0,75.0,68.0,72.9
20240827-1700,Mountain View Moffett Field Naval Air Station,"Mountain View, California, US",21.0,16.0,-9999.0,-9999.0,-9999.0,9.360000000000001,350,0,-9999.0,75.0,69.8,73.1
20240827-1800,Mountain View Moffett Field Naval Air Station,"Mountain View, California, US",23.0,16.0,-9999.0,-9999.0,-9999.0,7.5600000000000005,350,0,-9999.0,65.0,73.4,64.7
20240827-1900,Mountain View Moffett Field Naval Air Station,"Mountain View, California, US",25.0,16.0,-9999.0,-9999.0,-9999.0,9.360000000000001,350,0,-9999.0,55.0,77.0,57.4
20240827-2000,Mountain View Moffett Field Naval Air Station,"Mountain View, California, US",28.0,10.0,-9999.0,-9999.0,-9999.0,5.4,-9999,0,-9999.0,10.0,82.4,32.5
20240827-2100,Mountain View Moffett Field Naval Air Station,"Mountain View, California, US",30.0,13.0,-9999.0,-9999.0,-9999.0,14.76,330,0,-9999.0,15.0,86.0,35.3
20240827-2200,Mountain View Moffett Field Naval Air Station,"Mountain View, California, US",30.0,11.0,-9999.0,-9999.0,-9999.0,20.520000000000003,340,0,-9999.0,5.0,86.0,30.9
20240827-2300,Mountain View Moffett Field Naval Air Station,"Mountain View, California, US",30.0,13.0,-9999.0,-9999.0,-9999.0,18.36,340,0,-9999.0,15.0,86.0,35.3
20240828-0000,Mountain View Moffett Field Naval Air Station,"Mountain View, California, US",30.0,13.0,-9999.0,-9999.0,-9999.0,20.520000000000003,340,0,-9999.0,15.0,86.0,35.3
20240828-0100,Mountain View Moffett Field Naval Air Station,"Mountain View, California, US",28.0,14.0,-9999.0,-9999.0,-9999.0,18.36,340,0,-9999.0,30.0,82.4,42.2
20240828-0200,Mountain View Moffett Field Naval Air Station,"Mountain View, California, US",26.0,15.0,-9999.0,-9999.0,-9999.0,20.520000000000003,340,0,-9999.0,45.0,78.8,50.7
20240828-0300,Mountain View Moffett Field Naval Air Station,"Mountain View, California, US",24.0,14.0,-9999.0,-9999.0,-9999.0,16.56,330,0,-9999.0,50.0,75.2,53.5
20240828-0400,Mountain View Moffett Field Naval Air Station,"Mountain View, California, US",23.0,13.0,-9999.0,-9999.0,-9999.0,11.16,320,0,-9999.0,50.0,73.4,53.3
20240828-0500,Mountain View Moffett Field Naval Air Station,"Mountain View, California, US",22.0,13.0,-9999.0,-9999.0,-9999.0,0.0,0,0,-9999.0,55.0,71.6,56.6
20240828-0600,Mountain View Moffett Field Naval Air Station,"Mountain View, California, US",21.0,13.0,-9999.0,-9999.0,-9999.0,0.0,0,0,-9999.0,60.0,69.8,60.2
20240828-0700,Mountain View Moffett Field Naval Air Station,"Mountain View, California, US",21.0,13.0,-9999.0,-9999.0,-9999.0,0.0,0,0,-9999.0,60.0,69.8,60.2
20240828-0800,Mountain View Moffett Field Naval Air Station,"Mountain View, California, US",21.0,13.0,-9999.0,-9999.0,-9999.0,0.0,0,0,-9999.0,60.0,69.8,60.2
20240828-0900,Mountain View Moffett Field Naval Air Station,"Mountain View, California, US",19.0,13.0,-9999.0,-9999.0,-9999.0,0.0,0,0,-9999.0,70.0,66.2,68.2
20240828-1000,Mountain View Moffett Field Naval Air Station,"Mountain View, California, US",19.0,15.0,-9999.0,-9999.0,-9999.0,0.0,0,0,-9999.0,80.0,66.2,77.6
20240828-1100,Mountain View Moffett Field Naval Air Station,"Mountain View, California, US",18.0,12.0,-9999.0,-9999.0,-9999.0,0.0,0,0,-9999.0,70.0,64.4,68.0
20240828-1200,Mountain View Moffett Field Naval Air Station,"Mountain View, California, US",18.0,13.0,-9999.0,-9999.0,-9999.0,0.0,0,0,-9999.0,75.0,64.4,72.6
20240828-1300,Mountain View Moffett Field Naval Air Station,"Mountain View, California, US",17.0,13.0,-9999.0,-9999.0,-9999.0,0.0,0,0,-9999.0,80.0,62.6,77.3
20240828-1400,Mountain View Moffett Field Naval Air Station,"Mountain View, California, US",16.0,13.0,-9999.0,-9999.0,-9999.0,0.0,0,0,-9999.0,85.0,60.8,82.4
20240828-1500,Mountain View Moffett Field Naval Air Station,"Mountain View, California, US",19.0,15.0,-9999.0,-9999.0,-9999.0,0.0,0,0,-9999.0,80.0,66.2,77.6
20240828-1600,Mountain View Moffett Field Naval Air Station,"Mountain View, California, US",21.0,15.0,-9999.0,-9999.0,-9999.0,0.0,0,0,-9999.0,70.0,69.8,68.6
20240828-1700,Mountain View Moffett Field Naval Air Station,"Mountain View, California, US",22.0,15.0,-9999.0,-9999.0,-9999.0,9.360000000000001,350,0,-9999.0,65.0,71.6,64.5
20240828-1800,Mountain View Moffett Field Naval Air Station,"Mountain View, California, US",23.0,15.0,-9999.0,-9999.0,-9999.0,7.5600000000000005,350,0,-9999.0,60.0,73.4,60.7
20240828-1900,Mountain View Moffett Field Naval Air Station,"Mountain View, California, US",25.0,14.0,-9999.0,-9999.0,-9999.0,7.5600000000000005,350,0,-9999.0,45.0,77.0,50.4
20240828-2000,Mountain View Moffett Field Naval Air Station,"Mountain View, California, US",26.0,14.0,-9999.0,-9999.0,-9999.0,14.76,350,0,-9999.0,40.0,78.8,47.5
20240828-2100,Mountain View Moffett Field Naval Air Station,"Mountain View, California, US",26.0,16.0,-9999.0,-9999.0,-9999.0,18.36,350,0,-9999.0,50.0,78.8,54.1
20240828-2200,Mountain View Moffett Field Naval Air Station,"Mountain View, California, US",25.0,14.0,-9999.0,-9999.0,-9999.0,22.32,340,0,-9999.0,45.0,77.0,50.4
20240828-2300,Mountain View Moffett Field Naval Air Station,"Mountain View, California, US",24.0,15.0,-9999.0,-9999.0,-9999.0,18.36,320,0,-9999.0,55.0,75.2,57.1
20240829-0000,Mountain View Moffett Field Naval Air Station,"Mountain View, California, US",23.0,15.0,-9999.0,-9999.0,-9999.0,24.12,340,0,-9999.0,60.0,73.4,60.7
20240829-0100,Mountain View Moffett Field Naval Air Station,"Mountain View, California, US",22.0,15.0,-9999.0,-9999.0,-9999.0,20.520000000000003,320,0,-9999.0,65.0,71.6,64.5
20240829-0200,Mountain View Moffett Field Naval Air Station,"Mountain View, California, US",21.0,15.0,-9999.0,-9999.0,-9999.0,16.56,340,0,-9999.0,70.0,69.8,68.6
20240829-0300,Mountain View Moffett Field Naval Air Station,"Mountain View, California, US",19.0,15.0,-9999.0,-9999.0,-9999.0,16.56,340,0,-9999.0,80.0,66.2,77.6
20240829-0400,Mountain View Moffett Field Naval Air Station,"Mountain View, California, US",19.0,15.0,-9999.0,-9999.0,-9999.0,12.959999999999999,340,0,-9999.0,80.0,66.2,77.6
20240829-0500,Mountain View Moffett Field Naval Air Station,"Mountain View, California, US",18.0,15.0,-9999.0,-9999.0,-9999.0,9.360000000000001,330,0,-9999.0,85.0,64.4,82.6
20240829-0600,Mountain View Moffett Field Naval Air Station,"Mountain View, California, US",17.0,15.0,-9999.0,-9999.0,-9999.0,7.5600000000000005,320,0,-9999.0,90.0,62.6,88.0
20240829-0700,Mountain View Moffett Field Naval Air Station,"Mountain View, California, US",17.0,14.0,-9999.0,-9999.0,-9999.0,9.360000000000001,360,0,-9999.0,85.0,62.6,82.5
20240829-0800,Mountain View Moffett Field Naval Air Station,"Mountain View, California, US",17.0,14.0,-9999.0,-9999.0,-9999.0,5.4,330,25,-9999.0,85.0,62.6,82.5
20240829-0900,Mountain View Moffett Field Naval Air Station,"Mountain View, California, US",16.0,14.0,-9999.0,-9999.0,-9999.0,9.360000000000001,340,-9999,-9999.0,90.0,60.8,87.9
20240829-1000,Mountain View Moffett Field Naval Air Station,"Mountain View, California, US",16.0,14.0,-9999.0,-9999.0,-9999.0,7.5600000000000005,20,-9999,-9999.0,90.0,60.8,87.9
20240829-1100,Mountain View Moffett Field Naval Air Station,"Mountain View, California, US",17.0,14.0,-9999.0,-9999.0,-9999.0,0.0,0,-9999,-9999.0,85.0,62.6,82.5
20240829-1200,Mountain View Moffett Field Naval Air Station,"Mountain View, California, US",17.0,14.0,-9999.0,-9999.0,-9999.0,7.5600000000000005,110,-9999,-9999.0,85.0,62.6,82.5
20240829-1300,Mountain View Moffett Field Naval Air Station,"Mountain View, California, US",17.0,14.0,-9999.0,-9999.0,-9999.0,0.0,0,-9999,-9999.0,85.0,62.6,82.5
20240829-1400,Mountain View Moffett Field Naval Air Station,"Mountain View, California, US",16.0,13.0,-9999.0,-9999.0,-9999.0,11.16,130,-9999,-9999.0,85.0,60.8,82.4
20240829-1500,Mountain View Moffett Field Naval Air Station,"Mountain View, California, US",16.0,13.0,-9999.0,-9999.0,-9999.0,9.360000000000001,130,-9999,-9999.0,85.0,60.8,82.4
20240829-1600,Mountain View Moffett Field Naval Air Station,"Mountain View, California, US",17.0,13.0,-9999.0,-9999.0,-9999.0,7.5600000000000005,130,-9999,-9999.0,80.0,62.6,77.3
20240829-1700,Mountain View Moffett Field Naval Air Station,"Mountain View, California, US",19.0,13.0,-9999.0,-9999.0,-9999.0,0.0,0,25,-9999.0,70.0,66.2,68.2
20240829-1800,Mountain View Moffett Field Naval Air Station,"Mountain View, California, US",20.0,14.0,-9999.0,-9999.0,-9999.0,7.5600000000000005,-9999,0,-9999.0,70.0,68.0,68.4
20240829-1900,Mountain View Moffett Field Naval Air Station,"Mountain View, California, US",21.0,14.0,-9999.0,-9999.0,-9999.0,9.360000000000001,340,0,-9999.0,65.0,69.8,64.3
20240829-2000,Mountain View Moffett Field Naval Air Station,"Mountain View, California, US",22.0,15.0,-9999.0,-9999.0,-9999.0,12.959999999999999,330,0,-9999.0,65.0,71.6,64.5
20240829-2100,Mountain View Moffett Field Naval Air Station,"Mountain View, California, US",23.0,15.0,-9999.0,-9999.0,-9999.0,18.36,350,0,-9999.0,60.0,73.4,60.7
20240829-2200,Mountain View Moffett Field Naval Air Station,"Mountain View, California, US",23.0,15.0,-9999.0,-9999.0,-9999.0,20.520000000000003,330,0,-9999.0,60.0,73.4,60.7
20240829-2300,Mountain View Moffett Field Naval Air Station,"Mountain View, California, US",23.0,15.0,-9999.0,-9999.0,-9999.0,25.919999999999998,340,0,-9999.0,60.0,73.4,60.7
20240830-0000,Mountain View Moffett Field Naval Air Station,"Mountain View, California, US",22.0,15.0,-9999.0,-9999.0,-9999.0,22.32,340,0,-9999.0,65.0,71.6,64.5
20240830-0100,Mountain View Moffett Field Naval Air Station,"Mountain View, California, US",21.0,15.0,-9999.0,-9999.0,-9999.0,25.919999999999998,340,0,-9999.0,70.0,69.8,68.6
20240830-0200,Mountain View Moffett Field Naval Air Station,"Mountain View, California, US",20.0,15.0,-9999.0,-9999.0,-9999.0,27.72,350,0,-9999.0,75.0,68.0,72.9
20240830-0300,Mountain View Moffett Field Naval Air Station,"Mountain View, California, US",19.0,15.0,-9999.0,-9999.0,-9999.0,20.520000000000003,350,0,-9999.0,80.0,66.2,77.6
20240830-0400,Mountain View Moffett Field Naval Air Station,"Mountain View, California, US",18.0,14.0,-9999.0,-9999.0,-9999.0,12.959999999999999,340,0,-9999.0,80.0,64.4,77.4
20240830-0500,Mountain View Moffett Field Naval Air Station,"Mountain View, California, US",18.0,14.0,-9999.0,-9999.0,-9999.0,11.16,10,25,-9999.0,80.0,64.4,77.4
20240830-0600,Mountain View Moffett Field Naval Air Station,"Mountain View, California, US",17.0,14.0,-9999.0,-9999.0,-9999.0,11.16,20,0,-9999.0,85.0,62.6,82.5
20240830-0700,Mountain View Moffett Field Naval Air Station,"Mountain View, California, US",17.0,14.0,-9999.0,-9999.0,-9999.0,7.5600000000000005,20,-9999,-9999.0,85.0,62.6,82.5
20240830-0800,Mountain View Moffett Field Naval Air Station,"Mountain View, California, US",16.0,13.0,-9999.0,-9999.0,-9999.0,7.5600000000000005,30,-9999,-9999.0,85.0,60.8,82.4
20240830-0900,Mountain View Moffett Field Naval Air Station,"Mountain View, California, US",16.0,14.0,-9999.0,-9999.0,-9999.0,7.5600000000000005,20,-9999,-9999.0,90.0,60.8,87.9
20240830-1000,Mountain View Moffett Field Naval Air Station,"Mountain View, California, US",17.0,14.0,-9999.0,-9999.0,-9999.0,7.5600000000000005,20,-9999,-9999.0,85.0,62.6,82.5
20240830-1100,Mountain View Moffett Field Naval Air Station,"Mountain View, California, US",17.0,14.0,-9999.0,-9999.0,-9999.0,5.4,-9999,-9999,-9999.0,85.0,62.6,82.5
20240830-1200,Mountain View Moffett Field Naval Air Station,"Mountain View, California, US",17.0,14.0,-9999.0,-9999.0,-9999.0,0.0,0,-9999,-9999.0,85.0,62.6,82.5
20240830-1300,Mountain View Moffett Field Naval Air Station,"Mountain View, California, US",17.0,14.0,-9999.0,-9999.0,-9999.0,0.0,0,-9999,-9999.0,85.0,62.6,82.5
20240830-1400,Mountain View Moffett Field Naval Air Station,"Mountain View, California, US",17.0,14.0,-9999.0,-9999.0,-9999.0,5.4,10,-9999,-9999.0,85.0,62.6,82.5
20240830-1600,Mountain View Moffett Field Naval Air Station,"Mountain View, California, US",17.0,14.0,-9999.0,-9999.0,-9999.0,0.0,0,-9999,-9999.0,85.0,62.6,82.5
20240830-1700,Mountain View Moffett Field Naval Air Station,"Mountain View, California, US",18.0,14.0,-9999.0,-9999.0,-9999.0,0.0,0,-9999,-9999.0,80.0,64.4,77.4
20240830-1800,Mountain View Moffett Field Naval Air Station,"Mountain View, California, US",19.0,14.0,-9999.0,-9999.0,-9999.0,12.959999999999999,10,50,-9999.0,75.0,66.2,72.7
20240830-1900,Mountain View Moffett Field Naval Air Station,"Mountain View, California, US",20.0,14.0,-9999.0,-9999.0,-9999.0,14.76,360,0,-9999.0,70.0,68.0,68.4
20240830-2000,Mountain View Moffett Field Naval Air Station,"Mountain View, California, US",20.0,14.0,-9999.0,-9999.0,-9999.0,18.36,360,0,-9999.0,70.0,68.0,68.4
20240830-2100,Mountain View Moffett Field Naval Air Station,"Mountain View, California, US",20.0,14.0,-9999.0,-9999.0,-9999.0,22.32,340,0,-9999.0,70.0,68.0,68.4
20240830-2200,Mountain View Moffett Field Naval Air Station,"Mountain View, California, US",21.0,14.0,-9999.0,-9999.0,-9999.0,18.36,340,0,-9999.0,65.0,69.8,64.3
20240830-2300,Mountain View Moffett Field Naval Air Station,"Mountain View, California, US",22.0,13.0,-9999.0,-9999.0,-9999.0,18.36,340,0,-9999.0,55.0,71.6,56.6
20240831-0000,Mountain View Moffett Field Naval Air Station,"Mountain View, California, US",22.0,14.0,-9999.0,-9999.0,-9999.0,22.32,350,0,-9999.0,60.0,71.6,60.4
20240831-0100,Mountain View Moffett Field Naval Air Station,"Mountain View, California, US",21.0,14.0,-9999.0,-9999.0,-9999.0,25.919999999999998,340,0,-9999.0,65.0,69.8,64.3
20240831-0200,Mountain View Moffett Field Naval Air Station,"Mountain View, California, US",20.0,14.0,-9999.0,-9999.0,-9999.0,22.32,340,0,-9999.0,70.0,68.0,68.4
20240831-0300,Mountain View Moffett Field Naval Air Station,"Mountain View, California, US",19.0,14.0,-9999.0,-9999.0,-9999.0,20.520000000000003,340,0,-9999.0,75.0,66.2,72.7
20240831-0400,Mountain View Moffett Field Naval Air Station,"Mountain View, California, US",19.0,14.0,-9999.0,-9999.0,-9999.0,18.36,340,0,-9999.0,75.0,66.2,72.7
20240831-0500,Mountain View Moffett Field Naval Air Station,"Mountain View, California, US",18.0,14.0,-9999.0,-9999.0,-9999.0,11.16,10,0,-9999.0,80.0,64.4,77.4
20240831-0600,Mountain View Moffett Field Naval Air Station,"Mountain View, California, US",18.0,14.0,-9999.0,-9999.0,-9999.0,16.56,350,0,-9999.0,80.0,64.4,77.4
20240831-0700,Mountain View Moffett Field Naval Air Station,"Mountain View, California, US",18.0,14.0,-9999.0,-9999.0,-9999.0,14.76,340,0,-9999.0,80.0,64.4,77.4
20240831-0800,Mountain View Moffett Field Naval Air Station,"Mountain View, California, US",18.0,14.0,-9999.0,-9999.0,-9999.0,14.76,350,0,-9999.0,80.0,64.4,77.4
20240831-0900,Mountain View Moffett Field Naval Air Station,"Mountain View, California, US",17.0,12.0,-9999.0,-9999.0,-9999.0,0.0,0,0,-9999.0,75.0,62.6,72.4
20240831-1000,Mountain View Moffett Field Naval Air Station,"Mountain View, California, US",16.0,12.0,-9999.0,-9999.0,-9999.0,9.360000000000001,340,25,-9999.0,80.0,60.8,77.1
20240831-1100,Mountain View Moffett Field Naval Air Station,"Mountain View, California, US",16.0,12.0,-9999.0,-9999.0,-9999.0,0.0,0,0,-9999.0,80.0,60.8,77.1
20240831-1200,Mountain View Moffett Field Naval Air Station,"Mountain View, California, US",15.0,12.0,-9999.0,-9999.0,-9999.0,0.0,0,0,-9999.0,85.0,59.0,82.2
20240831-1300,Mountain View Moffett Field Naval Air Station,"Mountain View, California, US",16.0,13.0,-9999.0,-9999.0,-9999.0,0.0,0,-9999,-9999.0,85.0,60.8,82.4
20240831-1400,Mountain View Moffett Field Naval Air Station,"Mountain View, California, US",16.0,13.0,-9999.0,-9999.0,-9999.0,0.0,0,-9999,-9999.0,85.0,60.8,82.4
20240831-1500,Mountain View Moffett Field Naval Air Station,"Mountain View, California, US",16.0,13.0,-9999.0,-9999.0,-9999.0,0.0,0,-9999,-9999.0,85.0,60.8,82.4
20240831-1600,Mountain View Moffett Field Naval Air Station,"Mountain View, California, US",17.0,13.0,-9999.0,-9999.0,-9999.0,5.4,-9999,-9999,-9999.0,80.0,62.6,77.3
20240831-1700,Mountain View Moffett Field Naval Air Station,"Mountain View, California, US",17.0,14.0,-9999.0,-9999.0,-9999.0,0.0,0,-9999,-9999.0,85.0,62.6,82.5
20240831-1800,Mountain View Moffett Field Naval Air Station,"Mountain View, California, US",19.0,14.0,-9999.0,-9999.0,-9999.0,0.0,0,25,-9999.0,75.0,66.2,72.7
20240831-1900,Mountain View Moffett Field Naval Air Station,"Mountain View, California, US",20.0,14.0,-9999.0,-9999.0,-9999.0,11.16,20,0,-9999.0,70.0,68.0,68.4
20240831-2000,Mountain View Moffett Field Naval Air Station,"Mountain View, California, US",21.0,14.0,-9999.0,-9999.0,-9999.0,16.56,360,0,-9999.0,65.0,69.8,64.3
20240831-2100,Mountain View Moffett Field Naval Air Station,"Mountain View, California, US",21.0,14.0,-9999.0,-9999.0,-9999.0,24.12,340,0,-9999.0,65.0,69.8,64.3
20240831-2200,Mountain View Moffett Field Naval Air Station,"Mountain View, California, US",21.0,14.0,-9999.0,-9999.0,-9999.0,24.12,340,0,-9999.0,65.0,69.8,64.3
20240831-2300,Mountain View Moffett Field Naval Air Station,"Mountain View, California, US",21.0,14.0,-9999.0,-9999.0,-9999.0,22.32,340,0,-9999.0,65.0,69.8,64.3
20240901-0000,Mountain View Moffett Field Naval Air Station,"Mountain View, California, US",21.0,14.0,-9999.0,-9999.0,-9999.0,22.32,340,0,-9999.0,65.0,69.8,64.3
20240901-0100,Mountain View Moffett Field Naval Air Station,"Mountain View, California, US",20.0,14.0,-9999.0,-9999.0,-9999.0,20.520000000000003,340,0,-9999.0,70.0,68.0,68.4
20240901-0200,Mountain View Moffett Field Naval Air Station,"Mountain View, California, US",20.0,14.0,-9999.0,-9999.0,-9999.0,16.56,340,0,-9999.0,70.0,68.0,68.4
20240901-0300,Mountain View Moffett Field Naval Air Station,"Mountain View, California, US",19.0,14.0,-9999.0,-9999.0,-9999.0,18.36,340,0,-9999.0,75.0,66.2,72.7
20240901-0400,Mountain View Moffett Field Naval Air Station,"Mountain View, California, US",19.0,13.0,-9999.0,-9999.0,-9999.0,14.76,340,0,-9999.0,70.0,66.2,68.2
20240901-0500,Mountain View Moffett Field Naval Air Station,"Mountain View, California, US",18.0,13.0,-9999.0,-9999.0,-9999.0,9.360000000000001,330,0,-9999.0,75.0,64.4,72.6
20240901-0600,Mountain View Moffett Field Naval Air Station,"Mountain View, California, US",17.0,12.0,-9999.0,-9999.0,-9999.0,9.360000000000001,330,0,-9999.0,75.0,62.6,72.4
20240901-0700,Mountain View Moffett Field Naval Air Station,"Mountain View, California, US",17.0,12.0,-9999.0,-9999.0,-9999.0,9.360000000000001,340,0,-9999.0,75.0,62.6,72.4
20240901-0800,Mountain View Moffett Field Naval Air Station,"Mountain View, California, US",17.0,12.0,-9999.0,-9999.0,-9999.0,5.4,330,0,-9999.0,75.0,62.6,72.4
20240901-0900,Mountain View Moffett Field Naval Air Station,"Mountain View, California, US",16.0,12.0,-9999.0,-9999.0,-9999.0,0.0,0,0,-9999.0,80.0,60.8,77.1
20240901-1000,Mountain View Moffett Field Naval Air Station,"Mountain View, California, US",16.0,13.0,-9999.0,-9999.0,-9999.0,11.16,330,0,-9999.0,85.0,60.8,82.4
20240901-1100,Mountain View Moffett Field Naval Air Station,"Mountain View, California, US",16.0,13.0,-9999.0,-9999.0,-9999.0,5.4,280,0,-9999.0,85.0,60.8,82.4
20240901-1200,Mountain View Moffett Field Naval Air Station,"Mountain View, California, US",15.0,12.0,-9999.0,-9999.0,-9999.0,0.0,0,0,-9999.0,85.0,59.0,82.2
20240901-1300,Mountain View Moffett Field Naval Air Station,"Mountain View, California, US",15.0,12.0,-9999.0,-9999.0,-9999.0,0.0,0,-9999,-9999.0,85.0,59.0,82.2
20240901-1400,Mountain View Moffett Field Naval Air Station,"Mountain View, California, US",15.0,12.0,-9999.0,-9999.0,-9999.0,5.4,180,0,-9999.0,85.0,59.0,82.2
20240901-1500,Mountain View Moffett Field Naval Air Station,"Mountain View, California, US",17.0,13.0,-9999.0,-9999.0,-9999.0,0.0,0,0,-9999.0,80.0,62.6,77.3
20240901-1600,Mountain View Moffett Field Naval Air Station,"Mountain View, California, US",18.0,13.0,-9999.0,-9999.0,-9999.0,0.0,0,0,-9999.0,75.0,64.4,72.6
20240901-1700,Mountain View Moffett Field Naval Air Station,"Mountain View, California, US",19.0,13.0,-9999.0,-9999.0,-9999.0,11.16,350,0,-9999.0,70.0,66.2,68.2
20240901-1800,Mountain View Moffett Field Naval Air Station,"Mountain View, California, US",20.0,14.0,-9999.0,-9999.0,-9999.0,11.16,30,0,-9999.0,70.0,68.0,68.4
20240901-1900,Mountain View Moffett Field Naval Air Station,"Mountain View, California, US",21.0,13.0,-9999.0,-9999.0,-9999.0,14.76,340,0,-9999.0,60.0,69.8,60.2
20240901-2000,Mountain View Moffett Field Naval Air Station,"Mountain View, California, US",21.0,14.0,-9999.0,-9999.0,-9999.0,25.919999999999998,350,0,-9999.0,65.0,69.8,64.3
20240901-2100,Mountain View Moffett Field Naval Air Station,"Mountain View, California, US",22.0,13.0,-9999.0,-9999.0,-9999.0,31.68,350,0,-9999.0,55.0,71.6,56.6
20240901-2200,Mountain View Moffett Field Naval Air Station,"Mountain View, California, US",22.0,13.0,-9999.0,-9999.0,-9999.0,27.72,340,0,-9999.0,55.0,71.6,56.6
20240901-2300,Mountain View Moffett Field Naval Air Station,"Mountain View, California, US",22.0,14.0,-9999.0,-9999.0,-9999.0,29.52,340,0,-9999.0,60.0,71.6,60.4
20240902-0000,Mountain View Moffett Field Naval Air Station,"Mountain View, California, US",23.0,13.0,-9999.0,-9999.0,-9999.0,22.32,340,0,-9999.0,50.0,73.4,53.3
20240902-0100,Mountain View Moffett Field Naval Air Station,"Mountain View, California, US",22.0,13.0,-9999.0,-9999.0,-9999.0,24.12,340,0,-9999.0,55.0,71.6,56.6
20240902-0200,Mountain View Moffett Field Naval Air Station,"Mountain View, California, US",21.0,13.0,-9999.0,-9999.0,-9999.0,16.56,340,0,-9999.0,60.0,69.8,60.2
20240902-0300,Mountain View Moffett Field Naval Air Station,"Mountain View, California, US",20.0,12.0,-9999.0,-9999.0,-9999.0,14.76,330,0,-9999.0,60.0,68.0,60.0
20240902-0400,Mountain View Moffett Field Naval Air Station,"Mountain View, California, US",18.0,12.0,-9999.0,-9999.0,-9999.0,11.16,350,-9999,-9999.0,70.0,64.4,68.0
20240902-0500,Mountain View Moffett Field Naval Air Station,"Mountain View, California, US",18.0,12.0,-9999.0,-9999.0,-9999.0,9.360000000000001,340,0,-9999.0,70.0,64.4,68.0
20240902-0600,Mountain View Moffett Field Naval Air Station,"Mountain View, California, US",17.0,12.0,-9999.0,-9999.0,-9999.0,0.0,0,0,-9999.0,75.0,62.6,72.4
20240902-0700,Mountain View Moffett Field Naval Air Station,"Mountain View, California, US",17.0,11.0,-9999.0,-9999.0,-9999.0,0.0,0,0,-9999.0,70.0,62.6,67.7
20240902-0800,Mountain View Moffett Field Naval Air Station,"Mountain View, California, US",16.0,11.0,-9999.0,-9999.0,-9999.0,0.0,0,0,-9999.0,75.0,60.8,72.2
20240902-0900,Mountain View Moffett Field Naval Air Station,"Mountain View, California, US",16.0,12.0,-9999.0,-9999.0,-9999.0,5.4,190,0,-9999.0,80.0,60.8,77.1
20240902-1000,Mountain View Moffett Field Naval Air Station,"Mountain View, California, US",15.0,11.0,-9999.0,-9999.0,-9999.0,0.0,0,0,-9999.0,80.0,59.0,77.0
20240902-1100,Mountain View Moffett Field Naval Air Station,"Mountain View, California, US",14.0,11.0,-9999.0,-9999.0,-9999.0,0.0,0,0,-9999.0,85.0,57.2,82.1
20240902-1200,Mountain View Moffett Field Naval Air Station,"Mountain View, California, US",14.0,11.0,-9999.0,-9999.0,-9999.0,0.0,0,0,-9999.0,85.0,57.2,82.1
20240902-1500,Mountain View Moffett Field Naval Air Station,"Mountain View, California, US",15.0,11.0,-9999.0,-9999.0,-9999.0,0.0,0,0,-9999.0,80.0,59.0,77.0
20240902-1600,Mountain View Moffett Field Naval Air Station,"Mountain View, California, US",19.0,14.0,-9999.0,-9999.0,-9999.0,0.0,0,0,-9999.0,75.0,66.2,72.7
20240902-1700,Mountain View Moffett Field Naval Air Station,"Mountain View, California, US",19.0,13.0,-9999.0,-9999.0,-9999.0,9.360000000000001,360,0,-9999.0,70.0,66.2,68.2
20240902-1800,Mountain View Moffett Field Naval Air Station,"Mountain View, California, US",20.0,14.0,-9999.0,-9999.0,-9999.0,11.16,-9999,0,-9999.0,70.0,68.0,68.4
20240902-1900,Mountain View Moffett Field Naval Air Station,"Mountain View, California, US",22.0,14.0,-9999.0,-9999.0,-9999.0,16.56,350,0,-9999.0,60.0,71.6,60.4
20240902-2000,Mountain View Moffett Field Naval Air Station,"Mountain View, California, US",22.0,13.0,-9999.0,-9999.0,-9999.0,20.520000000000003,350,0,-9999.0,55.0,71.6,56.6
20240902-2100,Mountain View Moffett Field Naval Air Station,"Mountain View, California, US",23.0,13.0,-9999.0,-9999.0,-9999.0,31.68,350,0,-9999.0,50.0,73.4,53.3
20240902-2200,Mountain View Moffett Field Naval Air Station,"Mountain View, California, US",23.0,13.0,-9999.0,-9999.0,-9999.0,31.68,350,0,-9999.0,50.0,73.4,53.3
20240902-2300,Mountain View Moffett Field Naval Air Station,"Mountain View, California, US",23.0,12.0,-9999.0,-9999.0,-9999.0,31.68,350,0,-9999.0,45.0,73.4,49.9
20240903-0000,Mountain View Moffett Field Naval Air Station,"Mountain View, California, US",23.0,13.0,-9999.0,-9999.0,-9999.0,31.68,360,0,-9999.0,50.0,73.4,53.3
20240903-0100,Mountain View Moffett Field Naval Air Station,"Mountain View, California, US",22.0,13.0,-9999.0,-9999.0,-9999.0,27.72,350,0,-9999.0,55.0,71.6,56.6
20240903-0200,Mountain View Moffett Field Naval Air Station,"Mountain View, California, US",21.0,13.0,-9999.0,-9999.0,-9999.0,25.919999999999998,350,0,-9999.0,60.0,69.8,60.2
20240903-0300,Mountain View Moffett Field Naval Air Station,"Mountain View, California, US",20.0,13.0,-9999.0,-9999.0,-9999.0,14.76,350,0,-9999.0,65.0,68.0,64.0
20240903-0400,Mountain View Moffett Field Naval Air Station,"Mountain View, California, US",19.0,12.0,-9999.0,-9999.0,-9999.0,14.76,350,0,-9999.0,65.0,66.2,63.8
20240903-0500,Mountain View Moffett Field Naval Air Station,"Mountain View, California, US",18.0,12.0,-9999.0,-9999.0,-9999.0,12.959999999999999,330,0,-9999.0,70.0,64.4,68.0
20240903-0600,Mountain View Moffett Field Naval Air Station,"Mountain View, California, US",17.0,11.0,-9999.0,-9999.0,-9999.0,7.5600000000000005,10,0,-9999.0,70.0,62.6,67.7
20240903-0700,Mountain View Moffett Field Naval Air Station,"Mountain View, California, US",16.0,12.0,-9999.0,-9999.0,-9999.0,5.4,60,0,-9999.0,80.0,60.8,77.1
20240903-0800,Mountain View Moffett Field Naval Air Station,"Mountain View, California, US",16.0,12.0,-9999.0,-9999.0,-9999.0,0.0,0,0,-9999.0,80.0,60.8,77.1
20240903-0900,Mountain View Moffett Field Naval Air Station,"Mountain View, California, US",16.0,13.0,-9999.0,-9999.0,-9999.0,5.4,170,0,-9999.0,85.0,60.8,82.4
20240903-1000,Mountain View Moffett Field Naval Air Station,"Mountain View, California, US",15.0,11.0,-9999.0,-9999.0,-9999.0,0.0,0,0,-9999.0,80.0,59.0,77.0
20240903-1100,Mountain View Moffett Field Naval Air Station,"Mountain View, California, US",14.0,11.0,-9999.0,-9999.0,-9999.0,0.0,0,0,-9999.0,85.0,57.2,82.1
20240903-1200,Mountain View Moffett Field Naval Air Station,"Mountain View, California, US",14.0,10.0,-9999.0,-9999.0,-9999.0,0.0,0,0,-9999.0,80.0,57.2,76.8
20240903-1300,Mountain View Moffett Field Naval Air Station,"Mountain View, California, US",14.0,10.0,-9999.0,-9999.0,-9999.0,0.0,0,0,-9999.0,80.0,57.2,76.8
20240903-1400,Mountain View Moffett Field Naval Air Station,"Mountain View, California, US",13.0,10.0,-9999.0,-9999.0,-9999.0,0.0,0,0,-9999.0,85.0,55.4,82.0
20240903-1500,Mountain View Moffett Field Naval Air Station,"Mountain View, California, US",16.0,10.0,-9999.0,-9999.0,-9999.0,0.0,0,0,-9999.0,70.0,60.8,67.5
20240903-1600,Mountain View Moffett Field Naval Air Station,"Mountain View, California, US",19.0,12.0,-9999.0,-9999.0,-9999.0,0.0,0,0,-9999.0,65.0,66.2,63.8
20240903-1700,Mountain View Moffett Field Naval Air Station,"Mountain View, California, US",22.0,12.0,-9999.0,-9999.0,-9999.0,0.0,0,0,-9999.0,50.0,71.6,53.0
20240903-1800,Mountain View Moffett Field Naval Air Station,"Mountain View, California, US",22.0,13.0,-9999.0,-9999.0,-9999.0,9.360000000000001,340,0,-9999.0,55.0,71.6,56.6
20240903-1900,Mountain View Moffett Field Naval Air Station,"Mountain View, California, US",25.0,12.0,-9999.0,-9999.0,-9999.0,9.360000000000001,20,0,-9999.0,35.0,77.0,44.2
20240903-2000,Mountain View Moffett Field Naval Air Station,"Mountain View, California, US",28.0,11.0,-9999.0,-9999.0,-9999.0,7.5600000000000005,20,0,-9999.0,15.0,82.4,34.7
20240903-2100,Mountain View Moffett Field Naval Air Station,"Mountain View, California, US",30.0,12.0,-9999.0,-9999.0,-9999.0,14.76,360,0,-9999.0,10.0,86.0,33.0
20240903-2200,Mountain View Moffett Field Naval Air Station,"Mountain View, California, US",30.0,13.0,-9999.0,-9999.0,-9999.0,16.56,350,0,-9999.0,15.0,86.0,35.3
20240903-2300,Mountain View Moffett Field Naval Air Station,"Mountain View, California, US",30.0,12.0,-9999.0,-9999.0,-9999.0,18.36,340,0,-9999.0,10.0,86.0,33.0
20240904-0100,Mountain View Moffett Field Naval Air Station,"Mountain View, California, US",27.0,16.0,-9999.0,-9999.0,-9999.0,18.36,340,0,-9999.0,45.0,80.6,51.0
20240904-0200,Mountain View Moffett Field Naval Air Station,"Mountain View, California, US",25.0,16.0,-9999.0,-9999.0,-9999.0,14.76,330,0,-9999.0,55.0,77.0,57.4
20240904-0300,Mountain View Moffett Field Naval Air Station,"Mountain View, California, US",23.0,15.0,-9999.0,-9999.0,-9999.0,11.16,330,0,-9999.0,60.0,73.4,60.7
20240904-0400,Mountain View Moffett Field Naval Air Station,"Mountain View, California, US",23.0,15.0,-9999.0,-9999.0,-9999.0,7.5600000000000005,340,0,-9999.0,60.0,73.4,60.7
20240904-0500,Mountain View Moffett Field Naval Air Station,"Mountain View, California, US",23.0,13.0,-9999.0,-9999.0,-9999.0,7.5600000000000005,290,0,-9999.0,50.0,73.4,53.3
20240904-0600,Mountain View Moffett Field Naval Air Station,"Mountain View, California, US",21.0,15.0,-9999.0,-9999.0,-9999.0,5.4,340,0,-9999.0,70.0,69.8,68.6
20240904-0700,Mountain View Moffett Field Naval Air Station,"Mountain View, California, US",20.0,15.0,-9999.0,-9999.0,-9999.0,0.0,0,0,-9999.0,75.0,68.0,72.9
20240904-0800,Mountain View Moffett Field Naval Air Station,"Mountain View, California, US",20.0,16.0,-9999.0,-9999.0,-9999.0,0.0,0,0,-9999.0,80.0,68.0,77.7
20240904-0900,Mountain View Moffett Field Naval Air Station,"Mountain View, California, US",19.0,15.0,-9999.0,-9999.0,-9999.0,0.0,0,0,-9999.0,80.0,66.2,77.6
20240904-1000,Mountain View Moffett Field Naval Air Station,"Mountain View, California, US",19.0,16.0,-9999.0,-9999.0,-9999.0,0.0,0,0,-9999.0,85.0,66.2,82.7
20240904-1100,Mountain View Moffett Field Naval Air Station,"Mountain View, California, US",18.0,16.0,-9999.0,-9999.0,-9999.0,0.0,0,0,-9999.0,90.0,64.4,88.1
20240904-1200,Mountain View Moffett Field Naval Air Station,"Mountain View, California, US",17.0,15.0,-9999.0,-9999.0,-9999.0,0.0,0,0,-9999.0,90.0,62.6,88.0
20240904-1300,Mountain View Moffett Field Naval Air Station,"Mountain View, California, US",17.0,15.0,-9999.0,-9999.0,-9999.0,0.0,0,0,-9999.0,90.0,62.6,88.0
20240904-1400,Mountain View Moffett Field Naval Air Station,"Mountain View, California, US",17.0,15.0,-9999.0,-9999.0,-9999.0,0.0,0,0,-9999.0,90.0,62.6,88.0
20240904-1500,Mountain View Moffett Field Naval Air Station,"Mountain View, California, US",18.0,15.0,-9999.0,-9999.0,-9999.0,0.0,0,0,-9999.0,85.0,64.4,82.6
20240904-1600,Mountain View Moffett Field Naval Air Station,"Mountain View, California, US",19.0,15.0,-9999.0,-9999.0,-9999.0,0.0,0,0,-9999.0,80.0,66.2,77.6
20240904-1700,Mountain View Moffett Field Naval Air Station,"Mountain View, California, US",20.0,16.0,-9999.0,-9999.0,-9999.0,7.5600000000000005,340,0,-9999.0,80.0,68.0,77.7
20240904-1800,Mountain View Moffett Field Naval Air Station,"Mountain View, California, US",21.0,16.0,-9999.0,-9999.0,-9999.0,9.360000000000001,350,0,-9999.0,75.0,69.8,73.1
20240904-1900,Mountain View Moffett Field Naval Air Station,"Mountain View, California, US",23.0,16.0,-9999.0,-9999.0,-9999.0,11.16,360,0,-9999.0,65.0,73.4,64.7
20240904-2000,Mountain View Moffett Field Naval Air Station,"Mountain View, California, US",25.0,15.0,-9999.0,-9999.0,-9999.0,12.959999999999999,350,0,-9999.0,50.0,77.0,53.8
20240904-2100,Mountain View Moffett Field Naval Air Station,"Mountain View, California, US",26.0,15.0,-9999.0,-9999.0,-9999.0,16.56,350,0,-9999.0,45.0,78.8,50.7
20240904-2200,Mountain View Moffett Field Naval Air Station,"Mountain View, California, US",26.0,15.0,-9999.0,-9999.0,-9999.0,20.520000000000003,350,0,-9999.0,45.0,78.8,50.7
20240904-2300,Mountain View Moffett Field Naval Air Station,"Mountain View, California, US",27.0,15.0,-9999.0,-9999.0,-9999.0,16.56,350,0,-9999.0,40.0,80.6,47.8
20240905-0000,Mountain View Moffett Field Naval Air Station,"Mountain View, California, US",27.0,14.0,-9999.0,-9999.0,-9999.0,16.56,340,0,-9999.0,35.0,80.6,44.8
20240905-0100,Mountain View Moffett Field Naval Air Station,"Mountain View, California, US",25.0,15.0,-9999.0,-9999.0,-9999.0,14.76,330,0,-9999.0,50.0,77.0,53.8
20240905-0200,Mountain View Moffett Field Naval Air Station,"Mountain View, California, US",21.0,16.0,-9999.0,-9999.0,-9999.0,14.76,330,0,-9999.0,75.0,69.8,73.1
20240905-0300,Mountain View Moffett Field Naval Air Station,"Mountain View, California, US",19.0,16.0,-9999.0,-9999.0,-9999.0,11.16,310,0,-9999.0,85.0,66.2,82.7
20240905-0400,Mountain View Moffett Field Naval Air Station,"Mountain View, California, US",18.0,16.0,-9999.0,-9999.0,-9999.0,7.5600000000000005,-9999,0,-9999.0,90.0,64.4,88.1
20240905-0500,Mountain View Moffett Field Naval Air Station,"Mountain View, California, US",18.0,15.0,-9999.0,-9999.0,-9999.0,0.0,0,0,-9999.0,85.0,64.4,82.6
20240905-0600,Mountain View Moffett Field Naval Air Station,"Mountain View, California, US",18.0,16.0,-9999.0,-9999.0,-9999.0,0.0,0,0,-9999.0,90.0,64.4,88.1
20240905-0700,Mountain View Moffett Field Naval Air Station,"Mountain View, California, US",18.0,15.0,-9999.0,-9999.0,-9999.0,0.0,0,0,-9999.0,85.0,64.4,82.6
20240905-0800,Mountain View Moffett Field Naval Air Station,"Mountain View, California, US",18.0,15.0,-9999.0,-9999.0,-9999.0,5.4,300,0,-9999.0,85.0,64.4,82.6
20240905-0900,Mountain View Moffett Field Naval Air Station,"Mountain View, California, US",17.0,15.0,-9999.0,-9999.0,-9999.0,5.4,260,0,-9999.0,90.0,62.6,88.0
20240905-1000,Mountain View Moffett Field Naval Air Station,"Mountain View, California, US",17.0,15.0,-9999.0,-9999.0,-9999.0,0.0,0,-9999,-9999.0,90.0,62.6,88.0
20240905-1100,Mountain View Moffett Field Naval Air Station,"Mountain View, California, US",17.0,15.0,-9999.0,-9999.0,-9999.0,0.0,0,-9999,-9999.0,90.0,62.6,88.0
20240905-1200,Mountain View Moffett Field Naval Air Station,"Mountain View, California, US",17.0,15.0,-9999.0,-9999.0,-9999.0,0.0,0,-9999,-9999.0,90.0,62.6,88.0
20240905-1300,Mountain View Moffett Field Naval Air Station,"Mountain View, California, US",16.0,15.0,-9999.0,-9999.0,-9999.0,0.0,0,-9999,-9999.0,95.0,60.8,93.8
20240905-1400,Mountain View Moffett Field Naval Air Station,"Mountain View, California, US",17.0,15.0,-9999.0,-9999.0,-9999.0,0.0,0,-9999,-9999.0,90.0,62.6,88.0
20240905-1500,Mountain View Moffett Field Naval Air Station,"Mountain View, California, US",17.0,16.0,-9999.0,-9999.0,-9999.0,-9999.0,-9999,-9999,-9999.0,95.0,62.6,93.8
20240905-1600,Mountain View Moffett Field Naval Air Station,"Mountain View, California, US",18.0,16.0,-9999.0,-9999.0,-9999.0,0.0,0,-9999,-9999.0,90.0,64.4,88.1
20240905-1700,Mountain View Moffett Field Naval Air Station,"Mountain View, California, US",20.0,16.0,-9999.0,-9999.0,-9999.0,7.5600000000000005,-9999,0,-9999.0,80.0,68.0,77.7
20240905-1800,Mountain View Moffett Field Naval Air Station,"Mountain View, California, US",20.0,16.0,-9999.0,-9999.0,-9999.0,11.16,360,0,-9999.0,80.0,68.0,77.7
20240905-1900,Mountain View Moffett Field Naval Air Station,"Mountain View, California, US",22.0,16.0,-9999.0,-9999.0,-9999.0,9.360000000000001,360,0,-9999.0,70.0,71.6,68.7
20240905-2000,Mountain View Moffett Field Naval Air Station,"Mountain View, California, US",25.0,15.0,-9999.0,-9999.0,-9999.0,11.16,350,0,-9999.0,50.0,77.0,53.8
20240905-2100,Mountain View Moffett Field Naval Air Station,"Mountain View, California, US",27.0,12.0,-9999.0,-9999.0,-9999.0,11.16,360,0,-9999.0,25.0,80.6,39.3
20240905-2200,Mountain View Moffett Field Naval Air Station,"Mountain View, California, US",28.0,11.0,-9999.0,-9999.0,-9999.0,16.56,350,0,-9999.0,15.0,82.4,34.7
20240905-2300,Mountain View Moffett Field Naval Air Station,"Mountain View, California, US",29.0,11.0,-9999.0,-9999.0,-9999.0,14.76,340,0,-9999.0,10.0,84.2,32.7
20240906-0000,Mountain View Moffett Field Naval Air Station,"Mountain View, California, US",28.0,14.0,-9999.0,-9999.0,-9999.0,12.959999999999999,350,0,-9999.0,30.0,82.4,42.2
20240906-0100,Mountain View Moffett Field Naval Air Station,"Mountain View, California, US",26.0,13.0,-9999.0,-9999.0,-9999.0,12.959999999999999,320,0,-9999.0,35.0,78.8,44.5
20240906-0200,Mountain View Moffett Field Naval Air Station,"Mountain View, California, US",25.0,13.0,-9999.0,-9999.0,-9999.0,11.16,320,0,-9999.0,40.0,77.0,47.3
20240906-0300,Mountain View Moffett Field Naval Air Station,"Mountain View, California, US",24.0,12.0,-9999.0,-9999.0,-9999.0,11.16,290,0,-9999.0,40.0,75.2,47.0
20240906-0400,Mountain View Moffett Field Naval Air Station,"Mountain View, California, US",20.0,13.0,-9999.0,-9999.0,-9999.0,9.360000000000001,300,0,-9999.0,65.0,68.0,64.0
20240906-0500,Mountain View Moffett Field Naval Air Station,"Mountain View, California, US",19.0,14.0,-9999.0,-9999.0,-9999.0,9.360000000000001,330,0,-9999.0,75.0,66.2,72.7
20240906-0600,Mountain View Moffett Field Naval Air Station,"Mountain View, California, US",18.0,14.0,-9999.0,-9999.0,-9999.0,11.16,310,0,-9999.0,80.0,64.4,77.4
20240906-0700,Mountain View Moffett Field Naval Air Station,"Mountain View, California, US",17.0,14.0,-9999.0,-9999.0,-9999.0,0.0,0,0,-9999.0,85.0,62.6,82.5
20240906-0800,Mountain View Moffett Field Naval Air Station,"Mountain View, California, US",17.0,14.0,-9999.0,-9999.0,-9999.0,7.5600000000000005,270,0,-9999.0,85.0,62.6,82.5
20240906-0900,Mountain View Moffett Field Naval Air Station,"Mountain View, California, US",17.0,14.0,-9999.0,-9999.0,-9999.0,0.0,0,0,-9999.0,85.0,62.6,82.5
20240906-1000,Mountain View Moffett Field Naval Air Station,"Mountain View, California, US",17.0,15.0,-9999.0,-9999.0,-9999.0,0.0,0,-9999,-9999.0,90.0,62.6,88.0
20240906-1100,Mountain View Moffett Field Naval Air Station,"Mountain View, California, US",17.0,14.0,-9999.0,-9999.0,-9999.0,0.0,0,0,-9999.0,85.0,62.6,82.5
20240906-1200,Mountain View Moffett Field Naval Air Station,"Mountain View, California, US",16.0,14.0,-9999.0,-9999.0,-9999.0,0.0,0,0,-9999.0,90.0,60.8,87.9
20240906-1300,Mountain View Moffett Field Naval Air Station,"Mountain View, California, US",16.0,14.0,-9999.0,-9999.0,-9999.0,0.0,0,0,-9999.0,90.0,60.8,87.9
20240906-1400,Mountain View Moffett Field Naval Air Station,"Mountain View, California, US",16.0,14.0,-9999.0,-9999.0,-9999.0,0.0,0,0,-9999.0,90.0,60.8,87.9
20240906-1500,Mountain View Moffett Field Naval Air Station,"Mountain View, California, US",18.0,15.0,-9999.0,-9999.0,-9999.0,0.0,0,0,-9999.0,85.0,64.4,82.6
20240906-1600,Mountain View Moffett Field Naval Air Station,"Mountain View, California, US",18.0,15.0,-9999.0,-9999.0,-9999.0,12.959999999999999,350,0,-9999.0,85.0,64.4,82.6
20240906-1700,Mountain View Moffett Field Naval Air Station,"Mountain View, California, US",19.0,15.0,-9999.0,-9999.0,-9999.0,16.56,350,0,-9999.0,80.0,66.2,77.6
20240906-1800,Mountain View Moffett Field Naval Air Station,"Mountain View, California, US",20.0,15.0,-9999.0,-9999.0,-9999.0,11.16,360,0,-9999.0,75.0,68.0,72.9
20240906-1900,Mountain View Moffett Field Naval Air Station,"Mountain View, California, US",22.0,15.0,-9999.0,-9999.0,-9999.0,14.76,350,0,-9999.0,65.0,71.6,64.5
20240906-2000,Mountain View Moffett Field Naval Air Station,"Mountain View, California, US",24.0,15.0,-9999.0,-9999.0,-9999.0,14.76,350,0,-9999.0,55.0,75.2,57.1
20240906-2100,Mountain View Moffett Field Naval Air Station,"Mountain View, California, US",24.0,15.0,-9999.0,-9999.0,-9999.0,14.76,360,0,-9999.0,55.0,75.2,57.1
20240906-2200,Mountain View Moffett Field Naval Air Station,"Mountain View, California, US",27.0,15.0,-9999.0,-9999.0,-9999.0,12.959999999999999,350,0,-9999.0,40.0,80.6,47.8
20240906-2300,Mountain View Moffett Field Naval Air Station,"Mountain View, California, US",26.0,13.0,-9999.0,-9999.0,-9999.0,14.76,340,0,-9999.0,35.0,78.8,44.5
20240907-0000,Mountain View Moffett Field Naval Air Station,"Mountain View, California, US",27.0,13.0,-9999.0,-9999.0,-9999.0,12.959999999999999,340,0,-9999.0,30.0,80.6,42.0
20240907-0100,Mountain View Moffett Field Naval Air Station,"Mountain View, California, US",26.0,12.0,-9999.0,-9999.0,-9999.0,12.959999999999999,320,0,-9999.0,30.0,78.8,41.7
20240907-0200,Mountain View Moffett Field Naval Air Station,"Mountain View, California, US",24.0,14.0,-9999.0,-9999.0,-9999.0,9.360000000000001,330,0,-9999.0,50.0,75.2,53.5
20240907-0300,Mountain View Moffett Field Naval Air Station,"Mountain View, California, US",22.0,14.0,-9999.0,-9999.0,-9999.0,11.16,340,0,-9999.0,60.0,71.6,60.4
20240909-1500,Mountain View Moffett Field Naval Air Station,"Mountain View, California, US",16.0,14.0,-9999.0,-9999.0,-9999.0,0.0,0,-9999,-9999.0,90.0,60.8,87.9
20240909-1600,Mountain View Moffett Field Naval Air Station,"Mountain View, California, US",17.0,15.0,-9999.0,-9999.0,-9999.0,0.0,0,-9999,-9999.0,90.0,62.6,88.0
20240909-1700,Mountain View Moffett Field Naval Air Station,"Mountain View, California, US",18.0,15.0,-9999.0,-9999.0,-9999.0,9.360000000000001,350,-9999,-9999.0,85.0,64.4,82.6
20240909-1800,Mountain View Moffett Field Naval Air Station,"Mountain View, California, US",19.0,15.0,-9999.0,-9999.0,-9999.0,14.76,350,0,-9999.0,80.0,66.2,77.6
20240909-1900,Mountain View Moffett Field Naval Air Station,"Mountain View, California, US",20.0,14.0,-9999.0,-9999.0,-9999.0,12.959999999999999,350,0,-9999.0,70.0,68.0,68.4
20240909-2000,Mountain View Moffett Field Naval Air Station,"Mountain View, California, US",21.0,15.0,-9999.0,-9999.0,-9999.0,18.36,340,0,-9999.0,70.0,69.8,68.6
20240909-2100,Mountain View Moffett Field Naval Air Station,"Mountain View, California, US",22.0,14.0,-9999.0,-9999.0,-9999.0,18.36,340,0,-9999.0,60.0,71.6,60.4
20240909-2200,Mountain View Moffett Field Naval Air Station,"Mountain View, California, US",22.0,15.0,-9999.0,-9999.0,-9999.0,20.520000000000003,340,0,-9999.0,65.0,71.6,64.5
20240909-2300,Mountain View Moffett Field Naval Air Station,"Mountain View, California, US",22.0,15.0,-9999.0,-9999.0,-9999.0,25.919999999999998,340,0,-9999.0,65.0,71.6,64.5
20240910-0000,Mountain View Moffett Field Naval Air Station,"Mountain View, California, US",21.0,14.0,-9999.0,-9999.0,-9999.0,24.12,340,0,-9999.0,65.0,69.8,64.3
20240910-0100,Mountain View Moffett Field Naval Air Station,"Mountain View, California, US",20.0,14.0,-9999.0,-9999.0,-9999.0,20.520000000000003,340,0,-9999.0,70.0,68.0,68.4
20240910-0200,Mountain View Moffett Field Naval Air Station,"Mountain View, California, US",19.0,14.0,-9999.0,-9999.0,-9999.0,24.12,350,0,-9999.0,75.0,66.2,72.7
20240910-0300,Mountain View Moffett Field Naval Air Station,"Mountain View, California, US",18.0,14.0,-9999.0,-9999.0,-9999.0,16.56,340,0,-9999.0,80.0,64.4,77.4
20240910-0400,Mountain View Moffett Field Naval Air Station,"Mountain View, California, US",18.0,14.0,-9999.0,-9999.0,-9999.0,16.56,340,0,-9999.0,80.0,64.4,77.4
20240910-0500,Mountain View Moffett Field Naval Air Station,"Mountain View, California, US",17.0,14.0,-9999.0,-9999.0,-9999.0,12.959999999999999,10,0,-9999.0,85.0,62.6,82.5
20240910-0600,Mountain View Moffett Field Naval Air Station,"Mountain View, California, US",16.0,14.0,-9999.0,-9999.0,-9999.0,9.360000000000001,40,25,-9999.0,90.0,60.8,87.9
20240910-0700,Mountain View Moffett Field Naval Air Station,"Mountain View, California, US",16.0,13.0,-9999.0,-9999.0,-9999.0,0.0,0,-9999,-9999.0,85.0,60.8,82.4
20240910-0800,Mountain View Moffett Field Naval Air Station,"Mountain View, California, US",16.0,13.0,-9999.0,-9999.0,-9999.0,9.360000000000001,20,-9999,-9999.0,85.0,60.8,82.4
20240910-0900,Mountain View Moffett Field Naval Air Station,"Mountain View, California, US",16.0,13.0,-9999.0,-9999.0,-9999.0,9.360000000000001,50,-9999,-9999.0,85.0,60.8,82.4
20240910-1000,Mountain View Moffett Field Naval Air Station,"Mountain View, California, US",16.0,13.0,-9999.0,-9999.0,-9999.0,7.5600000000000005,70,-9999,-9999.0,85.0,60.8,82.4
20240910-1100,Mountain View Moffett Field Naval Air Station,"Mountain View, California, US",17.0,13.0,-9999.0,-9999.0,-9999.0,5.4,-9999,-9999,-9999.0,80.0,62.6,77.3
20240910-1200,Mountain View Moffett Field Naval Air Station,"Mountain View, California, US",16.0,13.0,-9999.0,-9999.0,-9999.0,5.4,140,-9999,-9999.0,85.0,60.8,82.4
20240910-1300,Mountain View Moffett Field Naval Air Station,"Mountain View, California, US",16.0,13.0,-9999.0,-9999.0,-9999.0,7.5600000000000005,110,-9999,-9999.0,85.0,60.8,82.4
20240910-1400,Mountain View Moffett Field Naval Air Station,"Mountain View, California, US",16.0,12.0,-9999.0,-9999.0,-9999.0,11.16,130,-9999,-9999.0,80.0,60.8,77.1
20240910-1500,Mountain View Moffett Field Naval Air Station,"Mountain View, California, US",16.0,12.0,-9999.0,-9999.0,-9999.0,11.16,140,-9999,-9999.0,80.0,60.8,77.1
20240910-1600,Mountain View Moffett Field Naval Air Station,"Mountain View, California, US",16.0,12.0,-9999.0,-9999.0,-9999.0,9.360000000000001,120,-9999,-9999.0,80.0,60.8,77.1
20240910-1700,Mountain View Moffett Field Naval Air Station,"Mountain View, California, US",17.0,12.0,-9999.0,-9999.0,-9999.0,9.360000000000001,-9999,-9999,-9999.0,75.0,62.6,72.4
20240910-1800,Mountain View Moffett Field Naval Air Station,"Mountain View, California, US",17.0,12.0,-9999.0,-9999.0,-9999.0,7.5600000000000005,90,-9999,-9999.0,75.0,62.6,72.4
20240910-1900,Mountain View Moffett Field Naval Air Station,"Mountain View, California, US",20.0,12.0,-9999.0,-9999.0,-9999.0,0.0,0,25,-9999.0,60.0,68.0,60.0
20240910-2000,Mountain View Moffett Field Naval Air Station,"Mountain View, California, US",20.0,12.0,-9999.0,-9999.0,-9999.0,16.56,350,0,-9999.0,60.0,68.0,60.0
20240910-2100,Mountain View Moffett Field Naval Air Station,"Mountain View, California, US",20.0,12.0,-9999.0,-9999.0,-9999.0,18.36,360,0,-9999.0,60.0,68.0,60.0
20240910-2200,Mountain View Moffett Field Naval Air Station,"Mountain View, California, US",20.0,13.0,-9999.0,-9999.0,-9999.0,16.56,340,0,-9999.0,65.0,68.0,64.0
20240910-2300,Mountain View Moffett Field Naval Air Station,"Mountain View, California, US",20.0,13.0,-9999.0,-9999.0,-9999.0,22.32,340,0,-9999.0,65.0,68.0,64.0
20240911-0000,Mountain View Moffett Field Naval Air Station,"Mountain View, California, US",20.0,14.0,-9999.0,-9999.0,-9999.0,29.52,340,0,-9999.0,70.0,68.0,68.4
20240911-0100,Mountain View Moffett Field Naval Air Station,"Mountain View, California, US",20.0,13.0,-9999.0,-9999.0,-9999.0,22.32,340,0,-9999.0,65.0,68.0,64.0
20240911-0200,Mountain View Moffett Field Naval Air Station,"Mountain View, California, US",18.0,14.0,-9999.0,-9999.0,-9999.0,22.32,360,0,-9999.0,80.0,64.4,77.4
20240911-0300,Mountain View Moffett Field Naval Air Station,"Mountain View, California, US",17.0,13.0,-9999.0,-9999.0,-9999.0,12.959999999999999,340,50,-9999.0,80.0,62.6,77.3
20240911-0400,Mountain View Moffett Field Naval Air Station,"Mountain View, California, US",16.0,13.0,-9999.0,-9999.0,-9999.0,0.0,0,25,-9999.0,85.0,60.8,82.4
20240911-0500,Mountain View Moffett Field Naval Air Station,"Mountain View, California, US",16.0,12.0,-9999.0,-9999.0,-9999.0,7.5600000000000005,320,25,-9999.0,80.0,60.8,77.1
20240911-0600,Mountain View Moffett Field Naval Air Station,"Mountain View, California, US",15.0,12.0,-9999.0,-9999.0,-9999.0,0.0,0,0,-9999.0,85.0,59.0,82.2
20240911-0700,Mountain View Moffett Field Naval Air Station,"Mountain View, California, US",16.0,12.0,-9999.0,-9999.0,-9999.0,0.0,0,-9999,-9999.0,80.0,60.8,77.1
20240911-0800,Mountain View Moffett Field Naval Air Station,"Mountain View, California, US",15.0,12.0,-9999.0,-9999.0,-9999.0,0.0,0,25,-9999.0,85.0,59.0,82.2
20240911-0900,Mountain View Moffett Field Naval Air Station,"Mountain View, California, US",15.0,12.0,-9999.0,-9999.0,-9999.0,0.0,0,0,-9999.0,85.0,59.0,82.2
20240911-1000,Mountain View Moffett Field Naval Air Station,"Mountain View, California, US",15.0,12.0,-9999.0,-9999.0,-9999.0,0.0,0,0,-9999.0,85.0,59.0,82.2
20240911-1100,Mountain View Moffett Field Naval Air Station,"Mountain View, California, US",14.0,12.0,-9999.0,-9999.0,-9999.0,0.0,0,50,-9999.0,90.0,57.2,87.7
20240911-1200,Mountain View Moffett Field Naval Air Station,"Mountain View, California, US",13.0,11.0,-9999.0,-9999.0,-9999.0,0.0,0,0,-9999.0,90.0,55.4,87.6
20240911-1300,Mountain View Moffett Field Naval Air Station,"Mountain View, California, US",13.0,11.0,-9999.0,-9999.0,-9999.0,0.0,0,0,-9999.0,90.0,55.4,87.6
20240911-1400,Mountain View Moffett Field Naval Air Station,"Mountain View, California, US",13.0,11.0,-9999.0,-9999.0,-9999.0,0.0,0,0,-9999.0,90.0,55.4,87.6
20240911-1500,Mountain View Moffett Field Naval Air Station,"Mountain View, California, US",15.0,12.0,-9999.0,-9999.0,-9999.0,7.5600000000000005,150,0,-9999.0,85.0,59.0,82.2
20240911-1600,Mountain View Moffett Field Naval Air Station,"Mountain View, California, US",18.0,12.0,-9999.0,-9999.0,-9999.0,7.5600000000000005,120,0,-9999.0,70.0,64.4,68.0
20240911-1700,Mountain View Moffett Field Naval Air Station,"Mountain View, California, US",20.0,11.0,-9999.0,-9999.0,-9999.0,5.4,120,0,-9999.0,55.0,68.0,56.1
20240911-1800,Mountain View Moffett Field Naval Air Station,"Mountain View, California, US",20.0,12.0,-9999.0,-9999.0,-9999.0,11.16,30,0,-9999.0,60.0,68.0,60.0
20240911-1900,Mountain View Moffett Field Naval Air Station,"Mountain View, California, US",20.0,12.0,-9999.0,-9999.0,-9999.0,14.76,340,0,-9999.0,60.0,68.0,60.0
20240911-2000,Mountain View Moffett Field Naval Air Station,"Mountain View, California, US",21.0,13.0,-9999.0,-9999.0,-9999.0,20.520000000000003,360,0,-9999.0,60.0,69.8,60.2
20240911-2100,Mountain View Moffett Field Naval Air Station,"Mountain View, California, US",22.0,14.0,-9999.0,-9999.0,-9999.0,27.72,350,0,-9999.0,60.0,71.6,60.4
20240911-2200,Mountain View Moffett Field Naval Air Station,"Mountain View, California, US",24.0,15.0,-9999.0,-9999.0,-9999.0,31.68,10,0,-9999.0,55.0,75.2,57.1
20240911-2300,Mountain View Moffett Field Naval Air Station,"Mountain View, California, US",25.0,14.0,-9999.0,-9999.0,-9999.0,22.32,320,0,-9999.0,45.0,77.0,50.4
20240912-0000,Mountain View Moffett Field Naval Air Station,"Mountain View, California, US",24.0,14.0,-9999.0,-9999.0,-9999.0,25.919999999999998,280,0,-9999.0,50.0,75.2,53.5
20240912-0100,Mountain View Moffett Field Naval Air Station,"Mountain View, California, US",23.0,14.0,-9999.0,-9999.0,-9999.0,14.76,330,0,-9999.0,55.0,73.4,56.9
20240912-0200,Mountain View Moffett Field Naval Air Station,"Mountain View, California, US",22.0,14.0,-9999.0,-9999.0,-9999.0,14.76,320,0,-9999.0,60.0,71.6,60.4
20240912-0300,Mountain View Moffett Field Naval Air Station,"Mountain View, California, US",20.0,14.0,-9999.0,-9999.0,-9999.0,16.56,330,0,-9999.0,70.0,68.0,68.4
20240912-0400,Mountain View Moffett Field Naval Air Station,"Mountain View, California, US",20.0,13.0,-9999.0,-9999.0,-9999.0,9.360000000000001,310,0,-9999.0,65.0,68.0,64.0
20240912-0500,Mountain View Moffett Field Naval Air Station,"Mountain View, California, US",20.0,13.0,-9999.0,-9999.0,-9999.0,12.959999999999999,270,0,-9999.0,65.0,68.0,64.0
20240912-0600,Mountain View Moffett Field Naval Air Station,"Mountain View, California, US",18.0,13.0,-9999.0,-9999.0,-9999.0,12.959999999999999,320,0,-9999.0,75.0,64.4,72.6
20240912-0700,Mountain View Moffett Field Naval Air Station,"Mountain View, California, US",17.0,14.0,-9999.0,-9999.0,-9999.0,12.959999999999999,320,0,-9999.0,85.0,62.6,82.5
20240912-0800,Mountain View Moffett Field Naval Air Station,"Mountain View, California, US",17.0,14.0,-9999.0,-9999.0,-9999.0,5.4,260,0,-9999.0,85.0,62.6,82.5
20240912-0900,Mountain View Moffett Field Naval Air Station,"Mountain View, California, US",15.0,13.0,-9999.0,-9999.0,-9999.0,0.0,0,0,-9999.0,90.0,59.0,87.8
20240912-1000,Mountain View Moffett Field Naval Air Station,"Mountain View, California, US",16.0,14.0,-9999.0,-9999.0,-9999.0,9.360000000000001,360,0,-9999.0,90.0,60.8,87.9
20240912-1100,Mountain View Moffett Field Naval Air Station,"Mountain View, California, US",15.0,13.0,-9999.0,-9999.0,-9999.0,0.0,0,0,-9999.0,90.0,59.0,87.8
20240912-1200,Mountain View Moffett Field Naval Air Station,"Mountain View, California, US",15.0,12.0,-9999.0,-9999.0,-9999.0,0.0,0,0,-9999.0,85.0,59.0,82.2
20240912-1300,Mountain View Moffett Field Naval Air Station,"Mountain View, California, US",15.0,13.0,-9999.0,-9999.0,-9999.0,9.360000000000001,360,50,-9999.0,90.0,59.0,87.8
20240912-1400,Mountain View Moffett Field Naval Air Station,"Mountain View, California, US",14.0,13.0,-9999.0,-9999.0,-9999.0,0.0,0,50,-9999.0,95.0,57.2,93.7
20240912-1500,Mountain View Moffett Field Naval Air Station,"Mountain View, California, US",16.0,13.0,-9999.0,-9999.0,-9999.0,0.0,0,-9999,-9999.0,85.0,60.8,82.4
20240912-1600,Mountain View Moffett Field Naval Air Station,"Mountain View, California, US",17.0,13.0,-9999.0,-9999.0,-9999.0,0.0,0,0,-9999.0,80.0,62.6,77.3
20240912-1700,Mountain View Moffett Field Naval Air Station,"Mountain View, California, US",18.0,13.0,-9999.0,-9999.0,-9999.0,0.0,0,0,-9999.0,75.0,64.4,72.6
20240912-1800,Mountain View Moffett Field Naval Air Station,"Mountain View, California, US",20.0,14.0,-9999.0,-9999.0,-9999.0,11.16,350,0,-9999.0,70.0,68.0,68.4
20240912-1900,Mountain View Moffett Field Naval Air Station,"Mountain View, California, US",23.0,11.0,-9999.0,-9999.0,-9999.0,7.5600000000000005,320,0,-9999.0,40.0,73.4,46.7
20240912-2000,Mountain View Moffett Field Naval Air Station,"Mountain View, California, US",25.0,11.0,-9999.0,-9999.0,-9999.0,9.360000000000001,280,0,-9999.0,30.0,77.0,41.4
20240912-2100,Mountain View Moffett Field Naval Air Station,"Mountain View, California, US",25.0,12.0,-9999.0,-9999.0,-9999.0,18.36,350,0,-9999.0,35.0,77.0,44.2
20240912-2200,Mountain View Moffett Field Naval Air Station,"Mountain View, California, US",26.0,12.0,-9999.0,-9999.0,-9999.0,25.919999999999998,350,0,-9999.0,30.0,78.8,41.7
20240912-2300,Mountain View Moffett Field Naval Air Station,"Mountain View, California, US",24.0,11.0,-9999.0,-9999.0,-9999.0,24.12,340,0,-9999.0,35.0,75.2,44.0
20240913-0000,Mountain View Moffett Field Naval Air Station,"Mountain View, California, US",24.0,15.0,-9999.0,-9999.0,-9999.0,25.919999999999998,340,0,-9999.0,55.0,75.2,57.1
20240913-0100,Mountain View Moffett Field Naval Air Station,"Mountain View, California, US",22.0,15.0,-9999.0,-9999.0,-9999.0,24.12,340,0,-9999.0,65.0,71.6,64.5
20240913-0200,Mountain View Moffett Field Naval Air Station,"Mountain View, California, US",21.0,14.0,-9999.0,-9999.0,-9999.0,24.12,340,0,-9999.0,65.0,69.8,64.3
20240913-0300,Mountain View Moffett Field Naval Air Station,"Mountain View, California, US",19.0,14.0,-9999.0,-9999.0,-9999.0,16.56,340,0,-9999.0,75.0,66.2,72.7
20240913-0400,Mountain View Moffett Field Naval Air Station,"Mountain View, California, US",18.0,14.0,-9999.0,-9999.0,-9999.0,9.360000000000001,10,0,-9999.0,80.0,64.4,77.4
20240913-0500,Mountain View Moffett Field Naval Air Station,"Mountain View, California, US",18.0,14.0,-9999.0,-9999.0,-9999.0,0.0,0,0,-9999.0,80.0,64.4,77.4
20240913-0600,Mountain View Moffett Field Naval Air Station,"Mountain View, California, US",18.0,14.0,-9999.0,-9999.0,-9999.0,0.0,0,0,-9999.0,80.0,64.4,77.4
20240913-0700,Mountain View Moffett Field Naval Air Station,"Mountain View, California, US",17.0,13.0,-9999.0,-9999.0,-9999.0,0.0,0,0,-9999.0,80.0,62.6,77.3
20240913-0800,Mountain View Moffett Field Naval Air Station,"Mountain View, California, US",16.0,13.0,-9999.0,-9999.0,-9999.0,0.0,0,0,-9999.0,85.0,60.8,82.4
20240913-0900,Mountain View Moffett Field Naval Air Station,"Mountain View, California, US",16.0,13.0,-9999.0,-9999.0,-9999.0,0.0,0,0,-9999.0,85.0,60.8,82.4
20240913-1000,Mountain View Moffett Field Naval Air Station,"Mountain View, California, US",15.0,12.0,-9999.0,-9999.0,-9999.0,0.0,0,0,-9999.0,85.0,59.0,82.2
20240913-1100,Mountain View Moffett Field Naval Air Station,"Mountain View, California, US",15.0,11.0,-9999.0,-9999.0,-9999.0,0.0,0,0,-9999.0,80.0,59.0,77.0
20240913-1800,Mountain View Moffett Field Naval Air Station,"Mountain View, California, US",22.0,13.0,-9999.0,-9999.0,-9999.0,0.0,0,-9999,-9999.0,55.0,71.6,56.6
20240913-1900,Mountain View Moffett Field Naval Air Station,"Mountain View, California, US",25.0,12.0,-9999.0,-9999.0,-9999.0,0.0,0,-9999,-9999.0,35.0,77.0,44.2
20240913-2000,Mountain View Moffett Field Naval Air Station,"Mountain View, California, US",25.0,13.0,-9999.0,-9999.0,-9999.0,14.76,350,0,-9999.0,40.0,77.0,47.3
20240913-2100,Mountain View Moffett Field Naval Air Station,"Mountain View, California, US",25.0,14.0,-9999.0,-9999.0,-9999.0,18.36,350,0,-9999.0,45.0,77.0,50.4
20240913-2200,Mountain View Moffett Field Naval Air Station,"Mountain View, California, US",25.0,16.0,-9999.0,-9999.0,-9999.0,18.36,340,0,-9999.0,55.0,77.0,57.4
20240913-2300,Mountain View Moffett Field Naval Air Station,"Mountain View, California, US",24.0,15.0,-9999.0,-9999.0,-9999.0,16.56,320,0,-9999.0,55.0,75.2,57.1
20240914-0000,Mountain View Moffett Field Naval Air Station,"Mountain View, California, US",24.0,14.0,-9999.0,-9999.0,-9999.0,16.56,330,0,-9999.0,50.0,75.2,53.5
20240914-0100,Mountain View Moffett Field Naval Air Station,"Mountain View, California, US",22.0,16.0,-9999.0,-9999.0,-9999.0,14.76,340,0,-9999.0,70.0,71.6,68.7
20240914-0200,Mountain View Moffett Field Naval Air Station,"Mountain View, California, US",20.0,15.0,-9999.0,-9999.0,-9999.0,12.959999999999999,310,0,-9999.0,75.0,68.0,72.9
20240914-0300,Mountain View Moffett Field Naval Air Station,"Mountain View, California, US",19.0,15.0,-9999.0,-9999.0,-9999.0,11.16,320,0,-9999.0,80.0,66.2,77.6
20240914-0400,Mountain View Moffett Field Naval Air Station,"Mountain View, California, US",19.0,14.0,-9999.0,-9999.0,-9999.0,7.5600000000000005,-9999,0,-9999.0,75.0,66.2,72.7
20240914-0500,Mountain View Moffett Field Naval Air Station,"Mountain View, California, US",17.0,13.0,-9999.0,-9999.0,-9999.0,7.5600000000000005,280,0,-9999.0,80.0,62.6,77.3
20240914-0700,Mountain View Moffett Field Naval Air Station,"Mountain View, California, US",17.0,14.0,-9999.0,-9999.0,-9999.0,0.0,0,0,-9999.0,85.0,62.6,82.5
20240914-0800,Mountain View Moffett Field Naval Air Station,"Mountain View, California, US",16.0,14.0,-9999.0,-9999.0,-9999.0,5.4,350,0,-9999.0,90.0,60.8,87.9
20240914-0900,Mountain View Moffett Field Naval Air Station,"Mountain View, California, US",16.0,14.0,-9999.0,-9999.0,-9999.0,0.0,0,0,-9999.0,90.0,60.8,87.9
20240914-1000,Mountain View Moffett Field Naval Air Station,"Mountain View, California, US",16.0,14.0,-9999.0,-9999.0,-9999.0,0.0,0,0,-9999.0,90.0,60.8,87.9
20240914-1100,Mountain View Moffett Field Naval Air Station,"Mountain View, California, US",15.0,13.0,-9999.0,-9999.0,-9999.0,0.0,0,0,-9999.0,90.0,59.0,87.8
20240914-1200,Mountain View Moffett Field Naval Air Station,"Mountain View, California, US",15.0,13.0,-9999.0,-9999.0,-9999.0,0.0,0,0,-9999.0,90.0,59.0,87.8
20240914-1300,Mountain View Moffett Field Naval Air Station,"Mountain View, California, US",14.0,12.0,-9999.0,-9999.0,-9999.0,0.0,0,50,-9999.0,90.0,57.2,87.7
20240914-1400,Mountain View Moffett Field Naval Air Station,"Mountain View, California, US",15.0,13.0,-9999.0,-9999.0,-9999.0,0.0,0,-9999,-9999.0,90.0,59.0,87.8
20240914-1500,Mountain View Moffett Field Naval Air Station,"Mountain View, California, US",15.0,13.0,-9999.0,-9999.0,-9999.0,0.0,0,-9999,-9999.0,90.0,59.0,87.8
20240914-1600,Mountain View Moffett Field Naval Air Station,"Mountain View, California, US",17.0,14.0,-9999.0,-9999.0,-9999.0,0.0,0,50,-9999.0,85.0,62.6,82.5
20240914-1700,Mountain View Moffett Field Naval Air Station,"Mountain View, California, US",18.0,13.0,-9999.0,-9999.0,-9999.0,0.0,0,0,-9999.0,75.0,64.4,72.6
20240914-1800,Mountain View Moffett Field Naval Air Station,"Mountain View, California, US",19.0,13.0,-9999.0,-9999.0,-9999.0,11.16,350,0,-9999.0,70.0,66.2,68.2
20240914-1900,Mountain View Moffett Field Naval Air Station,"Mountain View, California, US",20.0,14.0,-9999.0,-9999.0,-9999.0,12.959999999999999,340,0,-9999.0,70.0,68.0,68.4
20240914-2000,Mountain View Moffett Field Naval Air Station,"Mountain View, California, US",22.0,15.0,-9999.0,-9999.0,-9999.0,12.959999999999999,360,0,-9999.0,65.0,71.6,64.5
20240914-2100,Mountain View Moffett Field Naval Air Station,"Mountain View, California, US",22.0,14.0,-9999.0,-9999.0,-9999.0,22.32,340,0,-9999.0,60.0,71.6,60.4
20240914-2200,Mountain View Moffett Field Naval Air Station,"Mountain View, California, US",22.0,14.0,-9999.0,-9999.0,-9999.0,22.32,350,0,-9999.0,60.0,71.6,60.4
20240914-2300,Mountain View Moffett Field Naval Air Station,"Mountain View, California, US",21.0,15.0,-9999.0,-9999.0,-9999.0,22.32,330,0,-9999.0,70.0,69.8,68.6
20240915-0000,Mountain View Moffett Field Naval Air Station,"Mountain View, California, US",21.0,14.0,-9999.0,-9999.0,-9999.0,16.56,330,0,-9999.0,65.0,69.8,64.3
20240915-0100,Mountain View Moffett Field Naval Air Station,"Mountain View, California, US",20.0,15.0,-9999.0,-9999.0,-9999.0,18.36,330,0,-9999.0,75.0,68.0,72.9
20240915-0200,Mountain View Moffett Field Naval Air Station,"Mountain View, California, US",20.0,15.0,-9999.0,-9999.0,-9999.0,16.56,360,0,-9999.0,75.0,68.0,72.9
20240915-0300,Mountain View Moffett Field Naval Air Station,"Mountain View, California, US",18.0,14.0,-9999.0,-9999.0,-9999.0,18.36,10,0,-9999.0,80.0,64.4,77.4
20240915-0400,Mountain View Moffett Field Naval Air Station,"Mountain View, California, US",17.0,13.0,-9999.0,-9999.0,-9999.0,12.959999999999999,30,0,-9999.0,80.0,62.6,77.3
20240915-0500,Mountain View Moffett Field Naval Air Station,"Mountain View, California, US",16.0,13.0,-9999.0,-9999.0,-9999.0,7.5600000000000005,50,0,-9999.0,85.0,60.8,82.4
20240915-0600,Mountain View Moffett Field Naval Air Station,"Mountain View, California, US",16.0,13.0,-9999.0,-9999.0,-9999.0,0.0,0,0,-9999.0,85.0,60.8,82.4
20240915-0700,Mountain View Moffett Field Naval Air Station,"Mountain View, California, US",15.0,12.0,-9999.0,-9999.0,-9999.0,0.0,0,0,-9999.0,85.0,59.0,82.2
20240915-0800,Mountain View Moffett Field Naval Air Station,"Mountain View, California, US",15.0,12.0,-9999.0,-9999.0,-9999.0,7.5600000000000005,130,0,-9999.0,85.0,59.0,82.2
20240915-0900,Mountain View Moffett Field Naval Air Station,"Mountain View, California, US",15.0,13.0,-9999.0,-9999.0,-9999.0,0.0,0,0,-9999.0,90.0,59.0,87.8
20240915-1000,Mountain View Moffett Field Naval Air Station,"Mountain View, California, US",15.0,12.0,-9999.0,-9999.0,-9999.0,0.0,0,0,-9999.0,85.0,59.0,82.2
20240915-1100,Mountain View Moffett Field Naval Air Station,"Mountain View, California, US",14.0,12.0,-9999.0,-9999.0,-9999.0,5.4,150,0,-9999.0,90.0,57.2,87.7
20240915-1200,Mountain View Moffett Field Naval Air Station,"Mountain View, California, US",13.0,11.0,-9999.0,-9999.0,-9999.0,7.5600000000000005,140,0,-9999.0,90.0,55.4,87.6
20240915-1300,Mountain View Moffett Field Naval Air Station,"Mountain View, California, US",13.0,12.0,-9999.0,-9999.0,-9999.0,9.360000000000001,140,0,-9999.0,95.0,55.4,93.6
20240915-1400,Mountain View Moffett Field Naval Air Station,"Mountain View, California, US",13.0,11.0,-9999.0,-9999.0,-9999.0,11.16,140,0,-9999.0,90.0,55.4,87.6
20240915-1500,Mountain View Moffett Field Naval Air Station,"Mountain View, California, US",14.0,12.0,-9999.0,-9999.0,-9999.0,0.0,0,0,-9999.0,90.0,57.2,87.7
20240915-1600,Mountain View Moffett Field Naval Air Station,"Mountain View, California, US",16.0,12.0,-9999.0,-9999.0,-9999.0,0.0,0,25,-9999.0,80.0,60.8,77.1
20240915-1700,Mountain View Moffett Field Naval Air Station,"Mountain View, California, US",18.0,12.0,-9999.0,-9999.0,-9999.0,20.520000000000003,240,-9999,-9999.0,70.0,64.4,68.0
20240915-1800,Mountain View Moffett Field Naval Air Station,"Mountain View, California, US",18.0,12.0,-9999.0,-9999.0,-9999.0,16.56,220,-9999,-9999.0,70.0,64.4,68.0
20240915-1900,Mountain View Moffett Field Naval Air Station,"Mountain View, California, US",19.0,12.0,-9999.0,-9999.0,-9999.0,16.56,240,-9999,-9999.0,65.0,66.2,63.8
20240915-2000,Mountain View Moffett Field Naval Air Station,"Mountain View, California, US",20.0,11.0,-9999.0,-9999.0,-9999.0,9.360000000000001,-9999,-9999,-9999.0,55.0,68.0,56.1
20240915-2100,Mountain View Moffett Field Naval Air Station,"Mountain View, California, US",20.0,11.0,-9999.0,-9999.0,-9999.0,20.520000000000003,230,50,-9999.0,55.0,68.0,56.1
20240915-2200,Mountain View Moffett Field Naval Air Station,"Mountain View, California, US",19.0,11.0,-9999.0,-9999.0,-9999.0,20.520000000000003,260,0,-9999.0,60.0,66.2,59.7
20240915-2300,Mountain View Moffett Field Naval Air Station,"Mountain View, California, US",19.0,11.0,-9999.0,-9999.0,-9999.0,18.36,240,-9999,-9999.0,60.0,66.2,59.7
20240916-0000,Mountain View Moffett Field Naval Air Station,"Mountain View, California, US",18.0,11.0,-9999.0,-9999.0,-9999.0,20.520000000000003,290,25,-9999.0,65.0,64.4,63.6
20240916-0100,Mountain View Moffett Field Naval Air Station,"Mountain View, California, US",18.0,11.0,-9999.0,-9999.0,-9999.0,9.360000000000001,290,25,-9999.0,65.0,64.4,63.6
20240916-0200,Mountain View Moffett Field Naval Air Station,"Mountain View, California, US",17.0,11.0,-9999.0,-9999.0,-9999.0,18.36,290,0,-9999.0,70.0,62.6,67.7
20240916-0300,Mountain View Moffett Field Naval Air Station,"Mountain View, California, US",17.0,11.0,-9999.0,-9999.0,-9999.0,18.36,280,0,-9999.0,70.0,62.6,67.7
20240916-0400,Mountain View Moffett Field Naval Air Station,"Mountain View, California, US",16.0,11.0,-9999.0,-9999.0,-9999.0,11.16,270,25,-9999.0,75.0,60.8,72.2
20240916-0500,Mountain View Moffett Field Naval Air Station,"Mountain View, California, US",16.0,10.0,-9999.0,-9999.0,-9999.0,18.36,300,-9999,-9999.0,70.0,60.8,67.5
20240916-0600,Mountain View Moffett Field Naval Air Station,"Mountain View, California, US",15.0,10.0,-9999.0,-9999.0,-9999.0,9.360000000000001,280,-9999,-9999.0,75.0,59.0,72.0
20240916-0700,Mountain View Moffett Field Naval Air Station,"Mountain View, California, US",15.0,10.0,-9999.0,-9999.0,-9999.0,12.959999999999999,280,-9999,-9999.0,75.0,59.0,72.0
20240916-0800,Mountain View Moffett Field Naval Air Station,"Mountain View, California, US",15.0,10.0,-9999.0,-9999.0,-9999.0,7.5600000000000005,260,-9999,-9999.0,75.0,59.0,72.0
20240916-0900,Mountain View Moffett Field Naval Air Station,"Mountain View, California, US",15.0,10.0,-9999.0,-9999.0,-9999.0,0.0,0,-9999,-9999.0,75.0,59.0,72.0
20240916-1000,Mountain View Moffett Field Naval Air Station,"Mountain View, California, US",15.0,10.0,-9999.0,-9999.0,-9999.0,12.959999999999999,280,-9999,-9999.0,75.0,59.0,72.0
20240916-1100,Mountain View Moffett Field Naval Air Station,"Mountain View, California, US",15.0,10.0,-9999.0,-9999.0,-9999.0,14.76,280,-9999,-9999.0,75.0,59.0,72.0
20240916-1200,Mountain View Moffett Field Naval Air Station,"Mountain View, California, US",15.0,10.0,-9999.0,-9999.0,-9999.0,9.360000000000001,240,-9999,-9999.0,75.0,59.0,72.0
20240916-1300,Mountain View Moffett Field Naval Air Station,"Mountain View, California, US",15.0,11.0,-9999.0,-9999.0,-9999.0,7.5600000000000005,270,-9999,-9999.0,80.0,59.0,77.0
20240916-1400,Mountain View Moffett Field Naval Air Station,"Mountain View, California, US",14.0,11.0,-9999.0,-9999.0,-9999.0,7.5600000000000005,220,-9999,-9999.0,85.0,57.2,82.1
20240916-1500,Mountain View Moffett Field Naval Air Station,"Mountain View, California, US",15.0,11.0,-9999.0,-9999.0,-9999.0,0.0,0,-9999,-9999.0,80.0,59.0,77.0
20240916-1600,Mountain View Moffett Field Naval Air Station,"Mountain View, California, US",15.0,10.0,-9999.0,-9999.0,-9999.0,9.360000000000001,220,-9999,-9999.0,75.0,59.0,72.0
20240916-1700,Mountain View Moffett Field Naval Air Station,"Mountain View, California, US",16.0,10.0,-9999.0,-9999.0,-9999.0,0.0,0,-9999,-9999.0,70.0,60.8,67.5
20240916-1800,Mountain View Moffett Field Naval Air Station,"Mountain View, California, US",17.0,11.0,-9999.0,-9999.0,-9999.0,9.360000000000001,130,-9999,-9999.0,70.0,62.6,67.7
20240916-1900,Mountain View Moffett Field Naval Air Station,"Mountain View, California, US",19.0,10.0,-9999.0,-9999.0,-9999.0,7.5600000000000005,-9999,-9999,-9999.0,55.0,66.2,55.9
20240916-2000,Mountain View Moffett Field Naval Air Station,"Mountain View, California, US",20.0,10.0,-9999.0,-9999.0,-9999.0,7.5600000000000005,180,-9999,-9999.0,50.0,68.0,52.5
20240916-2100,Mountain View Moffett Field Naval Air Station,"Mountain View, California, US",21.0,10.0,-9999.0,-9999.0,-9999.0,5.4,270,-9999,-9999.0,45.0,69.8,49.4
20240916-2200,Mountain View Moffett Field Naval Air Station,"Mountain View, California, US",20.0,11.0,-9999.0,-9999.0,-9999.0,11.16,350,-9999,-9999.0,55.0,68.0,56.1
20240916-2300,Mountain View Moffett Field Naval Air Station,"Mountain View, California, US",22.0,11.0,-9999.0,-9999.0,-9999.0,11.16,-9999,25,-9999.0,45.0,71.6,49.6
20240917-0000,Mountain View Moffett Field Naval Air Station,"Mountain View, California, US",21.0,11.0,-9999.0,-9999.0,-9999.0,16.56,320,0,-9999.0,50.0,69.8,52.8
20240917-0100,Mountain View Moffett Field Naval Air Station,"Mountain View, California, US",20.0,11.0,-9999.0,-9999.0,-9999.0,16.56,300,0,-9999.0,55.0,68.0,56.1
20240917-0200,Mountain View Moffett Field Naval Air Station,"Mountain View, California, US",18.0,10.0,-9999.0,-9999.0,-9999.0,16.56,280,0,-9999.0,60.0,64.4,59.5
20240917-0300,Mountain View Moffett Field Naval Air Station,"Mountain View, California, US",17.0,10.0,-9999.0,-9999.0,-9999.0,7.5600000000000005,300,50,-9999.0,65.0,62.6,63.4
20240917-0400,Mountain View Moffett Field Naval Air Station,"Mountain View, California, US",15.0,10.0,-9999.0,-9999.0,-9999.0,0.0,0,-9999,-9999.0,75.0,59.0,72.0
20240917-0500,Mountain View Moffett Field Naval Air Station,"Mountain View, California, US",15.0,10.0,-9999.0,-9999.0,-9999.0,0.0,0,50,-9999.0,75.0,59.0,72.0
20240917-0600,Mountain View Moffett Field Naval Air Station,"Mountain View, California, US",15.0,11.0,-9999.0,-9999.0,-9999.0,0.0,0,0,-9999.0,80.0,59.0,77.0
20240917-0700,Mountain View Moffett Field Naval Air Station,"Mountain View, California, US",15.0,11.0,-9999.0,-9999.0,-9999.0,0.0,0,0,-9999.0,80.0,59.0,77.0
20240917-0800,Mountain View Moffett Field Naval Air Station,"Mountain View, California, US",14.0,10.0,-9999.0,-9999.0,-9999.0,0.0,0,-9999,-9999.0,80.0,57.2,76.8
20240917-0900,Mountain View Moffett Field Naval Air Station,"Mountain View, California, US",13.0,10.0,-9999.0,-9999.0,-9999.0,5.4,50,50,-9999.0,85.0,55.4,82.0
20240917-1000,Mountain View Moffett Field Naval Air Station,"Mountain View, California, US",14.0,10.0,-9999.0,-9999.0,-9999.0,9.360000000000001,270,-9999,-9999.0,80.0,57.2,76.8
20240917-1100,Mountain View Moffett Field Naval Air Station,"Mountain View, California, US",13.0,10.0,-9999.0,-9999.0,-9999.0,7.5600000000000005,310,-9999,-9999.0,85.0,55.4,82.0
20240917-1200,Mountain View Moffett Field Naval Air Station,"Mountain View, California, US",14.0,10.0,-9999.0,-9999.0,-9999.0,9.360000000000001,-9999,-9999,-9999.0,80.0,57.2,76.8
20240917-1300,Mountain View Moffett Field Naval Air Station,"Mountain View, California, US",14.0,10.0,-9999.0,-9999.0,-9999.0,5.4,180,-9999,-9999.0,80.0,57.2,76.8
20240917-1400,Mountain View Moffett Field Naval Air Station,"Mountain View, California, US",14.0,10.0,-9999.0,-9999.0,-9999.0,7.5600000000000005,170,-9999,-9999.0,80.0,57.2,76.8
20240917-1500,Mountain View Moffett Field Naval Air Station,"Mountain View, California, US",15.0,10.0,-9999.0,-9999.0,-9999.0,11.16,150,-9999,-9999.0,75.0,59.0,72.0
20240917-1600,Mountain View Moffett Field Naval Air Station,"Mountain View, California, US",16.0,11.0,-9999.0,-9999.0,-9999.0,11.16,140,-9999,-9999.0,75.0,60.8,72.2
20240917-1700,Mountain View Moffett Field Naval Air Station,"Mountain View, California, US",17.0,11.0,-9999.0,-9999.0,-9999.0,0.0,0,-9999,-9999.0,70.0,62.6,67.7
20240917-1800,Mountain View Moffett Field Naval Air Station,"Mountain View, California, US",18.0,11.0,-9999.0,-9999.0,-9999.0,0.0,0,-9999,-9999.0,65.0,64.4,63.6
20240917-1900,Mountain View Moffett Field Naval Air Station,"Mountain View, California, US",18.0,11.0,-9999.0,-9999.0,-9999.0,12.959999999999999,270,-9999,-9999.0,65.0,64.4,63.6
20240917-2000,Mountain View Moffett Field Naval Air Station,"Mountain View, California, US",20.0,11.0,-9999.0,-9999.0,-9999.0,9.360000000000001,-9999,0,-9999.0,55.0,68.0,56.1
20240917-2100,Mountain View Moffett Field Naval Air Station,"Mountain View, California, US",21.0,12.0,-9999.0,-9999.0,-9999.0,16.56,350,0,-9999.0,55.0,69.8,56.4
20240917-2200,Mountain View Moffett Field Naval Air Station,"Mountain View, California, US",20.0,13.0,-9999.0,-9999.0,-9999.0,27.72,340,0,-9999.0,65.0,68.0,64.0
20240917-2300,Mountain View Moffett Field Naval Air Station,"Mountain View, California, US",20.0,12.0,-9999.0,-9999.0,-9999.0,24.12,350,0,-9999.0,60.0,68.0,60.0
20240918-0000,Mountain View Moffett Field Naval Air Station,"Mountain View, California, US",19.0,11.0,-9999.0,-9999.0,-9999.0,-9999.0,-9999,0,-9999.0,60.0,66.2,59.7
20240918-0100,Mountain View Moffett Field Naval Air Station,"Mountain View, California, US",17.0,12.0,-9999.0,-9999.0,-9999.0,25.919999999999998,350,0,-9999.0,75.0,62.6,72.4
20240918-0200,Mountain View Moffett Field Naval Air Station,"Mountain View, California, US",16.0,11.0,-9999.0,-9999.0,-9999.0,20.520000000000003,330,0,-9999.0,75.0,60.8,72.2
20240918-0300,Mountain View Moffett Field Naval Air Station,"Mountain View, California, US",16.0,11.0,-9999.0,-9999.0,-9999.0,11.16,330,0,-9999.0,75.0,60.8,72.2
20240918-0400,Mountain View Moffett Field Naval Air Station,"Mountain View, California, US",15.0,12.0,-9999.0,-9999.0,-9999.0,12.959999999999999,320,0,-9999.0,85.0,59.0,82.2
20240918-0500,Mountain View Moffett Field Naval Air Station,"Mountain View, California, US",16.0,12.0,-9999.0,-9999.0,-9999.0,0.0,0,-9999,-9999.0,80.0,60.8,77.1
20240918-0600,Mountain View Moffett Field Naval Air Station,"Mountain View, California, US",16.0,11.0,-9999.0,-9999.0,-9999.0,0.0,0,-9999,-9999.0,75.0,60.8,72.2
20240918-0700,Mountain View Moffett Field Naval Air Station,"Mountain View, California, US",16.0,12.0,-9999.0,-9999.0,-9999.0,7.5600000000000005,230,-9999,-9999.0,80.0,60.8,77.1
20240918-0800,Mountain View Moffett Field Naval Air Station,"Mountain View, California, US",16.0,11.0,-9999.0,-9999.0,-9999.0,0.0,0,-9999,-9999.0,75.0,60.8,72.2
20240918-0900,Mountain View Moffett Field Naval Air Station,"Mountain View, California, US",16.0,12.0,-9999.0,-9999.0,-9999.0,9.360000000000001,180,-9999,-9999.0,80.0,60.8,77.1
20240918-1000,Mountain View Moffett Field Naval Air Station,"Mountain View, California, US",16.0,12.0,-9999.0,-9999.0,-9999.0,5.4,160,-9999,-9999.0,80.0,60.8,77.1
20240918-1100,Mountain View Moffett Field Naval Air Station,"Mountain View, California, US",16.0,12.0,-9999.0,-9999.0,-9999.0,5.4,150,-9999,-9999.0,80.0,60.8,77.1
20240918-1200,Mountain View Moffett Field Naval Air Station,"Mountain View, California, US",16.0,12.0,-9999.0,-9999.0,-9999.0,7.5600000000000005,140,-9999,-9999.0,80.0,60.8,77.1
20240918-1300,Mountain View Moffett Field Naval Air Station,"Mountain View, California, US",16.0,12.0,-9999.0,-9999.0,-9999.0,5.4,140,-9999,-9999.0,80.0,60.8,77.1
20240918-1400,Mountain View Moffett Field Naval Air Station,"Mountain View, California, US",16.0,12.0,-9999.0,-9999.0,-9999.0,0.0,0,-9999,-9999.0,80.0,60.8,77.1
20240918-1500,Mountain View Moffett Field Naval Air Station,"Mountain View, California, US",17.0,12.0,-9999.0,-9999.0,-9999.0,0.0,0,-9999,-9999.0,75.0,62.6,72.4
20240918-1600,Mountain View Moffett Field Naval Air Station,"Mountain View, California, US",17.0,12.0,-9999.0,-9999.0,-9999.0,0.0,0,-9999,-9999.0,75.0,62.6,72.4
20240918-1700,Mountain View Moffett Field Naval Air Station,"Mountain View, California, US",18.0,13.0,-9999.0,-9999.0,-9999.0,0.0,0,-9999,-9999.0,75.0,64.4,72.6
20240918-1800,Mountain View Moffett Field Naval Air Station,"Mountain View, California, US",19.0,13.0,-9999.0,-9999.0,-9999.0,0.0,0,-9999,-9999.0,70.0,66.2,68.2
20240918-1900,Mountain View Moffett Field Naval Air Station,"Mountain View, California, US",20.0,13.0,-9999.0,-9999.0,-9999.0,9.360000000000001,10,-9999,-9999.0,65.0,68.0,64.0
20240918-2000,Mountain View Moffett Field Naval Air Station,"Mountain View, California, US",22.0,13.0,-9999.0,-9999.0,-9999.0,0.0,0,0,-9999.0,55.0,71.6,56.6
20240918-2100,Mountain View Moffett Field Naval Air Station,"Mountain View, California, US",22.0,13.0,-9999.0,-9999.0,-9999.0,12.959999999999999,20,0,-9999.0,55.0,71.6,56.6
20240918-2200,Mountain View Moffett Field Naval Air Station,"Mountain View, California, US",22.0,14.0,-9999.0,-9999.0,-9999.0,24.12,350,0,-9999.0,60.0,71.6,60.4
20240918-2300,Mountain View Moffett Field Naval Air Station,"Mountain View, California, US",20.0,15.0,-9999.0,-9999.0,-9999.0,25.919999999999998,350,-9999,-9999.0,75.0,68.0,72.9
20240919-0000,Mountain View Moffett Field Naval Air Station,"Mountain View, California, US",20.0,15.0,-9999.0,-9999.0,-9999.0,20.520000000000003,340,50,-9999.0,75.0,68.0,72.9
20240919-0100,Mountain View Moffett Field Naval Air Station,"Mountain View, California, US",20.0,15.0,-9999.0,-9999.0,-9999.0,16.56,340,25,-9999.0,75.0,68.0,72.9
20240919-0200,Mountain View Moffett Field Naval Air Station,"Mountain View, California, US",19.0,15.0,-9999.0,-9999.0,-9999.0,16.56,340,0,-9999.0,80.0,66.2,77.6
20240919-0300,Mountain View Moffett Field Naval Air Station,"Mountain View, California, US",18.0,15.0,-9999.0,-9999.0,-9999.0,24.12,350,-9999,-9999.0,85.0,64.4,82.6
20240919-0400,Mountain View Moffett Field Naval Air Station,"Mountain View, California, US",17.0,15.0,-9999.0,-9999.0,-9999.0,12.959999999999999,330,50,-9999.0,90.0,62.6,88.0
20240919-0500,Mountain View Moffett Field Naval Air Station,"Mountain View, California, US",17.0,14.0,-9999.0,-9999.0,-9999.0,12.959999999999999,340,-9999,-9999.0,85.0,62.6,82.5
20240919-0600,Mountain View Moffett Field Naval Air Station,"Mountain View, California, US",17.0,15.0,-9999.0,-9999.0,-9999.0,0.0,0,50,-9999.0,90.0,62.6,88.0
20240919-0700,Mountain View Moffett Field Naval Air Station,"Mountain View, California, US",16.0,15.0,-9999.0,-9999.0,-9999.0,11.16,340,-9999,-9999.0,95.0,60.8,93.8
20240919-0800,Mountain View Moffett Field Naval Air Station,"Mountain View, California, US",16.0,15.0,-9999.0,-9999.0,-9999.0,11.16,10,-9999,-9999.0,95.0,60.8,93.8
20240919-1500,Mountain View Moffett Field Naval Air Station,"Mountain View, California, US",16.0,14.0,-9999.0,-9999.0,-9999.0,0.0,0,-9999,-9999.0,90.0,60.8,87.9
20240919-1600,Mountain View Moffett Field Naval Air Station,"Mountain View, California, US",17.0,14.0,-9999.0,-9999.0,-9999.0,0.0,0,-9999,-9999.0,85.0,62.6,82.5
20240919-1700,Mountain View Moffett Field Naval Air Station,"Mountain View, California, US",18.0,14.0,-9999.0,-9999.0,-9999.0,5.4,-9999,-9999,-9999.0,80.0,64.4,77.4
20240919-1800,Mountain View Moffett Field Naval Air Station,"Mountain View, California, US",19.0,14.0,-9999.0,-9999.0,-9999.0,11.16,340,0,-9999.0,75.0,66.2,72.7
20240919-1900,Mountain View Moffett Field Naval Air Station,"Mountain View, California, US",19.0,14.0,-9999.0,-9999.0,-9999.0,14.76,350,0,-9999.0,75.0,66.2,72.7
20240919-2000,Mountain View Moffett Field Naval Air Station,"Mountain View, California, US",20.0,14.0,-9999.0,-9999.0,-9999.0,20.520000000000003,360,0,-9999.0,70.0,68.0,68.4
20240919-2100,Mountain View Moffett Field Naval Air Station,"Mountain View, California, US",19.0,14.0,-9999.0,-9999.0,-9999.0,22.32,350,0,-9999.0,75.0,66.2,72.7
20240919-2200,Mountain View Moffett Field Naval Air Station,"Mountain View, California, US",20.0,14.0,-9999.0,-9999.0,-9999.0,24.12,350,0,-9999.0,70.0,68.0,68.4
20240919-2300,Mountain View Moffett Field Naval Air Station,"Mountain View, California, US",20.0,14.0,-9999.0,-9999.0,-9999.0,18.36,350,0,-9999.0,70.0,68.0,68.4
20240920-0000,Mountain View Moffett Field Naval Air Station,"Mountain View, California, US",20.0,14.0,-9999.0,-9999.0,-9999.0,14.76,340,0,-9999.0,70.0,68.0,68.4
20240920-0100,Mountain View Moffett Field Naval Air Station,"Mountain View, California, US",19.0,14.0,-9999.0,-9999.0,-9999.0,16.56,340,0,-9999.0,75.0,66.2,72.7
20240920-0200,Mountain View Moffett Field Naval Air Station,"Mountain View, California, US",17.0,14.0,-9999.0,-9999.0,-9999.0,22.32,330,0,-9999.0,85.0,62.6,82.5
20240920-0300,Mountain View Moffett Field Naval Air Station,"Mountain View, California, US",16.0,14.0,-9999.0,-9999.0,-9999.0,14.76,330,0,-9999.0,90.0,60.8,87.9
20240920-0400,Mountain View Moffett Field Naval Air Station,"Mountain View, California, US",16.0,13.0,-9999.0,-9999.0,-9999.0,9.360000000000001,10,-9999,-9999.0,85.0,60.8,82.4
20240920-0500,Mountain View Moffett Field Naval Air Station,"Mountain View, California, US",15.0,14.0,-9999.0,-9999.0,-9999.0,0.0,0,-9999,-9999.0,95.0,59.0,93.7
20240920-0600,Mountain View Moffett Field Naval Air Station,"Mountain View, California, US",16.0,14.0,-9999.0,-9999.0,-9999.0,9.360000000000001,340,-9999,-9999.0,90.0,60.8,87.9
20240920-0700,Mountain View Moffett Field Naval Air Station,"Mountain View, California, US",16.0,14.0,-9999.0,-9999.0,-9999.0,7.5600000000000005,310,-9999,-9999.0,90.0,60.8,87.9
20240920-0800,Mountain View Moffett Field Naval Air Station,"Mountain View, California, US",16.0,13.0,-9999.0,-9999.0,-9999.0,7.5600000000000005,340,-9999,-9999.0,85.0,60.8,82.4
20240920-0900,Mountain View Moffett Field Naval Air Station,"Mountain View, California, US",16.0,13.0,-9999.0,-9999.0,-9999.0,12.959999999999999,360,-9999,-9999.0,85.0,60.8,82.4
20240920-1000,Mountain View Moffett Field Naval Air Station,"Mountain View, California, US",16.0,13.0,-9999.0,-9999.0,-9999.0,9.360000000000001,30,-9999,-9999.0,85.0,60.8,82.4
20240920-1100,Mountain View Moffett Field Naval Air Station,"Mountain View, California, US",15.0,13.0,-9999.0,-9999.0,-9999.0,9.360000000000001,10,-9999,-9999.0,90.0,59.0,87.8
20240920-1200,Mountain View Moffett Field Naval Air Station,"Mountain View, California, US",15.0,13.0,-9999.0,-9999.0,-9999.0,7.5600000000000005,60,-9999,-9999.0,90.0,59.0,87.8
20240920-1300,Mountain View Moffett Field Naval Air Station,"Mountain View, California, US",15.0,13.0,-9999.0,-9999.0,-9999.0,7.5600000000000005,10,-9999,-9999.0,90.0,59.0,87.8
20240920-1400,Mountain View Moffett Field Naval Air Station,"Mountain View, California, US",15.0,13.0,-9999.0,-9999.0,-9999.0,7.5600000000000005,30,-9999,-9999.0,90.0,59.0,87.8
20240920-1500,Mountain View Moffett Field Naval Air Station,"Mountain View, California, US",16.0,13.0,-9999.0,-9999.0,-9999.0,0.0,0,-9999,-9999.0,85.0,60.8,82.4
20240920-1600,Mountain View Moffett Field Naval Air Station,"Mountain View, California, US",17.0,13.0,-9999.0,-9999.0,-9999.0,0.0,0,-9999,-9999.0,80.0,62.6,77.3
20240920-1700,Mountain View Moffett Field Naval Air Station,"Mountain View, California, US",17.0,13.0,-9999.0,-9999.0,-9999.0,7.5600000000000005,340,-9999,-9999.0,80.0,62.6,77.3
20240920-1800,Mountain View Moffett Field Naval Air Station,"Mountain View, California, US",18.0,13.0,-9999.0,-9999.0,-9999.0,0.0,0,25,-9999.0,75.0,64.4,72.6
20240920-1900,Mountain View Moffett Field Naval Air Station,"Mountain View, California, US",20.0,13.0,-9999.0,-9999.0,-9999.0,5.4,-9999,0,-9999.0,65.0,68.0,64.0
20240920-2000,Mountain View Moffett Field Naval Air Station,"Mountain View, California, US",20.0,13.0,-9999.0,-9999.0,-9999.0,12.959999999999999,340,0,-9999.0,65.0,68.0,64.0
20240920-2100,Mountain View Moffett Field Naval Air Station,"Mountain View, California, US",21.0,13.0,-9999.0,-9999.0,-9999.0,12.959999999999999,350,0,-9999.0,60.0,69.8,60.2
20240920-2200,Mountain View Moffett Field Naval Air Station,"Mountain View, California, US",21.0,14.0,-9999.0,-9999.0,-9999.0,18.36,350,0,-9999.0,65.0,69.8,64.3
20240920-2300,Mountain View Moffett Field Naval Air Station,"Mountain View, California, US",20.0,14.0,-9999.0,-9999.0,-9999.0,20.520000000000003,350,0,-9999.0,70.0,68.0,68.4
20240921-0000,Mountain View Moffett Field Naval Air Station,"Mountain View, California, US",20.0,14.0,-9999.0,-9999.0,-9999.0,16.56,350,0,-9999.0,70.0,68.0,68.4
20240921-0100,Mountain View Moffett Field Naval Air Station,"Mountain View, California, US",19.0,14.0,-9999.0,-9999.0,-9999.0,14.76,320,0,-9999.0,75.0,66.2,72.7
20240921-0200,Mountain View Moffett Field Naval Air Station,"Mountain View, California, US",18.0,14.0,-9999.0,-9999.0,-9999.0,12.959999999999999,320,0,-9999.0,80.0,64.4,77.4
20240921-0300,Mountain View Moffett Field Naval Air Station,"Mountain View, California, US",17.0,14.0,-9999.0,-9999.0,-9999.0,12.959999999999999,340,0,-9999.0,85.0,62.6,82.5
20240921-0400,Mountain View Moffett Field Naval Air Station,"Mountain View, California, US",16.0,14.0,-9999.0,-9999.0,-9999.0,12.959999999999999,350,25,-9999.0,90.0,60.8,87.9
20240921-0500,Mountain View Moffett Field Naval Air Station,"Mountain View, California, US",15.0,14.0,-9999.0,-9999.0,-9999.0,9.360000000000001,340,25,-9999.0,95.0,59.0,93.7
20240921-0600,Mountain View Moffett Field Naval Air Station,"Mountain View, California, US",15.0,13.0,-9999.0,-9999.0,-9999.0,5.4,360,0,-9999.0,90.0,59.0,87.8
20240921-1500,Mountain View Moffett Field Naval Air Station,"Mountain View, California, US",14.0,13.0,-9999.0,-9999.0,-9999.0,7.5600000000000005,-9999,-9999,-9999.0,95.0,57.2,93.7
20240921-1600,Mountain View Moffett Field Naval Air Station,"Mountain View, California, US",15.0,13.0,-9999.0,-9999.0,-9999.0,0.0,0,-9999,-9999.0,90.0,59.0,87.8
20240921-1700,Mountain View Moffett Field Naval Air Station,"Mountain View, California, US",16.0,13.0,-9999.0,-9999.0,-9999.0,7.5600000000000005,-9999,-9999,-9999.0,85.0,60.8,82.4
20240921-1800,Mountain View Moffett Field Naval Air Station,"Mountain View, California, US",18.0,13.0,-9999.0,-9999.0,-9999.0,0.0,0,0,-9999.0,75.0,64.4,72.6
20240921-1900,Mountain View Moffett Field Naval Air Station,"Mountain View, California, US",20.0,13.0,-9999.0,-9999.0,-9999.0,9.360000000000001,10,0,-9999.0,65.0,68.0,64.0
20240921-2000,Mountain View Moffett Field Naval Air Station,"Mountain View, California, US",21.0,14.0,-9999.0,-9999.0,-9999.0,9.360000000000001,-9999,0,-9999.0,65.0,69.8,64.3
20240921-2100,Mountain View Moffett Field Naval Air Station,"Mountain View, California, US",22.0,15.0,-9999.0,-9999.0,-9999.0,18.36,350,0,-9999.0,65.0,71.6,64.5
20240921-2200,Mountain View Moffett Field Naval Air Station,"Mountain View, California, US",22.0,15.0,-9999.0,-9999.0,-9999.0,18.36,340,0,-9999.0,65.0,71.6,64.5
20240921-2300,Mountain View Moffett Field Naval Air Station,"Mountain View, California, US",22.0,14.0,-9999.0,-9999.0,-9999.0,14.76,330,0,-9999.0,60.0,71.6,60.4
20240922-0000,Mountain View Moffett Field Naval Air Station,"Mountain View, California, US",20.0,14.0,-9999.0,-9999.0,-9999.0,18.36,330,0,-9999.0,70.0,68.0,68.4
20240922-0100,Mountain View Moffett Field Naval Air Station,"Mountain View, California, US",19.0,14.0,-9999.0,-9999.0,-9999.0,20.520000000000003,340,0,-9999.0,75.0,66.2,72.7
20240922-0200,Mountain View Moffett Field Naval Air Station,"Mountain View, California, US",18.0,14.0,-9999.0,-9999.0,-9999.0,16.56,340,0,-9999.0,80.0,64.4,77.4
20240922-0300,Mountain View Moffett Field Naval Air Station,"Mountain View, California, US",17.0,15.0,-9999.0,-9999.0,-9999.0,11.16,330,0,-9999.0,90.0,62.6,88.0
20240922-0400,Mountain View Moffett Field Naval Air Station,"Mountain View, California, US",17.0,14.0,-9999.0,-9999.0,-9999.0,9.360000000000001,320,0,-9999.0,85.0,62.6,82.5
20240922-0500,Mountain View Moffett Field Naval Air Station,"Mountain View, California, US",16.0,14.0,-9999.0,-9999.0,-9999.0,11.16,330,50,-9999.0,90.0,60.8,87.9
20240922-0600,Mountain View Moffett Field Naval Air Station,"Mountain View, California, US",16.0,14.0,-9999.0,-9999.0,-9999.0,14.76,350,-9999,-9999.0,90.0,60.8,87.9
20240922-0700,Mountain View Moffett Field Naval Air Station,"Mountain View, California, US",16.0,14.0,-9999.0,-9999.0,-9999.0,0.0,0,-9999,-9999.0,90.0,60.8,87.9
20240922-0800,Mountain View Moffett Field Naval Air Station,"Mountain View, California, US",16.0,14.0,-9999.0,-9999.0,-9999.0,0.0,0,-9999,-9999.0,90.0,60.8,87.9
20240922-0900,Mountain View Moffett Field Naval Air Station,"Mountain View, California, US",16.0,14.0,-9999.0,-9999.0,-9999.0,0.0,0,-9999,-9999.0,90.0,60.8,87.9
20240922-1000,Mountain View Moffett Field Naval Air Station,"Mountain View, California, US",16.0,14.0,-9999.0,-9999.0,-9999.0,0.0,0,-9999,-9999.0,90.0,60.8,87.9
20240922-1100,Mountain View Moffett Field Naval Air Station,"Mountain View, California, US",16.0,14.0,-9999.0,-9999.0,-9999.0,0.0,0,-9999,-9999.0,90.0,60.8,87.9
20240922-1200,Mountain View Moffett Field Naval Air Station,"Mountain View, California, US",16.0,14.0,-9999.0,-9999.0,-9999.0,0.0,0,-9999,-9999.0,90.0,60.8,87.9
20240922-1300,Mountain View Moffett Field Naval Air Station,"Mountain View, California, US",16.0,14.0,-9999.0,-9999.0,-9999.0,0.0,0,-9999,-9999.0,90.0,60.8,87.9
20240922-1400,Mountain View Moffett Field Naval Air Station,"Mountain View, California, US",16.0,14.0,-9999.0,-9999.0,-9999.0,0.0,0,-9999,-9999.0,90.0,60.8,87.9
20240922-1500,Mountain View Moffett Field Naval Air Station,"Mountain View, California, US",16.0,14.0,-9999.0,-9999.0,-9999.0,0.0,0,-9999,-9999.0,90.0,60.8,87.9
20240922-1600,Mountain View Moffett Field Naval Air Station,"Mountain View, California, US",16.0,15.0,-9999.0,-9999.0,-9999.0,7.5600000000000005,50,-9999,-9999.0,95.0,60.8,93.8
20240922-1700,Mountain View Moffett Field Naval Air Station,"Mountain View, California, US",17.0,15.0,-9999.0,-9999.0,-9999.0,5.4,320,-9999,-9999.0,90.0,62.6,88.0
20240922-1800,Mountain View Moffett Field Naval Air Station,"Mountain View, California, US",18.0,15.0,-9999.0,-9999.0,-9999.0,0.0,0,-9999,-9999.0,85.0,64.4,82.6
20240922-1900,Mountain View Moffett Field Naval Air Station,"Mountain View, California, US",20.0,15.0,-9999.0,-9999.0,-9999.0,0.0,0,0,-9999.0,75.0,68.0,72.9
20240922-2000,Mountain View Moffett Field Naval Air Station,"Mountain View, California, US",21.0,15.0,-9999.0,-9999.0,-9999.0,7.5600000000000005,-9999,0,-9999.0,70.0,69.8,68.6
20240922-2100,Mountain View Moffett Field Naval Air Station,"Mountain View, California, US",22.0,15.0,-9999.0,-9999.0,-9999.0,14.76,350,0,-9999.0,65.0,71.6,64.5
20240922-2200,Mountain View Moffett Field Naval Air Station,"Mountain View, California, US",22.0,15.0,-9999.0,-9999.0,-9999.0,16.56,350,0,-9999.0,65.0,71.6,64.5
20240922-2300,Mountain View Moffett Field Naval Air Station,"Mountain View, California, US",23.0,15.0,-9999.0,-9999.0,-9999.0,12.959999999999999,340,0,-9999.0,60.0,73.4,60.7
20240923-0000,Mountain View Moffett Field Naval Air Station,"Mountain View, California, US",23.0,13.0,-9999.0,-9999.0,-9999.0,11.16,330,0,-9999.0,50.0,73.4,53.3
20240923-0100,Mountain View Moffett Field Naval Air Station,"Mountain View, California, US",22.0,14.0,-9999.0,-9999.0,-9999.0,14.76,320,0,-9999.0,60.0,71.6,60.4
20240923-0200,Mountain View Moffett Field Naval Air Station,"Mountain View, California, US",20.0,14.0,-9999.0,-9999.0,-9999.0,11.16,310,0,-9999.0,70.0,68.0,68.4
20240923-0300,Mountain View Moffett Field Naval Air Station,"Mountain View, California, US",18.0,14.0,-9999.0,-9999.0,-9999.0,0.0,0,0,-9999.0,80.0,64.4,77.4
20240923-0400,Mountain View Moffett Field Naval Air Station,"Mountain View, California, US",17.0,14.0,-9999.0,-9999.0,-9999.0,0.0,0,0,-9999.0,85.0,62.6,82.5
20240923-0500,Mountain View Moffett Field Naval Air Station,"Mountain View, California, US",17.0,14.0,-9999.0,-9999.0,-9999.0,5.4,290,0,-9999.0,85.0,62.6,82.5
20240923-0600,Mountain View Moffett Field Naval Air Station,"Mountain View, California, US",17.0,14.0,-9999.0,-9999.0,-9999.0,0.0,0,0,-9999.0,85.0,62.6,82.5
20240923-0700,Mountain View Moffett Field Naval Air Station,"Mountain View, California, US",16.0,14.0,-9999.0,-9999.0,-9999.0,0.0,0,0,-9999.0,90.0,60.8,87.9
20240923-0800,Mountain View Moffett Field Naval Air Station,"Mountain View, California, US",16.0,14.0,-9999.0,-9999.0,-9999.0,0.0,0,0,-9999.0,90.0,60.8,87.9
20240923-0900,Mountain View Moffett Field Naval Air Station,"Mountain View, California, US",15.0,13.0,-9999.0,-9999.0,-9999.0,0.0,0,0,-9999.0,90.0,59.0,87.8
20240923-1000,Mountain View Moffett Field Naval Air Station,"Mountain View, California, US",15.0,13.0,-9999.0,-9999.0,-9999.0,0.0,0,0,-9999.0,90.0,59.0,87.8
20240923-1100,Mountain View Moffett Field Naval Air Station,"Mountain View, California, US",15.0,13.0,-9999.0,-9999.0,-9999.0,0.0,0,0,-9999.0,90.0,59.0,87.8
20240923-1200,Mountain View Moffett Field Naval Air Station,"Mountain View, California, US",14.0,12.0,-9999.0,-9999.0,-9999.0,0.0,0,0,-9999.0,90.0,57.2,87.7
20240923-1300,Mountain View Moffett Field Naval Air Station,"Mountain View, California, US",14.0,12.0,-9999.0,-9999.0,-9999.0,0.0,0,0,-9999.0,90.0,57.2,87.7
20240923-1400,Mountain View Moffett Field Naval Air Station,"Mountain View, California, US",14.0,13.0,-9999.0,-9999.0,-9999.0,0.0,0,0,-9999.0,95.0,57.2,93.7
20240923-1500,Mountain View Moffett Field Naval Air Station,"Mountain View, California, US",15.0,13.0,-9999.0,-9999.0,-9999.0,0.0,0,0,-9999.0,90.0,59.0,87.8
20240923-1600,Mountain View Moffett Field Naval Air Station,"Mountain View, California, US",18.0,14.0,-9999.0,-9999.0,-9999.0,0.0,0,0,-9999.0,80.0,64.4,77.4
20240923-1700,Mountain View Moffett Field Naval Air Station,"Mountain View, California, US",20.0,14.0,-9999.0,-9999.0,-9999.0,0.0,0,0,-9999.0,70.0,68.0,68.4
20240923-1800,Mountain View Moffett Field Naval Air Station,"Mountain View, California, US",22.0,15.0,-9999.0,-9999.0,-9999.0,9.360000000000001,350,0,-9999.0,65.0,71.6,64.5
20240923-1900,Mountain View Moffett Field Naval Air Station,"Mountain View, California, US",25.0,15.0,-9999.0,-9999.0,-9999.0,9.360000000000001,10,0,-9999.0,50.0,77.0,53.8
20240923-2000,Mountain View Moffett Field Naval Air Station,"Mountain View, California, US",28.0,12.0,-9999.0,-9999.0,-9999.0,0.0,0,0,-9999.0,20.0,82.4,37.1
20240923-2100,Mountain View Moffett Field Naval Air Station,"Mountain View, California, US",29.0,14.0,-9999.0,-9999.0,-9999.0,11.16,350,0,-9999.0,25.0,84.2,39.9
20240923-2200,Mountain View Moffett Field Naval Air Station,"Mountain View, California, US",30.0,12.0,-9999.0,-9999.0,-9999.0,12.959999999999999,350,0,-9999.0,10.0,86.0,33.0
20240923-2300,Mountain View Moffett Field Naval Air Station,"Mountain View, California, US",31.0,12.0,-9999.0,-9999.0,-9999.0,12.959999999999999,350,0,-9999.0,5.0,87.8,31.2
20240924-0000,Mountain View Moffett Field Naval Air Station,"Mountain View, California, US",31.0,11.0,-9999.0,-9999.0,-9999.0,12.959999999999999,340,0,-9999.0,0.0,87.8,29.2
20240924-0100,Mountain View Moffett Field Naval Air Station,"Mountain View, California, US",30.0,12.0,-9999.0,-9999.0,-9999.0,9.360000000000001,320,0,-9999.0,10.0,86.0,33.0
20240924-0200,Mountain View Moffett Field Naval Air Station,"Mountain View, California, US",27.0,14.0,-9999.0,-9999.0,-9999.0,7.5600000000000005,-9999,0,-9999.0,35.0,80.6,44.8
20240924-0300,Mountain View Moffett Field Naval Air Station,"Mountain View, California, US",25.0,12.0,-9999.0,-9999.0,-9999.0,9.360000000000001,-9999,0,-9999.0,35.0,77.0,44.2
20240924-0400,Mountain View Moffett Field Naval Air Station,"Mountain View, California, US",23.0,14.0,-9999.0,-9999.0,-9999.0,5.4,340,0,-9999.0,55.0,73.4,56.9
20240924-0500,Mountain View Moffett Field Naval Air Station,"Mountain View, California, US",23.0,14.0,-9999.0,-9999.0,-9999.0,0.0,0,0,-9999.0,55.0,73.4,56.9
20240924-0600,Mountain View Moffett Field Naval Air Station,"Mountain View, California, US",22.0,14.0,-9999.0,-9999.0,-9999.0,0.0,0,0,-9999.0,60.0,71.6,60.4
20240924-0700,Mountain View Moffett Field Naval Air Station,"Mountain View, California, US",21.0,13.0,-9999.0,-9999.0,-9999.0,0.0,0,0,-9999.0,60.0,69.8,60.2
20240924-0900,Mountain View Moffett Field Naval Air Station,"Mountain View, California, US",19.0,13.0,-9999.0,-9999.0,-9999.0,0.0,0,0,-9999.0,70.0,66.2,68.2
20240924-1000,Mountain View Moffett Field Naval Air Station,"Mountain View, California, US",19.0,13.0,-9999.0,-9999.0,-9999.0,0.0,0,0,-9999.0,70.0,66.2,68.2
20240924-1100,Mountain View Moffett Field Naval Air Station,"Mountain View, California, US",18.0,12.0,-9999.0,-9999.0,-9999.0,0.0,0,0,-9999.0,70.0,64.4,68.0
20240924-1200,Mountain View Moffett Field Naval Air Station,"Mountain View, California, US",18.0,12.0,-9999.0,-9999.0,-9999.0,0.0,0,0,-9999.0,70.0,64.4,68.0
20240924-1300,Mountain View Moffett Field Naval Air Station,"Mountain View, California, US",17.0,11.0,-9999.0,-9999.0,-9999.0,0.0,0,0,-9999.0,70.0,62.6,67.7
20240924-1400,Mountain View Moffett Field Naval Air Station,"Mountain View, California, US",18.0,11.0,-9999.0,-9999.0,-9999.0,0.0,0,0,-9999.0,65.0,64.4,63.6
20240924-1500,Mountain View Moffett Field Naval Air Station,"Mountain View, California, US",19.0,11.0,-9999.0,-9999.0,-9999.0,0.0,0,0,-9999.0,60.0,66.2,59.7
20240924-1600,Mountain View Moffett Field Naval Air Station,"Mountain View, California, US",21.0,15.0,-9999.0,-9999.0,-9999.0,0.0,0,0,-9999.0,70.0,69.8,68.6
20240924-1700,Mountain View Moffett Field Naval Air Station,"Mountain View, California, US",23.0,15.0,-9999.0,-9999.0,-9999.0,0.0,0,0,-9999.0,60.0,73.4,60.7
20240924-1800,Mountain View Moffett Field Naval Air Station,"Mountain View, California, US",25.0,15.0,-9999.0,-9999.0,-9999.0,9.360000000000001,350,0,-9999.0,50.0,77.0,53.8
20240924-1900,Mountain View Moffett Field Naval Air Station,"Mountain View, California, US",27.0,15.0,-9999.0,-9999.0,-9999.0,12.959999999999999,340,0,-9999.0,40.0,80.6,47.8
20240924-2000,Mountain View Moffett Field Naval Air Station,"Mountain View, California, US",28.0,14.0,-9999.0,-9999.0,-9999.0,16.56,340,0,-9999.0,30.0,82.4,42.2
20240924-2100,Mountain View Moffett Field Naval Air Station,"Mountain View, California, US",28.0,12.0,-9999.0,-9999.0,-9999.0,18.36,320,0,-9999.0,20.0,82.4,37.1
20240924-2200,Mountain View Moffett Field Naval Air Station,"Mountain View, California, US",27.0,13.0,-9999.0,-9999.0,-9999.0,18.36,320,0,-9999.0,30.0,80.6,42.0
20240924-2300,Mountain View Moffett Field Naval Air Station,"Mountain View, California, US",25.0,15.0,-9999.0,-9999.0,-9999.0,18.36,330,0,-9999.0,50.0,77.0,53.8
20240925-0000,Mountain View Moffett Field Naval Air Station,"Mountain View, California, US",24.0,15.0,-9999.0,-9999.0,-9999.0,16.56,340,0,-9999.0,55.0,75.2,57.1
20240925-0100,Mountain View Moffett Field Naval Air Station,"Mountain View, California, US",22.0,16.0,-9999.0,-9999.0,-9999.0,20.520000000000003,340,0,-9999.0,70.0,71.6,68.7
20240925-0200,Mountain View Moffett Field Naval Air Station,"Mountain View, California, US",21.0,16.0,-9999.0,-9999.0,-9999.0,11.16,320,0,-9999.0,75.0,69.8,73.1
20240925-0300,Mountain View Moffett Field Naval Air Station,"Mountain View, California, US",19.0,16.0,-9999.0,-9999.0,-9999.0,11.16,310,0,-9999.0,85.0,66.2,82.7
20240925-0400,Mountain View Moffett Field Naval Air Station,"Mountain View, California, US",18.0,16.0,-9999.0,-9999.0,-9999.0,5.4,300,0,-9999.0,90.0,64.4,88.1
20240925-0500,Mountain View Moffett Field Naval Air Station,"Mountain View, California, US",18.0,16.0,-9999.0,-9999.0,-9999.0,11.16,340,0,-9999.0,90.0,64.4,88.1
20240925-0600,Mountain View Moffett Field Naval Air Station,"Mountain View, California, US",17.0,15.0,-9999.0,-9999.0,-9999.0,14.76,340,-9999,-9999.0,90.0,62.6,88.0
20240925-1400,Mountain View Moffett Field Naval Air Station,"Mountain View, California, US",16.0,13.0,-9999.0,-9999.0,-9999.0,9.360000000000001,160,-9999,-9999.0,85.0,60.8,82.4
20240925-1500,Mountain View Moffett Field Naval Air Station,"Mountain View, California, US",16.0,13.0,-9999.0,-9999.0,-9999.0,12.959999999999999,140,-9999,-9999.0,85.0,60.8,82.4
20240925-1600,Mountain View Moffett Field Naval Air Station,"Mountain View, California, US",17.0,13.0,-9999.0,-9999.0,-9999.0,11.16,140,-9999,-9999.0,80.0,62.6,77.3
20240925-1700,Mountain View Moffett Field Naval Air Station,"Mountain View, California, US",17.0,13.0,-9999.0,-9999.0,-9999.0,0.0,0,-9999,-9999.0,80.0,62.6,77.3
20240925-1800,Mountain View Moffett Field Naval Air Station,"Mountain View, California, US",19.0,13.0,-9999.0,-9999.0,-9999.0,11.16,-9999,0,-9999.0,70.0,66.2,68.2
20240925-1900,Mountain View Moffett Field Naval Air Station,"Mountain View, California, US",21.0,13.0,-9999.0,-9999.0,-9999.0,0.0,0,0,-9999.0,60.0,69.8,60.2
20240925-2000,Mountain View Moffett Field Naval Air Station,"Mountain View, California, US",21.0,14.0,-9999.0,-9999.0,-9999.0,14.76,360,0,-9999.0,65.0,69.8,64.3
20240925-2100,Mountain View Moffett Field Naval Air Station,"Mountain View, California, US",21.0,14.0,-9999.0,-9999.0,-9999.0,24.12,340,0,-9999.0,65.0,69.8,64.3
20240925-2200,Mountain View Moffett Field Naval Air Station,"Mountain View, California, US",20.0,13.0,-9999.0,-9999.0,-9999.0,25.919999999999998,340,0,-9999.0,65.0,68.0,64.0
20240925-2300,Mountain View Moffett Field Naval Air Station,"Mountain View, California, US",21.0,13.0,-9999.0,-9999.0,-9999.0,18.36,340,0,-9999.0,60.0,69.8,60.2
20240926-0000,Mountain View Moffett Field Naval Air Station,"Mountain View, California, US",20.0,13.0,-9999.0,-9999.0,-9999.0,24.12,340,0,-9999.0,65.0,68.0,64.0
20240926-0100,Mountain View Moffett Field Naval Air Station,"Mountain View, California, US",19.0,13.0,-9999.0,-9999.0,-9999.0,16.56,350,0,-9999.0,70.0,66.2,68.2
20240926-0200,Mountain View Moffett Field Naval Air Station,"Mountain View, California, US",18.0,13.0,-9999.0,-9999.0,-9999.0,14.76,340,0,-9999.0,75.0,64.4,72.6
20240926-0300,Mountain View Moffett Field Naval Air Station,"Mountain View, California, US",17.0,13.0,-9999.0,-9999.0,-9999.0,18.36,340,0,-9999.0,80.0,62.6,77.3
20240926-0400,Mountain View Moffett Field Naval Air Station,"Mountain View, California, US",17.0,13.0,-9999.0,-9999.0,-9999.0,7.5600000000000005,330,25,-9999.0,80.0,62.6,77.3
20240926-0500,Mountain View Moffett Field Naval Air Station,"Mountain View, California, US",16.0,13.0,-9999.0,-9999.0,-9999.0,0.0,0,-9999,-9999.0,85.0,60.8,82.4
20240926-0600,Mountain View Moffett Field Naval Air Station,"Mountain View, California, US",16.0,13.0,-9999.0,-9999.0,-9999.0,9.360000000000001,20,-9999,-9999.0,85.0,60.8,82.4
20240926-0700,Mountain View Moffett Field Naval Air Station,"Mountain View, California, US",16.0,13.0,-9999.0,-9999.0,-9999.0,11.16,30,-9999,-9999.0,85.0,60.8,82.4
20240926-0800,Mountain View Moffett Field Naval Air Station,"Mountain View, California, US",16.0,13.0,-9999.0,-9999.0,-9999.0,5.4,20,-9999,-9999.0,85.0,60.8,82.4
20240926-0900,Mountain View Moffett Field Naval Air Station,"Mountain View, California, US",16.0,13.0,-9999.0,-9999.0,-9999.0,9.360000000000001,10,-9999,-9999.0,85.0,60.8,82.4
20240926-1000,Mountain View Moffett Field Naval Air Station,"Mountain View, California, US",16.0,13.0,-9999.0,-9999.0,-9999.0,7.5600000000000005,10,-9999,-9999.0,85.0,60.8,82.4
20240926-1100,Mountain View Moffett Field Naval Air Station,"Mountain View, California, US",16.0,13.0,-9999.0,-9999.0,-9999.0,7.5600000000000005,20,-9999,-9999.0,85.0,60.8,82.4
20240926-1200,Mountain View Moffett Field Naval Air Station,"Mountain View, California, US",16.0,13.0,-9999.0,-9999.0,-9999.0,0.0,0,-9999,-9999.0,85.0,60.8,82.4
20240926-1300,Mountain View Moffett Field Naval Air Station,"Mountain View, California, US",16.0,13.0,-9999.0,-9999.0,-9999.0,0.0,0,-9999,-9999.0,85.0,60.8,82.4
20240926-1400,Mountain View Moffett Field Naval Air Station,"Mountain View, California, US",15.0,13.0,-9999.0,-9999.0,-9999.0,5.4,100,-9999,-9999.0,90.0,59.0,87.8
20240926-1500,Mountain View Moffett Field Naval Air Station,"Mountain View, California, US",16.0,13.0,-9999.0,-9999.0,-9999.0,0.0,0,-9999,-9999.0,85.0,60.8,82.4
20240926-1600,Mountain View Moffett Field Naval Air Station,"Mountain View, California, US",16.0,13.0,-9999.0,-9999.0,-9999.0,0.0,0,-9999,-9999.0,85.0,60.8,82.4
20240926-1700,Mountain View Moffett Field Naval Air Station,"Mountain View, California, US",17.0,13.0,-9999.0,-9999.0,-9999.0,0.0,0,-9999,-9999.0,80.0,62.6,77.3
20240926-1800,Mountain View Moffett Field Naval Air Station,"Mountain View, California, US",18.0,14.0,-9999.0,-9999.0,-9999.0,5.4,40,25,-9999.0,80.0,64.4,77.4
20240926-1900,Mountain View Moffett Field Naval Air Station,"Mountain View, California, US",20.0,13.0,-9999.0,-9999.0,-9999.0,5.4,20,0,-9999.0,65.0,68.0,64.0
20240926-2000,Mountain View Moffett Field Naval Air Station,"Mountain View, California, US",21.0,14.0,-9999.0,-9999.0,-9999.0,9.360000000000001,360,0,-9999.0,65.0,69.8,64.3
20240926-2100,Mountain View Moffett Field Naval Air Station,"Mountain View, California, US",21.0,14.0,-9999.0,-9999.0,-9999.0,12.959999999999999,350,0,-9999.0,65.0,69.8,64.3
20240926-2200,Mountain View Moffett Field Naval Air Station,"Mountain View, California, US",22.0,14.0,-9999.0,-9999.0,-9999.0,16.56,340,0,-9999.0,60.0,71.6,60.4
20240926-2300,Mountain View Moffett Field Naval Air Station,"Mountain View, California, US",23.0,15.0,-9999.0,-9999.0,-9999.0,18.36,340,0,-9999.0,60.0,73.4,60.7
20240927-0000,Mountain View Moffett Field Naval Air Station,"Mountain View, California, US",23.0,14.0,-9999.0,-9999.0,-9999.0,14.76,350,0,-9999.0,55.0,73.4,56.9
20240927-0100,Mountain View Moffett Field Naval Air Station,"Mountain View, California, US",22.0,15.0,-9999.0,-9999.0,-9999.0,12.959999999999999,350,0,-9999.0,65.0,71.6,64.5
20240927-0200,Mountain View Moffett Field Naval Air Station,"Mountain View, California, US",20.0,15.0,-9999.0,-9999.0,-9999.0,7.5600000000000005,350,0,-9999.0,75.0,68.0,72.9
20240927-0300,Mountain View Moffett Field Naval Air Station,"Mountain View, California, US",19.0,15.0,-9999.0,-9999.0,-9999.0,7.5600000000000005,280,0,-9999.0,80.0,66.2,77.6
20240927-0400,Mountain View Moffett Field Naval Air Station,"Mountain View, California, US",18.0,15.0,-9999.0,-9999.0,-9999.0,9.360000000000001,340,0,-9999.0,85.0,64.4,82.6
20240927-0500,Mountain View Moffett Field Naval Air Station,"Mountain View, California, US",18.0,15.0,-9999.0,-9999.0,-9999.0,0.0,0,0,-9999.0,85.0,64.4,82.6
20240927-0600,Mountain View Moffett Field Naval Air Station,"Mountain View, California, US",17.0,14.0,-9999.0,-9999.0,-9999.0,0.0,0,0,-9999.0,85.0,62.6,82.5
20240927-0700,Mountain View Moffett Field Naval Air Station,"Mountain View, California, US",17.0,14.0,-9999.0,-9999.0,-9999.0,0.0,0,0,-9999.0,85.0,62.6,82.5
20240927-0800,Mountain View Moffett Field Naval Air Station,"Mountain View, California, US",17.0,14.0,-9999.0,-9999.0,-9999.0,0.0,0,0,-9999.0,85.0,62.6,82.5
20240927-0900,Mountain View Moffett Field Naval Air Station,"Mountain View, California, US",16.0,14.0,-9999.0,-9999.0,-9999.0,0.0,0,0,-9999.0,90.0,60.8,87.9
20240927-1000,Mountain View Moffett Field Naval Air Station,"Mountain View, California, US",15.0,13.0,-9999.0,-9999.0,-9999.0,0.0,0,0,-9999.0,90.0,59.0,87.8
20240927-1100,Mountain View Moffett Field Naval Air Station,"Mountain View, California, US",15.0,13.0,-9999.0,-9999.0,-9999.0,0.0,0,0,-9999.0,90.0,59.0,87.8
20240927-1200,Mountain View Moffett Field Naval Air Station,"Mountain View, California, US",14.0,12.0,-9999.0,-9999.0,-9999.0,0.0,0,0,-9999.0,90.0,57.2,87.7
20240927-1300,Mountain View Moffett Field Naval Air Station,"Mountain View, California, US",14.0,12.0,-9999.0,-9999.0,-9999.0,0.0,0,0,-9999.0,90.0,57.2,87.7
20240927-1400,Mountain View Moffett Field Naval Air Station,"Mountain View, California, US",13.0,11.0,-9999.0,-9999.0,-9999.0,0.0,0,0,-9999.0,90.0,55.4,87.6
20240927-1500,Mountain View Moffett Field Naval Air Station,"Mountain View, California, US",15.0,13.0,-9999.0,-9999.0,-9999.0,0.0,0,0,-9999.0,90.0,59.0,87.8
20240927-1600,Mountain View Moffett Field Naval Air Station,"Mountain View, California, US",19.0,11.0,-9999.0,-9999.0,-9999.0,5.4,170,0,-9999.0,60.0,66.2,59.7
20240927-1700,Mountain View Moffett Field Naval Air Station,"Mountain View, California, US",22.0,13.0,-9999.0,-9999.0,-9999.0,0.0,0,0,-9999.0,55.0,71.6,56.6
20240927-1800,Mountain View Moffett Field Naval Air Station,"Mountain View, California, US",22.0,14.0,-9999.0,-9999.0,-9999.0,7.5600000000000005,350,0,-9999.0,60.0,71.6,60.4
20240927-1900,Mountain View Moffett Field Naval Air Station,"Mountain View, California, US",25.0,15.0,-9999.0,-9999.0,-9999.0,11.16,340,0,-9999.0,50.0,77.0,53.8
20240927-2000,Mountain View Moffett Field Naval Air Station,"Mountain View, California, US",26.0,12.0,-9999.0,-9999.0,-9999.0,11.16,350,0,-9999.0,30.0,78.8,41.7
20240927-2100,Mountain View Moffett Field Naval Air Station,"Mountain View, California, US",29.0,10.0,-9999.0,-9999.0,-9999.0,11.16,340,0,-9999.0,5.0,84.2,30.6
20240927-2200,Mountain View Moffett Field Naval Air Station,"Mountain View, California, US",30.0,12.0,-9999.0,-9999.0,-9999.0,14.76,350,0,-9999.0,10.0,86.0,33.0
20240927-2300,Mountain View Moffett Field Naval Air Station,"Mountain View, California, US",30.0,12.0,-9999.0,-9999.0,-9999.0,12.959999999999999,320,0,-9999.0,10.0,86.0,33.0
20240928-0000,Mountain View Moffett Field Naval Air Station,"Mountain View, California, US",30.0,14.0,-9999.0,-9999.0,-9999.0,16.56,340,0,-9999.0,20.0,86.0,37.6
20240928-0100,Mountain View Moffett Field Naval Air Station,"Mountain View, California, US",28.0,14.0,-9999.0,-9999.0,-9999.0,12.959999999999999,340,0,-9999.0,30.0,82.4,42.2
20240928-0200,Mountain View Moffett Field Naval Air Station,"Mountain View, California, US",25.0,16.0,-9999.0,-9999.0,-9999.0,7.5600000000000005,340,0,-9999.0,55.0,77.0,57.4
20240928-0300,Mountain View Moffett Field Naval Air Station,"Mountain View, California, US",23.0,16.0,-9999.0,-9999.0,-9999.0,7.5600000000000005,10,0,-9999.0,65.0,73.4,64.7
20240928-0400,Mountain View Moffett Field Naval Air Station,"Mountain View, California, US",23.0,16.0,-9999.0,-9999.0,-9999.0,0.0,0,0,-9999.0,65.0,73.4,64.7
20240928-0500,Mountain View Moffett Field Naval Air Station,"Mountain View, California, US",22.0,14.0,-9999.0,-9999.0,-9999.0,0.0,0,0,-9999.0,60.0,71.6,60.4
20240928-0600,Mountain View Moffett Field Naval Air Station,"Mountain View, California, US",22.0,14.0,-9999.0,-9999.0,-9999.0,5.4,160,0,-9999.0,60.0,71.6,60.4
20240928-0700,Mountain View Moffett Field Naval Air Station,"Mountain View, California, US",21.0,13.0,-9999.0,-9999.0,-9999.0,5.4,110,-9999,-9999.0,60.0,69.8,60.2
20240928-0800,Mountain View Moffett Field Naval Air Station,"Mountain View, California, US",20.0,13.0,-9999.0,-9999.0,-9999.0,0.0,0,0,-9999.0,65.0,68.0,64.0
20240928-0900,Mountain View Moffett Field Naval Air Station,"Mountain View, California, US",19.0,11.0,-9999.0,-9999.0,-9999.0,0.0,0,0,-9999.0,60.0,66.2,59.7
20240928-1000,Mountain View Moffett Field Naval Air Station,"Mountain View, California, US",17.0,11.0,-9999.0,-9999.0,-9999.0,0.0,0,0,-9999.0,70.0,62.6,67.7
20240928-1100,Mountain View Moffett Field Naval Air Station,"Mountain View, California, US",17.0,10.0,-9999.0,-9999.0,-9999.0,0.0,0,0,-9999.0,65.0,62.6,63.4
20240928-1200,Mountain View Moffett Field Naval Air Station,"Mountain View, California, US",17.0,10.0,-9999.0,-9999.0,-9999.0,0.0,0,0,-9999.0,65.0,62.6,63.4
20240928-1300,Mountain View Moffett Field Naval Air Station,"Mountain View, California, US",17.0,12.0,-9999.0,-9999.0,-9999.0,0.0,0,0,-9999.0,75.0,62.6,72.4
20240928-1400,Mountain View Moffett Field Naval Air Station,"Mountain View, California, US",16.0,13.0,-9999.0,-9999.0,-9999.0,0.0,0,0,-9999.0,85.0,60.8,82.4
20240928-1500,Mountain View Moffett Field Naval Air Station,"Mountain View, California, US",17.0,14.0,-9999.0,-9999.0,-9999.0,0.0,0,0,-9999.0,85.0,62.6,82.5
20240928-1600,Mountain View Moffett Field Naval Air Station,"Mountain View, California, US",18.0,15.0,-9999.0,-9999.0,-9999.0,7.5600000000000005,350,0,-9999.0,85.0,64.4,82.6
20240928-1700,Mountain View Moffett Field Naval Air Station,"Mountain View, California, US",19.0,15.0,-9999.0,-9999.0,-9999.0,12.959999999999999,340,25,-9999.0,80.0,66.2,77.6
20240928-1800,Mountain View Moffett Field Naval Air Station,"Mountain View, California, US",19.0,15.0,-9999.0,-9999.0,-9999.0,20.520000000000003,350,0,-9999.0,80.0,66.2,77.6
20240928-1900,Mountain View Moffett Field Naval Air Station,"Mountain View, California, US",20.0,15.0,-9999.0,-9999.0,-9999.0,11.16,340,-9999,-9999.0,75.0,68.0,72.9
20240928-2000,Mountain View Moffett Field Naval Air Station,"Mountain View, California, US",21.0,14.0,-9999.0,-9999.0,-9999.0,12.959999999999999,350,-9999,-9999.0,65.0,69.8,64.3
20240928-2100,Mountain View Moffett Field Naval Air Station,"Mountain View, California, US",22.0,15.0,-9999.0,-9999.0,-9999.0,20.520000000000003,350,-9999,-9999.0,65.0,71.6,64.5
20240928-2200,Mountain View Moffett Field Naval Air Station,"Mountain View, California, US",21.0,15.0,-9999.0,-9999.0,-9999.0,20.520000000000003,340,0,-9999.0,70.0,69.8,68.6
20240928-2300,Mountain View Moffett Field Naval Air Station,"Mountain View, California, US",21.0,15.0,-9999.0,-9999.0,-9999.0,18.36,340,0,-9999.0,70.0,69.8,68.6
20240929-0000,Mountain View Moffett Field Naval Air Station,"Mountain View, California, US",19.0,15.0,-9999.0,-9999.0,-9999.0,20.520000000000003,330,-9999,-9999.0,80.0,66.2,77.6
20240929-0100,Mountain View Moffett Field Naval Air Station,"Mountain View, California, US",18.0,14.0,-9999.0,-9999.0,-9999.0,24.12,340,0,-9999.0,80.0,64.4,77.4
20240929-0200,Mountain View Moffett Field Naval Air Station,"Mountain View, California, US",17.0,14.0,-9999.0,-9999.0,-9999.0,25.919999999999998,360,0,-9999.0,85.0,62.6,82.5
20240929-0300,Mountain View Moffett Field Naval Air Station,"Mountain View, California, US",16.0,14.0,-9999.0,-9999.0,-9999.0,16.56,340,-9999,-9999.0,90.0,60.8,87.9
20240929-0400,Mountain View Moffett Field Naval Air Station,"Mountain View, California, US",16.0,14.0,-9999.0,-9999.0,-9999.0,12.959999999999999,10,-9999,-9999.0,90.0,60.8,87.9
20240929-0500,Mountain View Moffett Field Naval Air Station,"Mountain View, California, US",16.0,13.0,-9999.0,-9999.0,-9999.0,12.959999999999999,30,-9999,-9999.0,85.0,60.8,82.4
20240929-0600,Mountain View Moffett Field Naval Air Station,"Mountain View, California, US",16.0,13.0,-9999.0,-9999.0,-9999.0,7.5600000000000005,40,-9999,-9999.0,85.0,60.8,82.4
20240929-0700,Mountain View Moffett Field Naval Air Station,"Mountain View, California, US",16.0,13.0,-9999.0,-9999.0,-9999.0,7.5600000000000005,-9999,-9999,-9999.0,85.0,60.8,82.4
20240929-0800,Mountain View Moffett Field Naval Air Station,"Mountain View, California, US",16.0,13.0,-9999.0,-9999.0,-9999.0,0.0,0,-9999,-9999.0,85.0,60.8,82.4
20240929-0900,Mountain View Moffett Field Naval Air Station,"Mountain View, California, US",16.0,13.0,-9999.0,-9999.0,-9999.0,5.4,110,-9999,-9999.0,85.0,60.8,82.4
20240929-1000,Mountain View Moffett Field Naval Air Station,"Mountain View, California, US",16.0,13.0,-9999.0,-9999.0,-9999.0,0.0,0,-9999,-9999.0,85.0,60.8,82.4
20240929-1100,Mountain View Moffett Field Naval Air Station,"Mountain View, California, US",16.0,13.0,-9999.0,-9999.0,-9999.0,0.0,0,-9999,-9999.0,85.0,60.8,82.4
20240929-1200,Mountain View Moffett Field Naval Air Station,"Mountain View, California, US",16.0,13.0,-9999.0,-9999.0,-9999.0,0.0,0,-9999,-9999.0,85.0,60.8,82.4
20240929-1300,Mountain View Moffett Field Naval Air Station,"Mountain View, California, US",16.0,13.0,-9999.0,-9999.0,-9999.0,7.5600000000000005,-9999,-9999,-9999.0,85.0,60.8,82.4
20240929-1400,Mountain View Moffett Field Naval Air Station,"Mountain View, California, US",16.0,13.0,-9999.0,-9999.0,-9999.0,0.0,0,-9999,-9999.0,85.0,60.8,82.4
20240929-1500,Mountain View Moffett Field Naval Air Station,"Mountain View, California, US",16.0,13.0,-9999.0,-9999.0,-9999.0,7.5600000000000005,110,-9999,-9999.0,85.0,60.8,82.4
20240929-1600,Mountain View Moffett Field Naval Air Station,"Mountain View, California, US",17.0,13.0,-9999.0,-9999.0,-9999.0,7.5600000000000005,-9999,-9999,-9999.0,80.0,62.6,77.3
20240929-1700,Mountain View Moffett Field Naval Air Station,"Mountain View, California, US",18.0,13.0,-9999.0,-9999.0,-9999.0,7.5600000000000005,330,50,-9999.0,75.0,64.4,72.6
20240929-1800,Mountain View Moffett Field Naval Air Station,"Mountain View, California, US",19.0,14.0,-9999.0,-9999.0,-9999.0,12.959999999999999,340,0,-9999.0,75.0,66.2,72.7
20240929-1900,Mountain View Moffett Field Naval Air Station,"Mountain View, California, US",20.0,14.0,-9999.0,-9999.0,-9999.0,11.16,-9999,0,-9999.0,70.0,68.0,68.4
20240929-2000,Mountain View Moffett Field Naval Air Station,"Mountain View, California, US",21.0,14.0,-9999.0,-9999.0,-9999.0,7.5600000000000005,-9999,0,-9999.0,65.0,69.8,64.3
20240929-2100,Mountain View Moffett Field Naval Air Station,"Mountain View, California, US",21.0,14.0,-9999.0,-9999.0,-9999.0,12.959999999999999,340,0,-9999.0,65.0,69.8,64.3
20240929-2200,Mountain View Moffett Field Naval Air Station,"Mountain View, California, US",22.0,14.0,-9999.0,-9999.0,-9999.0,14.76,350,0,-9999.0,60.0,71.6,60.4
20240929-2300,Mountain View Moffett Field Naval Air Station,"Mountain View, California, US",21.0,14.0,-9999.0,-9999.0,-9999.0,20.520000000000003,340,0,-9999.0,65.0,69.8,64.3
20240930-0000,Mountain View Moffett Field Naval Air Station,"Mountain View, California, US",21.0,14.0,-9999.0,-9999.0,-9999.0,11.16,350,0,-9999.0,65.0,69.8,64.3
20240930-0100,Mountain View Moffett Field Naval Air Station,"Mountain View, California, US",21.0,14.0,-9999.0,-9999.0,-9999.0,11.16,-9999,0,-9999.0,65.0,69.8,64.3
20240930-0200,Mountain View Moffett Field Naval Air Station,"Mountain View, California, US",19.0,14.0,-9999.0,-9999.0,-9999.0,11.16,320,0,-9999.0,75.0,66.2,72.7
20240930-0300,Mountain View Moffett Field Naval Air Station,"Mountain View, California, US",18.0,14.0,-9999.0,-9999.0,-9999.0,5.4,290,0,-9999.0,80.0,64.4,77.4
20240930-0400,Mountain View Moffett Field Naval Air Station,"Mountain View, California, US",18.0,13.0,-9999.0,-9999.0,-9999.0,5.4,280,0,-9999.0,75.0,64.4,72.6
20240930-0500,Mountain View Moffett Field Naval Air Station,"Mountain View, California, US",17.0,13.0,-9999.0,-9999.0,-9999.0,0.0,0,0,-9999.0,80.0,62.6,77.3
20240930-0600,Mountain View Moffett Field Naval Air Station,"Mountain View, California, US",17.0,13.0,-9999.0,-9999.0,-9999.0,0.0,0,0,-9999.0,80.0,62.6,77.3
20240930-0700,Mountain View Moffett Field Naval Air Station,"Mountain View, California, US",17.0,13.0,-9999.0,-9999.0,-9999.0,0.0,0,0,-9999.0,80.0,62.6,77.3
20240930-0800,Mountain View Moffett Field Naval Air Station,"Mountain View, California, US",16.0,13.0,-9999.0,-9999.0,-9999.0,0.0,0,0,-9999.0,85.0,60.8,82.4
20240930-0900,Mountain View Moffett Field Naval Air Station,"Mountain View, California, US",15.0,12.0,-9999.0,-9999.0,-9999.0,0.0,0,-9999,-9999.0,85.0,59.0,82.2
20240930-1000,Mountain View Moffett Field Naval Air Station,"Mountain View, California, US",15.0,12.0,-9999.0,-9999.0,-9999.0,0.0,0,0,-9999.0,85.0,59.0,82.2
20240930-1100,Mountain View Moffett Field Naval Air Station,"Mountain View, California, US",14.0,12.0,-9999.0,-9999.0,-9999.0,0.0,0,0,-9999.0,90.0,57.2,87.7
20240930-1200,Mountain View Moffett Field Naval Air Station,"Mountain View, California, US",14.0,12.0,-9999.0,-9999.0,-9999.0,0.0,0,0,-9999.0,90.0,57.2,87.7
20240930-1300,Mountain View Moffett Field Naval Air Station,"Mountain View, California, US",14.0,12.0,-9999.0,-9999.0,-9999.0,0.0,0,0,-9999.0,90.0,57.2,87.7
20240930-1400,Mountain View Moffett Field Naval Air Station,"Mountain View, California, US",14.0,12.0,-9999.0,-9999.0,-9999.0,0.0,0,25,-9999.0,90.0,57.2,87.7
20240930-1500,Mountain View Moffett Field Naval Air Station,"Mountain View, California, US",15.0,12.0,-9999.0,-9999.0,-9999.0,0.0,0,0,-9999.0,85.0,59.0,82.2
20240930-1600,Mountain View Moffett Field Naval Air Station,"Mountain View, California, US",18.0,14.0,-9999.0,-9999.0,-9999.0,0.0,0,0,-9999.0,80.0,64.4,77.4
20240930-1700,Mountain View Moffett Field Naval Air Station,"Mountain View, California, US",20.0,13.0,-9999.0,-9999.0,-9999.0,0.0,0,0,-9999.0,65.0,68.0,64.0
20240930-1800,Mountain View Moffett Field Naval Air Station,"Mountain View, California, US",22.0,13.0,-9999.0,-9999.0,-9999.0,9.360000000000001,350,0,-9999.0,55.0,71.6,56.6
20240930-1900,Mountain View Moffett Field Naval Air Station,"Mountain View, California, US",26.0,10.0,-9999.0,-9999.0,-9999.0,5.4,350,0,-9999.0,20.0,78.8,36.5
20240930-2000,Mountain View Moffett Field Naval Air Station,"Mountain View, California, US",26.0,16.0,-9999.0,-9999.0,-9999.0,9.360000000000001,350,0,-9999.0,50.0,78.8,54.1
20240930-2100,Mountain View Moffett Field Naval Air Station,"Mountain View, California, US",29.0,13.0,-9999.0,-9999.0,-9999.0,9.360000000000001,360,0,-9999.0,20.0,84.2,37.3
20240930-2200,Mountain View Moffett Field Naval Air Station,"Mountain View, California, US",31.0,9.0,-9999.0,-9999.0,-9999.0,12.959999999999999,350,0,-9999.0,-10.0,87.8,25.5
20240930-2300,Mountain View Moffett Field Naval Air Station,"Mountain View, California, US",30.0,7.0,-9999.0,-9999.0,-9999.0,16.56,350,0,-9999.0,-15.0,86.0,23.6
20241001-0000,Mountain View Moffett Field Naval Air Station,"Mountain View, California, US",31.0,7.0,-9999.0,-9999.0,-9999.0,14.76,350,0,-9999.0,-20.0,87.8,22.3
20241001-0100,Mountain View Moffett Field Naval Air Station,"Mountain View, California, US",30.0,11.0,-9999.0,-9999.0,-9999.0,9.360000000000001,340,0,-9999.0,5.0,86.0,30.9
20241001-0200,Mountain View Moffett Field Naval Air Station,"Mountain View, California, US",26.0,13.0,-9999.0,-9999.0,-9999.0,9.360000000000001,320,0,-9999.0,35.0,78.8,44.5
20241001-0300,Mountain View Moffett Field Naval Air Station,"Mountain View, California, US",26.0,10.0,-9999.0,-9999.0,-9999.0,9.360000000000001,270,-9999,-9999.0,20.0,78.8,36.5
20241001-0400,Mountain View Moffett Field Naval Air Station,"Mountain View, California, US",25.0,10.0,-9999.0,-9999.0,-9999.0,0.0,0,-9999,-9999.0,25.0,77.0,38.7
20241001-0500,Mountain View Moffett Field Naval Air Station,"Mountain View, California, US",22.0,11.0,-9999.0,-9999.0,-9999.0,0.0,0,0,-9999.0,45.0,71.6,49.6
20241001-0600,Mountain View Moffett Field Naval Air Station,"Mountain View, California, US",21.0,11.0,-9999.0,-9999.0,-9999.0,0.0,0,0,-9999.0,50.0,69.8,52.8
20241001-0700,Mountain View Moffett Field Naval Air Station,"Mountain View, California, US",21.0,12.0,-9999.0,-9999.0,-9999.0,0.0,0,0,-9999.0,55.0,69.8,56.4
20241001-0800,Mountain View Moffett Field Naval Air Station,"Mountain View, California, US",19.0,11.0,-9999.0,-9999.0,-9999.0,0.0,0,0,-9999.0,60.0,66.2,59.7
20241001-0900,Mountain View Moffett Field Naval Air Station,"Mountain View, California, US",18.0,11.0,-9999.0,-9999.0,-9999.0,0.0,0,0,-9999.0,65.0,64.4,63.6
20241001-1000,Mountain View Moffett Field Naval Air Station,"Mountain View, California, US",18.0,9.0,-9999.0,-9999.0,-9999.0,0.0,0,0,-9999.0,55.0,64.4,55.6
20241001-1100,Mountain View Moffett Field Naval Air Station,"Mountain View, California, US",18.0,9.0,-9999.0,-9999.0,-9999.0,0.0,0,0,-9999.0,55.0,64.4,55.6
20241001-1200,Mountain View Moffett Field Naval Air Station,"Mountain View, California, US",17.0,8.0,-9999.0,-9999.0,-9999.0,0.0,0,0,-9999.0,55.0,62.6,55.4
20241001-1300,Mountain View Moffett Field Naval Air Station,"Mountain View, California, US",16.0,8.0,-9999.0,-9999.0,-9999.0,0.0,0,0,-9999.0,60.0,60.8,59.0
20241001-1400,Mountain View Moffett Field Naval Air Station,"Mountain View, California, US",17.0,8.0,-9999.0,-9999.0,-9999.0,0.0,0,0,-9999.0,55.0,62.6,55.4
20241001-1500,Mountain View Moffett Field Naval Air Station,"Mountain View, California, US",17.0,9.0,-9999.0,-9999.0,-9999.0,0.0,0,0,-9999.0,60.0,62.6,59.3
20241001-1600,Mountain View Moffett Field Naval Air Station,"Mountain View, California, US",22.0,10.0,-9999.0,-9999.0,-9999.0,0.0,0,0,-9999.0,40.0,71.6,46.4
20241001-1700,Mountain View Moffett Field Naval Air Station,"Mountain View, California, US",25.0,9.0,-9999.0,-9999.0,-9999.0,0.0,0,0,-9999.0,20.0,77.0,36.2
20241001-1800,Mountain View Moffett Field Naval Air Station,"Mountain View, California, US",27.0,11.0,-9999.0,-9999.0,-9999.0,0.0,0,0,-9999.0,20.0,80.6,36.8
20241001-1900,Mountain View Moffett Field Naval Air Station,"Mountain View, California, US",30.0,6.0,-9999.0,-9999.0,-9999.0,7.5600000000000005,350,0,-9999.0,-20.0,86.0,22.0
20241001-2000,Mountain View Moffett Field Naval Air Station,"Mountain View, California, US",33.0,4.0,-9999.0,-9999.0,-9999.0,0.0,0,0,-9999.0,-45.0,91.4,16.1
20241001-2100,Mountain View Moffett Field Naval Air Station,"Mountain View, California, US",34.0,4.0,-9999.0,-9999.0,-9999.0,12.959999999999999,340,0,-9999.0,-50.0,93.2,15.3
20241001-2200,Mountain View Moffett Field Naval Air Station,"Mountain View, California, US",33.0,7.0,-9999.0,-9999.0,-9999.0,14.76,340,0,-9999.0,-30.0,91.4,19.9
20241001-2300,Mountain View Moffett Field Naval Air Station,"Mountain View, California, US",34.0,9.0,-9999.0,-9999.0,-9999.0,14.76,350,0,-9999.0,-25.0,93.2,21.5
20241002-0000,Mountain View Moffett Field Naval Air Station,"Mountain View, California, US",35.0,7.0,-9999.0,-9999.0,-9999.0,9.360000000000001,350,0,-9999.0,-40.0,95.0,17.8
20241002-0100,Mountain View Moffett Field Naval Air Station,"Mountain View, California, US",32.0,9.0,-9999.0,-9999.0,-9999.0,9.360000000000001,360,0,-9999.0,-15.0,89.6,24.1
20241002-0200,Mountain View Moffett Field Naval Air Station,"Mountain View, California, US",28.0,14.0,-9999.0,-9999.0,-9999.0,7.5600000000000005,360,0,-9999.0,30.0,82.4,42.2
20241002-0300,Mountain View Moffett Field Naval Air Station,"Mountain View, California, US",27.0,14.0,-9999.0,-9999.0,-9999.0,0.0,0,0,-9999.0,35.0,80.6,44.8
20241002-0400,Mountain View Moffett Field Naval Air Station,"Mountain View, California, US",25.0,14.0,-9999.0,-9999.0,-9999.0,0.0,0,0,-9999.0,45.0,77.0,50.4
20241002-0500,Mountain View Moffett Field Naval Air Station,"Mountain View, California, US",24.0,14.0,-9999.0,-9999.0,-9999.0,0.0,0,0,-9999.0,50.0,75.2,53.5
20241002-0600,Mountain View Moffett Field Naval Air Station,"Mountain View, California, US",23.0,14.0,-9999.0,-9999.0,-9999.0,0.0,0,0,-9999.0,55.0,73.4,56.9
20241002-0800,Mountain View Moffett Field Naval Air Station,"Mountain View, California, US",21.0,12.0,-9999.0,-9999.0,-9999.0,0.0,0,0,-9999.0,55.0,69.8,56.4
20241002-0900,Mountain View Moffett Field Naval Air Station,"Mountain View, California, US",21.0,11.0,-9999.0,-9999.0,-9999.0,0.0,0,0,-9999.0,50.0,69.8,52.8
20241002-1000,Mountain View Moffett Field Naval Air Station,"Mountain View, California, US",20.0,10.0,-9999.0,-9999.0,-9999.0,0.0,0,0,-9999.0,50.0,68.0,52.5
20241002-1100,Mountain View Moffett Field Naval Air Station,"Mountain View, California, US",19.0,11.0,-9999.0,-9999.0,-9999.0,0.0,0,-9999,-9999.0,60.0,66.2,59.7
20241002-1200,Mountain View Moffett Field Naval Air Station,"Mountain View, California, US",19.0,10.0,-9999.0,-9999.0,-9999.0,0.0,0,0,-9999.0,55.0,66.2,55.9
20241002-1300,Mountain View Moffett Field Naval Air Station,"Mountain View, California, US",19.0,8.0,-9999.0,-9999.0,-9999.0,0.0,0,0,-9999.0,45.0,66.2,48.8
20241002-1400,Mountain View Moffett Field Naval Air Station,"Mountain View, California, US",19.0,10.0,-9999.0,-9999.0,-9999.0,0.0,0,0,-9999.0,55.0,66.2,55.9
20241002-1500,Mountain View Moffett Field Naval Air Station,"Mountain View, California, US",19.0,10.0,-9999.0,-9999.0,-9999.0,0.0,0,0,-9999.0,55.0,66.2,55.9
20241002-1600,Mountain View Moffett Field Naval Air Station,"Mountain View, California, US",23.0,12.0,-9999.0,-9999.0,-9999.0,0.0,0,0,-9999.0,45.0,73.4,49.9
20241002-1700,Mountain View Moffett Field Naval Air Station,"Mountain View, California, US",26.0,12.0,-9999.0,-9999.0,-9999.0,0.0,0,0,-9999.0,30.0,78.8,41.7
20241002-1800,Mountain View Moffett Field Naval Air Station,"Mountain View, California, US",27.0,12.0,-9999.0,-9999.0,-9999.0,7.5600000000000005,360,0,-9999.0,25.0,80.6,39.3
20241002-1900,Mountain View Moffett Field Naval Air Station,"Mountain View, California, US",30.0,12.0,-9999.0,-9999.0,-9999.0,0.0,0,0,-9999.0,10.0,86.0,33.0
20241002-2000,Mountain View Moffett Field Naval Air Station,"Mountain View, California, US",33.0,10.0,-9999.0,-9999.0,-9999.0,0.0,0,0,-9999.0,-15.0,91.4,24.4
20241002-2100,Mountain View Moffett Field Naval Air Station,"Mountain View, California, US",34.0,9.0,-9999.0,-9999.0,-9999.0,7.5600000000000005,20,0,-9999.0,-25.0,93.2,21.5
20241002-2200,Mountain View Moffett Field Naval Air Station,"Mountain View, California, US",35.0,6.0,-9999.0,-9999.0,-9999.0,9.360000000000001,350,0,-9999.0,-45.0,95.0,16.6
20241002-2300,Mountain View Moffett Field Naval Air Station,"Mountain View, California, US",34.0,11.0,-9999.0,-9999.0,-9999.0,11.16,350,0,-9999.0,-15.0,93.2,24.6
20241003-0000,Mountain View Moffett Field Naval Air Station,"Mountain View, California, US",34.0,10.0,-9999.0,-9999.0,-9999.0,7.5600000000000005,350,0,-9999.0,-20.0,93.2,23.0
20241003-0100,Mountain View Moffett Field Naval Air Station,"Mountain View, California, US",32.0,11.0,-9999.0,-9999.0,-9999.0,12.959999999999999,330,0,-9999.0,-5.0,89.6,27.6
20241003-0200,Mountain View Moffett Field Naval Air Station,"Mountain View, California, US",31.0,9.0,-9999.0,-9999.0,-9999.0,0.0,0,0,-9999.0,-10.0,87.8,25.5
20241003-0300,Mountain View Moffett Field Naval Air Station,"Mountain View, California, US",29.0,8.0,-9999.0,-9999.0,-9999.0,0.0,0,0,-9999.0,-5.0,84.2,26.8
20241003-0400,Mountain View Moffett Field Naval Air Station,"Mountain View, California, US",28.0,7.0,-9999.0,-9999.0,-9999.0,0.0,0,0,-9999.0,-5.0,82.4,26.5
20241003-0500,Mountain View Moffett Field Naval Air Station,"Mountain View, California, US",25.0,9.0,-9999.0,-9999.0,-9999.0,0.0,0,0,-9999.0,20.0,77.0,36.2
20241003-0600,Mountain View Moffett Field Naval Air Station,"Mountain View, California, US",24.0,9.0,-9999.0,-9999.0,-9999.0,0.0,0,0,-9999.0,25.0,75.2,38.5
20241003-0700,Mountain View Moffett Field Naval Air Station,"Mountain View, California, US",23.0,9.0,-9999.0,-9999.0,-9999.0,0.0,0,0,-9999.0,30.0,73.4,40.9
20241003-0800,Mountain View Moffett Field Naval Air Station,"Mountain View, California, US",22.0,10.0,-9999.0,-9999.0,-9999.0,0.0,0,0,-9999.0,40.0,71.6,46.4
20241003-0900,Mountain View Moffett Field Naval Air Station,"Mountain View, California, US",21.0,10.0,-9999.0,-9999.0,-9999.0,0.0,0,0,-9999.0,45.0,69.8,49.4
20241003-1000,Mountain View Moffett Field Naval Air Station,"Mountain View, California, US",20.0,10.0,-9999.0,-9999.0,-9999.0,0.0,0,0,-9999.0,50.0,68.0,52.5
20241003-1100,Mountain View Moffett Field Naval Air Station,"Mountain View, California, US",20.0,10.0,-9999.0,-9999.0,-9999.0,0.0,0,0,-9999.0,50.0,68.0,52.5
20241003-1200,Mountain View Moffett Field Naval Air Station,"Mountain View, California, US",19.0,9.0,-9999.0,-9999.0,-9999.0,0.0,0,0,-9999.0,50.0,66.2,52.2
20241003-1300,Mountain View Moffett Field Naval Air Station,"Mountain View, California, US",19.0,9.0,-9999.0,-9999.0,-9999.0,0.0,0,0,-9999.0,50.0,66.2,52.2
20241003-1400,Mountain View Moffett Field Naval Air Station,"Mountain View, California, US",19.0,10.0,-9999.0,-9999.0,-9999.0,0.0,0,0,-9999.0,55.0,66.2,55.9
20241003-1500,Mountain View Moffett Field Naval Air Station,"Mountain View, California, US",20.0,10.0,-9999.0,-9999.0,-9999.0,0.0,0,0,-9999.0,50.0,68.0,52.5
20241003-1600,Mountain View Moffett Field Naval Air Station,"Mountain View, California, US",22.0,15.0,-9999.0,-9999.0,-9999.0,0.0,0,0,-9999.0,65.0,71.6,64.5
20241003-1700,Mountain View Moffett Field Naval Air Station,"Mountain View, California, US",24.0,17.0,-9999.0,-9999.0,-9999.0,9.360000000000001,10,0,-9999.0,65.0,75.2,64.9
20241003-1800,Mountain View Moffett Field Naval Air Station,"Mountain View, California, US",25.0,16.0,-9999.0,-9999.0,-9999.0,11.16,360,0,-9999.0,55.0,77.0,57.4
20241003-1900,Mountain View Moffett Field Naval Air Station,"Mountain View, California, US",27.0,14.0,-9999.0,-9999.0,-9999.0,9.360000000000001,340,0,-9999.0,35.0,80.6,44.8
20241003-2000,Mountain View Moffett Field Naval Air Station,"Mountain View, California, US",30.0,12.0,-9999.0,-9999.0,-9999.0,11.16,360,0,-9999.0,10.0,86.0,33.0
20241003-2100,Mountain View Moffett Field Naval Air Station,"Mountain View, California, US",32.0,10.0,-9999.0,-9999.0,-9999.0,12.959999999999999,350,0,-9999.0,-10.0,89.6,25.8
20241003-2200,Mountain View Moffett Field Naval Air Station,"Mountain View, California, US",32.0,5.0,-9999.0,-9999.0,-9999.0,12.959999999999999,340,0,-9999.0,-35.0,89.6,18.3
20241003-2300,Mountain View Moffett Field Naval Air Station,"Mountain View, California, US",33.0,10.0,-9999.0,-9999.0,-9999.0,12.959999999999999,350,0,-9999.0,-15.0,91.4,24.4
20241004-0000,Mountain View Moffett Field Naval Air Station,"Mountain View, California, US",32.0,10.0,-9999.0,-9999.0,-9999.0,11.16,330,-9999,-9999.0,-10.0,89.6,25.8
20241004-0100,Mountain View Moffett Field Naval Air Station,"Mountain View, California, US",29.0,9.0,-9999.0,-9999.0,-9999.0,11.16,320,0,-9999.0,0.0,84.2,28.6
20241004-0200,Mountain View Moffett Field Naval Air Station,"Mountain View, California, US",27.0,9.0,-9999.0,-9999.0,-9999.0,11.16,320,0,-9999.0,10.0,80.6,32.2
20241004-0300,Mountain View Moffett Field Naval Air Station,"Mountain View, California, US",25.0,11.0,-9999.0,-9999.0,-9999.0,7.5600000000000005,270,0,-9999.0,30.0,77.0,41.4
20241004-0400,Mountain View Moffett Field Naval Air Station,"Mountain View, California, US",24.0,10.0,-9999.0,-9999.0,-9999.0,0.0,0,0,-9999.0,30.0,75.2,41.1
20241004-0500,Mountain View Moffett Field Naval Air Station,"Mountain View, California, US",23.0,10.0,-9999.0,-9999.0,-9999.0,0.0,0,0,-9999.0,35.0,73.4,43.7
20241004-0600,Mountain View Moffett Field Naval Air Station,"Mountain View, California, US",21.0,11.0,-9999.0,-9999.0,-9999.0,0.0,0,0,-9999.0,50.0,69.8,52.8
20241004-0700,Mountain View Moffett Field Naval Air Station,"Mountain View, California, US",20.0,14.0,-9999.0,-9999.0,-9999.0,0.0,0,0,-9999.0,70.0,68.0,68.4
20241004-0800,Mountain View Moffett Field Naval Air Station,"Mountain View, California, US",20.0,13.0,-9999.0,-9999.0,-9999.0,0.0,0,25,-9999.0,65.0,68.0,64.0
20241004-0900,Mountain View Moffett Field Naval Air Station,"Mountain View, California, US",19.0,13.0,-9999.0,-9999.0,-9999.0,0.0,0,0,-9999.0,70.0,66.2,68.2
20241004-1000,Mountain View Moffett Field Naval Air Station,"Mountain View, California, US",18.0,12.0,-9999.0,-9999.0,-9999.0,0.0,0,0,-9999.0,70.0,64.4,68.0
20241004-1100,Mountain View Moffett Field Naval Air Station,"Mountain View, California, US",18.0,12.0,-9999.0,-9999.0,-9999.0,0.0,0,0,-9999.0,70.0,64.4,68.0
20241004-1200,Mountain View Moffett Field Naval Air Station,"Mountain View, California, US",18.0,11.0,-9999.0,-9999.0,-9999.0,0.0,0,0,-9999.0,65.0,64.4,63.6
20241004-1300,Mountain View Moffett Field Naval Air Station,"Mountain View, California, US",17.0,10.0,-9999.0,-9999.0,-9999.0,0.0,0,0,-9999.0,65.0,62.6,63.4
20241004-1400,Mountain View Moffett Field Naval Air Station,"Mountain View, California, US",17.0,10.0,-9999.0,-9999.0,-9999.0,0.0,0,0,-9999.0,65.0,62.6,63.4
20241004-1500,Mountain View Moffett Field Naval Air Station,"Mountain View, California, US",17.0,10.0,-9999.0,-9999.0,-9999.0,0.0,0,0,-9999.0,65.0,62.6,63.4
20241004-1600,Mountain View Moffett Field Naval Air Station,"Mountain View, California, US",20.0,14.0,-9999.0,-9999.0,-9999.0,0.0,0,0,-9999.0,70.0,68.0,68.4
20241004-1700,Mountain View Moffett Field Naval Air Station,"Mountain View, California, US",22.0,14.0,-9999.0,-9999.0,-9999.0,0.0,0,0,-9999.0,60.0,71.6,60.4
20241004-1800,Mountain View Moffett Field Naval Air Station,"Mountain View, California, US",23.0,15.0,-9999.0,-9999.0,-9999.0,7.5600000000000005,-9999,0,-9999.0,60.0,73.4,60.7
20241004-1900,Mountain View Moffett Field Naval Air Station,"Mountain View, California, US",27.0,14.0,-9999.0,-9999.0,-9999.0,0.0,0,0,-9999.0,35.0,80.6,44.8
20241004-2000,Mountain View Moffett Field Naval Air Station,"Mountain View, California, US",32.0,11.0,-9999.0,-9999.0,-9999.0,5.4,320,0,-9999.0,-5.0,89.6,27.6
20241004-2100,Mountain View Moffett Field Naval Air Station,"Mountain View, California, US",28.0,14.0,-9999.0,-9999.0,-9999.0,24.12,330,0,-9999.0,30.0,82.4,42.2
20241004-2200,Mountain View Moffett Field Naval Air Station,"Mountain View, California, US",26.0,14.0,-9999.0,-9999.0,-9999.0,14.76,340,0,-9999.0,40.0,78.8,47.5
20241004-2300,Mountain View Moffett Field Naval Air Station,"Mountain View, California, US",28.0,9.0,-9999.0,-9999.0,-9999.0,12.959999999999999,340,0,-9999.0,5.0,82.4,30.3
20241005-0000,Mountain View Moffett Field Naval Air Station,"Mountain View, California, US",27.0,11.0,-9999.0,-9999.0,-9999.0,18.36,340,0,-9999.0,20.0,80.6,36.8
20241005-0100,Mountain View Moffett Field Naval Air Station,"Mountain View, California, US",26.0,14.0,-9999.0,-9999.0,-9999.0,16.56,350,0,-9999.0,40.0,78.8,47.5
20241005-0200,Mountain View Moffett Field Naval Air Station,"Mountain View, California, US",23.0,13.0,-9999.0,-9999.0,-9999.0,5.4,330,0,-9999.0,50.0,73.4,53.3
20241005-0300,Mountain View Moffett Field Naval Air Station,"Mountain View, California, US",23.0,13.0,-9999.0,-9999.0,-9999.0,0.0,0,0,-9999.0,50.0,73.4,53.3
20241005-0400,Mountain View Moffett Field Naval Air Station,"Mountain View, California, US",22.0,10.0,-9999.0,-9999.0,-9999.0,0.0,0,0,-9999.0,40.0,71.6,46.4
20241005-0500,Mountain View Moffett Field Naval Air Station,"Mountain View, California, US",22.0,11.0,-9999.0,-9999.0,-9999.0,0.0,0,0,-9999.0,45.0,71.6,49.6
20241005-0600,Mountain View Moffett Field Naval Air Station,"Mountain View, California, US",20.0,11.0,-9999.0,-9999.0,-9999.0,0.0,0,0,-9999.0,55.0,68.0,56.1
20241005-0700,Mountain View Moffett Field Naval Air Station,"Mountain View, California, US",21.0,12.0,-9999.0,-9999.0,-9999.0,0.0,0,0,-9999.0,55.0,69.8,56.4
20241005-0800,Mountain View Moffett Field Naval Air Station,"Mountain View, California, US",20.0,12.0,-9999.0,-9999.0,-9999.0,0.0,0,0,-9999.0,60.0,68.0,60.0
20241005-0900,Mountain View Moffett Field Naval Air Station,"Mountain View, California, US",19.0,12.0,-9999.0,-9999.0,-9999.0,0.0,0,0,-9999.0,65.0,66.2,63.8
20241005-1000,Mountain View Moffett Field Naval Air Station,"Mountain View, California, US",19.0,11.0,-9999.0,-9999.0,-9999.0,0.0,0,0,-9999.0,60.0,66.2,59.7
20241005-1200,Mountain View Moffett Field Naval Air Station,"Mountain View, California, US",18.0,10.0,-9999.0,-9999.0,-9999.0,0.0,0,0,-9999.0,60.0,64.4,59.5
20241005-1300,Mountain View Moffett Field Naval Air Station,"Mountain View, California, US",18.0,10.0,-9999.0,-9999.0,-9999.0,0.0,0,0,-9999.0,60.0,64.4,59.5
20241005-1400,Mountain View Moffett Field Naval Air Station,"Mountain View, California, US",18.0,9.0,-9999.0,-9999.0,-9999.0,0.0,0,0,-9999.0,55.0,64.4,55.6
20241005-1500,Mountain View Moffett Field Naval Air Station,"Mountain View, California, US",18.0,10.0,-9999.0,-9999.0,-9999.0,0.0,0,0,-9999.0,60.0,64.4,59.5
20241005-1600,Mountain View Moffett Field Naval Air Station,"Mountain View, California, US",22.0,13.0,-9999.0,-9999.0,-9999.0,0.0,0,0,-9999.0,55.0,71.6,56.6
20241005-1700,Mountain View Moffett Field Naval Air Station,"Mountain View, California, US",24.0,13.0,-9999.0,-9999.0,-9999.0,0.0,0,0,-9999.0,45.0,75.2,50.2
20241005-1800,Mountain View Moffett Field Naval Air Station,"Mountain View, California, US",26.0,14.0,-9999.0,-9999.0,-9999.0,7.5600000000000005,350,0,-9999.0,40.0,78.8,47.5
20241005-1900,Mountain View Moffett Field Naval Air Station,"Mountain View, California, US",28.0,14.0,-9999.0,-9999.0,-9999.0,11.16,350,0,-9999.0,30.0,82.4,42.2
20241005-2000,Mountain View Moffett Field Naval Air Station,"Mountain View, California, US",28.0,15.0,-9999.0,-9999.0,-9999.0,11.16,10,0,-9999.0,35.0,82.4,45.1
20241005-2100,Mountain View Moffett Field Naval Air Station,"Mountain View, California, US",30.0,14.0,-9999.0,-9999.0,-9999.0,12.959999999999999,10,0,-9999.0,20.0,86.0,37.6
20241005-2200,Mountain View Moffett Field Naval Air Station,"Mountain View, California, US",33.0,12.0,-9999.0,-9999.0,-9999.0,18.36,350,0,-9999.0,-5.0,91.4,27.8
20241005-2300,Mountain View Moffett Field Naval Air Station,"Mountain View, California, US",34.0,11.0,-9999.0,-9999.0,-9999.0,12.959999999999999,350,0,-9999.0,-15.0,93.2,24.6
20241006-0000,Mountain View Moffett Field Naval Air Station,"Mountain View, California, US",34.0,11.0,-9999.0,-9999.0,-9999.0,12.959999999999999,350,0,-9999.0,-15.0,93.2,24.6
20241006-0100,Mountain View Moffett Field Naval Air Station,"Mountain View, California, US",32.0,13.0,-9999.0,-9999.0,-9999.0,11.16,360,0,-9999.0,5.0,89.6,31.4
20241006-0200,Mountain View Moffett Field Naval Air Station,"Mountain View, California, US",27.0,16.0,-9999.0,-9999.0,-9999.0,0.0,0,0,-9999.0,45.0,80.6,51.0
20241006-0300,Mountain View Moffett Field Naval Air Station,"Mountain View, California, US",26.0,15.0,-9999.0,-9999.0,-9999.0,0.0,0,0,-9999.0,45.0,78.8,50.7
20241006-0400,Mountain View Moffett Field Naval Air Station,"Mountain View, California, US",25.0,14.0,-9999.0,-9999.0,-9999.0,0.0,0,0,-9999.0,45.0,77.0,50.4
20241006-0500,Mountain View Moffett Field Naval Air Station,"Mountain View, California, US",25.0,14.0,-9999.0,-9999.0,-9999.0,0.0,0,0,-9999.0,45.0,77.0,50.4
20241006-0600,Mountain View Moffett Field Naval Air Station,"Mountain View, California, US",24.0,14.0,-9999.0,-9999.0,-9999.0,0.0,0,0,-9999.0,50.0,75.2,53.5
20241006-0700,Mountain View Moffett Field Naval Air Station,"Mountain View, California, US",22.0,13.0,-9999.0,-9999.0,-9999.0,0.0,0,0,-9999.0,55.0,71.6,56.6
20241006-0800,Mountain View Moffett Field Naval Air Station,"Mountain View, California, US",22.0,13.0,-9999.0,-9999.0,-9999.0,0.0,0,0,-9999.0,55.0,71.6,56.6
20241006-0900,Mountain View Moffett Field Naval Air Station,"Mountain View, California, US",21.0,11.0,-9999.0,-9999.0,-9999.0,0.0,0,0,-9999.0,50.0,69.8,52.8
20241006-1000,Mountain View Moffett Field Naval Air Station,"Mountain View, California, US",20.0,11.0,-9999.0,-9999.0,-9999.0,0.0,0,0,-9999.0,55.0,68.0,56.1
20241006-1100,Mountain View Moffett Field Naval Air Station,"Mountain View, California, US",20.0,10.0,-9999.0,-9999.0,-9999.0,0.0,0,0,-9999.0,50.0,68.0,52.5
20241006-1200,Mountain View Moffett Field Naval Air Station,"Mountain View, California, US",19.0,10.0,-9999.0,-9999.0,-9999.0,0.0,0,0,-9999.0,55.0,66.2,55.9
20241006-1300,Mountain View Moffett Field Naval Air Station,"Mountain View, California, US",20.0,10.0,-9999.0,-9999.0,-9999.0,0.0,0,0,-9999.0,50.0,68.0,52.5
20241006-1400,Mountain View Moffett Field Naval Air Station,"Mountain View, California, US",20.0,10.0,-9999.0,-9999.0,-9999.0,5.4,190,0,-9999.0,50.0,68.0,52.5
20241006-1500,Mountain View Moffett Field Naval Air Station,"Mountain View, California, US",20.0,10.0,-9999.0,-9999.0,-9999.0,0.0,0,0,-9999.0,50.0,68.0,52.5
20241006-1600,Mountain View Moffett Field Naval Air Station,"Mountain View, California, US",23.0,12.0,-9999.0,-9999.0,-9999.0,0.0,0,0,-9999.0,45.0,73.4,49.9
20241006-1700,Mountain View Moffett Field Naval Air Station,"Mountain View, California, US",25.0,14.0,-9999.0,-9999.0,-9999.0,0.0,0,0,-9999.0,45.0,77.0,50.4
20241006-1800,Mountain View Moffett Field Naval Air Station,"Mountain View, California, US",29.0,11.0,-9999.0,-9999.0,-9999.0,0.0,0,0,-9999.0,10.0,84.2,32.7
20241006-1900,Mountain View Moffett Field Naval Air Station,"Mountain View, California, US",31.0,16.0,-9999.0,-9999.0,-9999.0,9.360000000000001,340,0,-9999.0,25.0,87.8,40.4
20241006-2000,Mountain View Moffett Field Naval Air Station,"Mountain View, California, US",35.0,6.0,-9999.0,-9999.0,-9999.0,12.959999999999999,310,0,-9999.0,-45.0,95.0,16.6
20241006-2100,Mountain View Moffett Field Naval Air Station,"Mountain View, California, US",37.0,6.0,-9999.0,-9999.0,-9999.0,7.5600000000000005,280,0,-9999.0,-55.0,98.6,14.9
20241006-2200,Mountain View Moffett Field Naval Air Station,"Mountain View, California, US",37.0,9.0,-9999.0,-9999.0,-9999.0,12.959999999999999,340,0,-9999.0,-40.0,98.6,18.3
20241006-2300,Mountain View Moffett Field Naval Air Station,"Mountain View, California, US",36.0,9.0,-9999.0,-9999.0,-9999.0,11.16,330,0,-9999.0,-35.0,96.8,19.3
20241007-0000,Mountain View Moffett Field Naval Air Station,"Mountain View, California, US",36.0,10.0,-9999.0,-9999.0,-9999.0,11.16,340,0,-9999.0,-30.0,96.8,20.6
20241007-0100,Mountain View Moffett Field Naval Air Station,"Mountain View, California, US",35.0,10.0,-9999.0,-9999.0,-9999.0,11.16,-9999,0,-9999.0,-25.0,95.0,21.8
20241007-0300,Mountain View Moffett Field Naval Air Station,"Mountain View, California, US",28.0,15.0,-9999.0,-9999.0,-9999.0,0.0,0,0,-9999.0,35.0,82.4,45.1
20241007-0400,Mountain View Moffett Field Naval Air Station,"Mountain View, California, US",27.0,15.0,-9999.0,-9999.0,-9999.0,0.0,0,0,-9999.0,40.0,80.6,47.8
20241007-0500,Mountain View Moffett Field Naval Air Station,"Mountain View, California, US",27.0,12.0,-9999.0,-9999.0,-9999.0,0.0,0,0,-9999.0,25.0,80.6,39.3
20241007-0600,Mountain View Moffett Field Naval Air Station,"Mountain View, California, US",25.0,13.0,-9999.0,-9999.0,-9999.0,0.0,0,0,-9999.0,40.0,77.0,47.3
20241007-0700,Mountain View Moffett Field Naval Air Station,"Mountain View, California, US",25.0,14.0,-9999.0,-9999.0,-9999.0,5.4,120,0,-9999.0,45.0,77.0,50.4
20241007-0800,Mountain View Moffett Field Naval Air Station,"Mountain View, California, US",24.0,13.0,-9999.0,-9999.0,-9999.0,0.0,0,0,-9999.0,45.0,75.2,50.2
20241007-0900,Mountain View Moffett Field Naval Air Station,"Mountain View, California, US",22.0,12.0,-9999.0,-9999.0,-9999.0,0.0,0,0,-9999.0,50.0,71.6,53.0
20241007-1000,Mountain View Moffett Field Naval Air Station,"Mountain View, California, US",22.0,11.0,-9999.0,-9999.0,-9999.0,0.0,0,0,-9999.0,45.0,71.6,49.6
20241007-1100,Mountain View Moffett Field Naval Air Station,"Mountain View, California, US",21.0,10.0,-9999.0,-9999.0,-9999.0,0.0,0,0,-9999.0,45.0,69.8,49.4
20241007-1200,Mountain View Moffett Field Naval Air Station,"Mountain View, California, US",20.0,10.0,-9999.0,-9999.0,-9999.0,0.0,0,0,-9999.0,50.0,68.0,52.5
20241007-1300,Mountain View Moffett Field Naval Air Station,"Mountain View, California, US",21.0,10.0,-9999.0,-9999.0,-9999.0,0.0,0,0,-9999.0,45.0,69.8,49.4
20241007-1400,Mountain View Moffett Field Naval Air Station,"Mountain View, California, US",20.0,9.0,-9999.0,-9999.0,-9999.0,0.0,0,0,-9999.0,45.0,68.0,49.1
20241007-1500,Mountain View Moffett Field Naval Air Station,"Mountain View, California, US",21.0,10.0,-9999.0,-9999.0,-9999.0,0.0,0,0,-9999.0,45.0,69.8,49.4
20241007-1600,Mountain View Moffett Field Naval Air Station,"Mountain View, California, US",25.0,10.0,-9999.0,-9999.0,-9999.0,0.0,0,0,-9999.0,25.0,77.0,38.7
20241007-1700,Mountain View Moffett Field Naval Air Station,"Mountain View, California, US",26.0,11.0,-9999.0,-9999.0,-9999.0,0.0,0,0,-9999.0,25.0,78.8,39.0
20241007-1800,Mountain View Moffett Field Naval Air Station,"Mountain View, California, US",27.0,16.0,-9999.0,-9999.0,-9999.0,5.4,360,0,-9999.0,45.0,80.6,51.0
20241007-1900,Mountain View Moffett Field Naval Air Station,"Mountain View, California, US",31.0,14.0,-9999.0,-9999.0,-9999.0,9.360000000000001,350,0,-9999.0,15.0,87.8,35.5
20241007-2000,Mountain View Moffett Field Naval Air Station,"Mountain View, California, US",33.0,13.0,-9999.0,-9999.0,-9999.0,11.16,340,0,-9999.0,0.0,91.4,29.7
20241007-2100,Mountain View Moffett Field Naval Air Station,"Mountain View, California, US",36.0,5.0,-9999.0,-9999.0,-9999.0,11.16,330,0,-9999.0,-55.0,96.8,14.7
20241007-2200,Mountain View Moffett Field Naval Air Station,"Mountain View, California, US",36.0,10.0,-9999.0,-9999.0,-9999.0,14.76,350,0,-9999.0,-30.0,96.8,20.6
20241007-2300,Mountain View Moffett Field Naval Air Station,"Mountain View, California, US",34.0,11.0,-9999.0,-9999.0,-9999.0,16.56,330,0,-9999.0,-15.0,93.2,24.6
20241008-0000,Mountain View Moffett Field Naval Air Station,"Mountain View, California, US",30.0,13.0,-9999.0,-9999.0,-9999.0,18.36,340,0,-9999.0,15.0,86.0,35.3
20241008-0100,Mountain View Moffett Field Naval Air Station,"Mountain View, California, US",27.0,16.0,-9999.0,-9999.0,-9999.0,16.56,340,0,-9999.0,45.0,80.6,51.0
20241008-0200,Mountain View Moffett Field Naval Air Station,"Mountain View, California, US",26.0,15.0,-9999.0,-9999.0,-9999.0,11.16,350,0,-9999.0,45.0,78.8,50.7
20241008-0300,Mountain View Moffett Field Naval Air Station,"Mountain View, California, US",26.0,12.0,-9999.0,-9999.0,-9999.0,9.360000000000001,320,0,-9999.0,30.0,78.8,41.7
20241008-0400,Mountain View Moffett Field Naval Air Station,"Mountain View, California, US",22.0,15.0,-9999.0,-9999.0,-9999.0,0.0,0,0,-9999.0,65.0,71.6,64.5
20241008-0500,Mountain View Moffett Field Naval Air Station,"Mountain View, California, US",22.0,15.0,-9999.0,-9999.0,-9999.0,7.5600000000000005,340,0,-9999.0,65.0,71.6,64.5
20241008-0600,Mountain View Moffett Field Naval Air Station,"Mountain View, California, US",21.0,16.0,-9999.0,-9999.0,-9999.0,0.0,0,0,-9999.0,75.0,69.8,73.1
20241008-0700,Mountain View Moffett Field Naval Air Station,"Mountain View, California, US",21.0,13.0,-9999.0,-9999.0,-9999.0,9.360000000000001,340,0,-9999.0,60.0,69.8,60.2
20241008-0800,Mountain View Moffett Field Naval Air Station,"Mountain View, California, US",20.0,15.0,-9999.0,-9999.0,-9999.0,0.0,0,0,-9999.0,75.0,68.0,72.9
20241008-0900,Mountain View Moffett Field Naval Air Station,"Mountain View, California, US",20.0,14.0,-9999.0,-9999.0,-9999.0,0.0,0,0,-9999.0,70.0,68.0,68.4
20241008-1000,Mountain View Moffett Field Naval Air Station,"Mountain View, California, US",19.0,14.0,-9999.0,-9999.0,-9999.0,0.0,0,0,-9999.0,75.0,66.2,72.7
20241008-1100,Mountain View Moffett Field Naval Air Station,"Mountain View, California, US",19.0,14.0,-9999.0,-9999.0,-9999.0,0.0,0,0,-9999.0,75.0,66.2,72.7
20241008-1200,Mountain View Moffett Field Naval Air Station,"Mountain View, California, US",19.0,14.0,-9999.0,-9999.0,-9999.0,0.0,0,0,-9999.0,75.0,66.2,72.7
20241008-1300,Mountain View Moffett Field Naval Air Station,"Mountain View, California, US",19.0,13.0,-9999.0,-9999.0,-9999.0,0.0,0,0,-9999.0,70.0,66.2,68.2
20241008-1400,Mountain View Moffett Field Naval Air Station,"Mountain View, California, US",17.0,13.0,-9999.0,-9999.0,-9999.0,0.0,0,-9999,-9999.0,80.0,62.6,77.3
20241008-1500,Mountain View Moffett Field Naval Air Station,"Mountain View, California, US",18.0,13.0,-9999.0,-9999.0,-9999.0,0.0,0,0,-9999.0,75.0,64.4,72.6
20241008-1600,Mountain View Moffett Field Naval Air Station,"Mountain View, California, US",20.0,15.0,-9999.0,-9999.0,-9999.0,0.0,0,0,-9999.0,75.0,68.0,72.9
20241008-1700,Mountain View Moffett Field Naval Air Station,"Mountain View, California, US",21.0,15.0,-9999.0,-9999.0,-9999.0,11.16,340,0,-9999.0,70.0,69.8,68.6
20241008-1800,Mountain View Moffett Field Naval Air Station,"Mountain View, California, US",22.0,15.0,-9999.0,-9999.0,-9999.0,7.5600000000000005,350,0,-9999.0,65.0,71.6,64.5
20241008-1900,Mountain View Moffett Field Naval Air Station,"Mountain View, California, US",24.0,15.0,-9999.0,-9999.0,-9999.0,0.0,0,0,-9999.0,55.0,75.2,57.1
20241008-2000,Mountain View Moffett Field Naval Air Station,"Mountain View, California, US",24.0,15.0,-9999.0,-9999.0,-9999.0,16.56,350,0,-9999.0,55.0,75.2,57.1
20241008-2100,Mountain View Moffett Field Naval Air Station,"Mountain View, California, US",25.0,15.0,-9999.0,-9999.0,-9999.0,16.56,350,0,-9999.0,50.0,77.0,53.8
20241008-2200,Mountain View Moffett Field Naval Air Station,"Mountain View, California, US",25.0,13.0,-9999.0,-9999.0,-9999.0,24.12,350,0,-9999.0,40.0,77.0,47.3
20241008-2300,Mountain View Moffett Field Naval Air Station,"Mountain View, California, US",25.0,15.0,-9999.0,-9999.0,-9999.0,20.520000000000003,340,0,-9999.0,50.0,77.0,53.8
20241009-0000,Mountain View Moffett Field Naval Air Station,"Mountain View, California, US",23.0,15.0,-9999.0,-9999.0,-9999.0,24.12,350,0,-9999.0,60.0,73.4,60.7
20241009-0100,Mountain View Moffett Field Naval Air Station,"Mountain View, California, US",21.0,15.0,-9999.0,-9999.0,-9999.0,20.520000000000003,340,0,-9999.0,70.0,69.8,68.6
20241009-0200,Mountain View Moffett Field Naval Air Station,"Mountain View, California, US",21.0,15.0,-9999.0,-9999.0,-9999.0,20.520000000000003,350,0,-9999.0,70.0,69.8,68.6
20241009-0300,Mountain View Moffett Field Naval Air Station,"Mountain View, California, US",20.0,15.0,-9999.0,-9999.0,-9999.0,14.76,360,0,-9999.0,75.0,68.0,72.9
20241009-0400,Mountain View Moffett Field Naval Air Station,"Mountain View, California, US",18.0,15.0,-9999.0,-9999.0,-9999.0,12.959999999999999,20,0,-9999.0,85.0,64.4,82.6
20241009-0500,Mountain View Moffett Field Naval Air Station,"Mountain View, California, US",17.0,14.0,-9999.0,-9999.0,-9999.0,9.360000000000001,10,0,-9999.0,85.0,62.6,82.5
20241009-0600,Mountain View Moffett Field Naval Air Station,"Mountain View, California, US",17.0,14.0,-9999.0,-9999.0,-9999.0,12.959999999999999,10,0,-9999.0,85.0,62.6,82.5
20241009-0700,Mountain View Moffett Field Naval Air Station,"Mountain View, California, US",16.0,14.0,-9999.0,-9999.0,-9999.0,12.959999999999999,10,0,-9999.0,90.0,60.8,87.9
20241009-0800,Mountain View Moffett Field Naval Air Station,"Mountain View, California, US",16.0,14.0,-9999.0,-9999.0,-9999.0,7.5600000000000005,330,-9999,-9999.0,90.0,60.8,87.9
20241009-0900,Mountain View Moffett Field Naval Air Station,"Mountain View, California, US",16.0,14.0,-9999.0,-9999.0,-9999.0,9.360000000000001,10,-9999,-9999.0,90.0,60.8,87.9
20241009-1000,Mountain View Moffett Field Naval Air Station,"Mountain View, California, US",16.0,14.0,-9999.0,-9999.0,-9999.0,9.360000000000001,10,-9999,-9999.0,90.0,60.8,87.9
20241009-1100,Mountain View Moffett Field Naval Air Station,"Mountain View, California, US",16.0,14.0,-9999.0,-9999.0,-9999.0,5.4,60,-9999,-9999.0,90.0,60.8,87.9
20241009-1200,Mountain View Moffett Field Naval Air Station,"Mountain View, California, US",16.0,14.0,-9999.0,-9999.0,-9999.0,5.4,130,-9999,-9999.0,90.0,60.8,87.9
20241009-1300,Mountain View Moffett Field Naval Air Station,"Mountain View, California, US",15.0,13.0,-9999.0,-9999.0,-9999.0,7.5600000000000005,120,-9999,-9999.0,90.0,59.0,87.8
20241009-1400,Mountain View Moffett Field Naval Air Station,"Mountain View, California, US",15.0,13.0,-9999.0,-9999.0,-9999.0,0.0,0,-9999,-9999.0,90.0,59.0,87.8
20241009-1500,Mountain View Moffett Field Naval Air Station,"Mountain View, California, US",15.0,14.0,-9999.0,-9999.0,-9999.0,0.0,0,-9999,-9999.0,95.0,59.0,93.7
20241009-1600,Mountain View Moffett Field Naval Air Station,"Mountain View, California, US",17.0,14.0,-9999.0,-9999.0,-9999.0,0.0,0,-9999,-9999.0,85.0,62.6,82.5
20241009-1700,Mountain View Moffett Field Naval Air Station,"Mountain View, California, US",18.0,14.0,-9999.0,-9999.0,-9999.0,0.0,0,-9999,-9999.0,80.0,64.4,77.4
20241009-1800,Mountain View Moffett Field Naval Air Station,"Mountain View, California, US",19.0,14.0,-9999.0,-9999.0,-9999.0,9.360000000000001,10,0,-9999.0,75.0,66.2,72.7
20241009-1900,Mountain View Moffett Field Naval Air Station,"Mountain View, California, US",20.0,13.0,-9999.0,-9999.0,-9999.0,7.5600000000000005,360,0,-9999.0,65.0,68.0,64.0
20241009-2000,Mountain View Moffett Field Naval Air Station,"Mountain View, California, US",20.0,14.0,-9999.0,-9999.0,-9999.0,11.16,330,0,-9999.0,70.0,68.0,68.4
20241009-2100,Mountain View Moffett Field Naval Air Station,"Mountain View, California, US",20.0,14.0,-9999.0,-9999.0,-9999.0,18.36,350,0,-9999.0,70.0,68.0,68.4
20241009-2200,Mountain View Moffett Field Naval Air Station,"Mountain View, California, US",20.0,15.0,-9999.0,-9999.0,-9999.0,16.56,360,0,-9999.0,75.0,68.0,72.9
20241009-2300,Mountain View Moffett Field Naval Air Station,"Mountain View, California, US",20.0,15.0,-9999.0,-9999.0,-9999.0,16.56,350,0,-9999.0,75.0,68.0,72.9
20241010-0000,Mountain View Moffett Field Naval Air Station,"Mountain View, California, US",20.0,15.0,-9999.0,-9999.0,-9999.0,16.56,340,0,-9999.0,75.0,68.0,72.9
20241010-0100,Mountain View Moffett Field Naval Air Station,"Mountain View, California, US",19.0,14.0,-9999.0,-9999.0,-9999.0,11.16,350,0,-9999.0,75.0,66.2,72.7
20241010-0200,Mountain View Moffett Field Naval Air Station,"Mountain View, California, US",18.0,15.0,-9999.0,-9999.0,-9999.0,7.5600000000000005,320,0,-9999.0,85.0,64.4,82.6
20241010-0300,Mountain View Moffett Field Naval Air Station,"Mountain View, California, US",18.0,14.0,-9999.0,-9999.0,-9999.0,0.0,0,0,-9999.0,80.0,64.4,77.4
20241010-0400,Mountain View Moffett Field Naval Air Station,"Mountain View, California, US",18.0,14.0,-9999.0,-9999.0,-9999.0,0.0,0,0,-9999.0,80.0,64.4,77.4
20241010-0500,Mountain View Moffett Field Naval Air Station,"Mountain View, California, US",18.0,14.0,-9999.0,-9999.0,-9999.0,0.0,0,0,-9999.0,80.0,64.4,77.4
20241010-0600,Mountain View Moffett Field Naval Air Station,"Mountain View, California, US",18.0,14.0,-9999.0,-9999.0,-9999.0,0.0,0,0,-9999.0,80.0,64.4,77.4
20241010-0700,Mountain View Moffett Field Naval Air Station,"Mountain View, California, US",17.0,14.0,-9999.0,-9999.0,-9999.0,0.0,0,0,-9999.0,85.0,62.6,82.5
20241010-0800,Mountain View Moffett Field Naval Air Station,"Mountain View, California, US",17.0,14.0,-9999.0,-9999.0,-9999.0,0.0,0,0,-9999.0,85.0,62.6,82.5
20241010-0900,Mountain View Moffett Field Naval Air Station,"Mountain View, California, US",16.0,14.0,-9999.0,-9999.0,-9999.0,0.0,0,0,-9999.0,90.0,60.8,87.9
20241010-1000,Mountain View Moffett Field Naval Air Station,"Mountain View, California, US",16.0,13.0,-9999.0,-9999.0,-9999.0,0.0,0,0,-9999.0,85.0,60.8,82.4
20241010-1100,Mountain View Moffett Field Naval Air Station,"Mountain View, California, US",15.0,13.0,-9999.0,-9999.0,-9999.0,0.0,0,0,-9999.0,90.0,59.0,87.8
20241010-1200,Mountain View Moffett Field Naval Air Station,"Mountain View, California, US",15.0,13.0,-9999.0,-9999.0,-9999.0,0.0,0,0,-9999.0,90.0,59.0,87.8
20241010-1300,Mountain View Moffett Field Naval Air Station,"Mountain View, California, US",15.0,13.0,-9999.0,-9999.0,-9999.0,0.0,0,0,-9999.0,90.0,59.0,87.8
20241010-1400,Mountain View Moffett Field Naval Air Station,"Mountain View, California, US",15.0,13.0,-9999.0,-9999.0,-9999.0,0.0,0,0,-9999.0,90.0,59.0,87.8
20241010-1500,Mountain View Moffett Field Naval Air Station,"Mountain View, California, US",15.0,12.0,-9999.0,-9999.0,-9999.0,0.0,0,0,-9999.0,85.0,59.0,82.2
20241010-1600,Mountain View Moffett Field Naval Air Station,"Mountain View, California, US",18.0,14.0,-9999.0,-9999.0,-9999.0,0.0,0,0,-9999.0,80.0,64.4,77.4
20241010-1700,Mountain View Moffett Field Naval Air Station,"Mountain View, California, US",18.0,15.0,-9999.0,-9999.0,-9999.0,0.0,0,0,-9999.0,85.0,64.4,82.6
20241010-1800,Mountain View Moffett Field Naval Air Station,"Mountain View, California, US",19.0,15.0,-9999.0,-9999.0,-9999.0,0.0,0,0,-9999.0,80.0,66.2,77.6
20241010-1900,Mountain View Moffett Field Naval Air Station,"Mountain View, California, US",20.0,14.0,-9999.0,-9999.0,-9999.0,16.56,340,0,-9999.0,70.0,68.0,68.4
20241010-2000,Mountain View Moffett Field Naval Air Station,"Mountain View, California, US",21.0,14.0,-9999.0,-9999.0,-9999.0,9.360000000000001,340,0,-9999.0,65.0,69.8,64.3
20241010-2100,Mountain View Moffett Field Naval Air Station,"Mountain View, California, US",21.0,15.0,-9999.0,-9999.0,-9999.0,12.959999999999999,330,0,-9999.0,70.0,69.8,68.6
20241010-2200,Mountain View Moffett Field Naval Air Station,"Mountain View, California, US",21.0,14.0,-9999.0,-9999.0,-9999.0,11.16,330,0,-9999.0,65.0,69.8,64.3
20241010-2300,Mountain View Moffett Field Naval Air Station,"Mountain View, California, US",21.0,14.0,-9999.0,-9999.0,-9999.0,16.56,340,0,-9999.0,65.0,69.8,64.3
20241011-0000,Mountain View Moffett Field Naval Air Station,"Mountain View, California, US",20.0,13.0,-9999.0,-9999.0,-9999.0,18.36,330,0,-9999.0,65.0,68.0,64.0
20241011-0100,Mountain View Moffett Field Naval Air Station,"Mountain View, California, US",20.0,13.0,-9999.0,-9999.0,-9999.0,16.56,360,0,-9999.0,65.0,68.0,64.0
20241011-0200,Mountain View Moffett Field Naval Air Station,"Mountain View, California, US",19.0,12.0,-9999.0,-9999.0,-9999.0,12.959999999999999,340,0,-9999.0,65.0,66.2,63.8
20241011-0300,Mountain View Moffett Field Naval Air Station,"Mountain View, California, US",18.0,13.0,-9999.0,-9999.0,-9999.0,16.56,340,0,-9999.0,75.0,64.4,72.6
20241011-0400,Mountain View Moffett Field Naval Air Station,"Mountain View, California, US",16.0,13.0,-9999.0,-9999.0,-9999.0,11.16,360,0,-9999.0,85.0,60.8,82.4
20241011-0500,Mountain View Moffett Field Naval Air Station,"Mountain View, California, US",16.0,13.0,-9999.0,-9999.0,-9999.0,0.0,0,0,-9999.0,85.0,60.8,82.4
20241011-0600,Mountain View Moffett Field Naval Air Station,"Mountain View, California, US",16.0,13.0,-9999.0,-9999.0,-9999.0,0.0,0,0,-9999.0,85.0,60.8,82.4
20241011-0700,Mountain View Moffett Field Naval Air Station,"Mountain View, California, US",15.0,13.0,-9999.0,-9999.0,-9999.0,0.0,0,0,-9999.0,90.0,59.0,87.8
20241011-0800,Mountain View Moffett Field Naval Air Station,"Mountain View, California, US",15.0,13.0,-9999.0,-9999.0,-9999.0,0.0,0,50,-9999.0,90.0,59.0,87.8
20241011-0900,Mountain View Moffett Field Naval Air Station,"Mountain View, California, US",14.0,12.0,-9999.0,-9999.0,-9999.0,0.0,0,-9999,-9999.0,90.0,57.2,87.7
20241011-1000,Mountain View Moffett Field Naval Air Station,"Mountain View, California, US",15.0,13.0,-9999.0,-9999.0,-9999.0,0.0,0,-9999,-9999.0,90.0,59.0,87.8
20241011-1100,Mountain View Moffett Field Naval Air Station,"Mountain View, California, US",15.0,13.0,-9999.0,-9999.0,-9999.0,0.0,0,-9999,-9999.0,90.0,59.0,87.8
20241011-1200,Mountain View Moffett Field Naval Air Station,"Mountain View, California, US",14.0,13.0,-9999.0,-9999.0,-9999.0,0.0,0,-9999,-9999.0,95.0,57.2,93.7
20241011-1300,Mountain View Moffett Field Naval Air Station,"Mountain View, California, US",15.0,13.0,-9999.0,-9999.0,-9999.0,0.0,0,-9999,-9999.0,90.0,59.0,87.8
20241011-1400,Mountain View Moffett Field Naval Air Station,"Mountain View, California, US",15.0,13.0,-9999.0,-9999.0,-9999.0,0.0,0,-9999,-9999.0,90.0,59.0,87.8
20241011-1500,Mountain View Moffett Field Naval Air Station,"Mountain View, California, US",15.0,13.0,-9999.0,-9999.0,-9999.0,0.0,0,-9999,-9999.0,90.0,59.0,87.8
20241011-1600,Mountain View Moffett Field Naval Air Station,"Mountain View, California, US",15.0,13.0,-9999.0,-9999.0,-9999.0,7.5600000000000005,-9999,-9999,-9999.0,90.0,59.0,87.8
20241011-1700,Mountain View Moffett Field Naval Air Station,"Mountain View, California, US",16.0,13.0,-9999.0,-9999.0,-9999.0,0.0,0,-9999,-9999.0,85.0,60.8,82.4
20241011-1800,Mountain View Moffett Field Naval Air Station,"Mountain View, California, US",17.0,12.0,-9999.0,-9999.0,-9999.0,9.360000000000001,30,0,-9999.0,75.0,62.6,72.4
20241011-1900,Mountain View Moffett Field Naval Air Station,"Mountain View, California, US",18.0,13.0,-9999.0,-9999.0,-9999.0,12.959999999999999,350,0,-9999.0,75.0,64.4,72.6
20241011-2000,Mountain View Moffett Field Naval Air Station,"Mountain View, California, US",19.0,13.0,-9999.0,-9999.0,-9999.0,11.16,340,0,-9999.0,70.0,66.2,68.2
20241011-2100,Mountain View Moffett Field Naval Air Station,"Mountain View, California, US",21.0,13.0,-9999.0,-9999.0,-9999.0,12.959999999999999,350,0,-9999.0,60.0,69.8,60.2
20241011-2200,Mountain View Moffett Field Naval Air Station,"Mountain View, California, US",22.0,11.0,-9999.0,-9999.0,-9999.0,16.56,350,0,-9999.0,45.0,71.6,49.6
20241011-2300,Mountain View Moffett Field Naval Air Station,"Mountain View, California, US",21.0,11.0,-9999.0,-9999.0,-9999.0,18.36,340,0,-9999.0,50.0,69.8,52.8
20241012-0000,Mountain View Moffett Field Naval Air Station,"Mountain View, California, US",21.0,9.0,-9999.0,-9999.0,-9999.0,22.32,340,0,-9999.0,40.0,69.8,46.2
20241012-0100,Mountain View Moffett Field Naval Air Station,"Mountain View, California, US",20.0,10.0,-9999.0,-9999.0,-9999.0,24.12,340,0,-9999.0,50.0,68.0,52.5
20241012-0200,Mountain View Moffett Field Naval Air Station,"Mountain View, California, US",19.0,6.0,-9999.0,-9999.0,-9999.0,18.36,330,0,-9999.0,35.0,66.2,42.6
20241012-0300,Mountain View Moffett Field Naval Air Station,"Mountain View, California, US",18.0,9.0,-9999.0,-9999.0,-9999.0,14.76,360,-9999,-9999.0,55.0,64.4,55.6
20241012-0400,Mountain View Moffett Field Naval Air Station,"Mountain View, California, US",17.0,10.0,-9999.0,-9999.0,-9999.0,9.360000000000001,20,0,-9999.0,65.0,62.6,63.4
20241012-0500,Mountain View Moffett Field Naval Air Station,"Mountain View, California, US",16.0,10.0,-9999.0,-9999.0,-9999.0,0.0,0,0,-9999.0,70.0,60.8,67.5
20241012-0600,Mountain View Moffett Field Naval Air Station,"Mountain View, California, US",16.0,10.0,-9999.0,-9999.0,-9999.0,0.0,0,0,-9999.0,70.0,60.8,67.5
20241012-0700,Mountain View Moffett Field Naval Air Station,"Mountain View, California, US",15.0,9.0,-9999.0,-9999.0,-9999.0,0.0,0,0,-9999.0,70.0,59.0,67.3
20241012-0800,Mountain View Moffett Field Naval Air Station,"Mountain View, California, US",14.0,8.0,-9999.0,-9999.0,-9999.0,7.5600000000000005,320,0,-9999.0,70.0,57.2,67.1
20241012-0900,Mountain View Moffett Field Naval Air Station,"Mountain View, California, US",14.0,9.0,-9999.0,-9999.0,-9999.0,0.0,0,0,-9999.0,75.0,57.2,71.8
20241012-1000,Mountain View Moffett Field Naval Air Station,"Mountain View, California, US",13.0,9.0,-9999.0,-9999.0,-9999.0,0.0,0,0,-9999.0,80.0,55.4,76.7
20241012-1100,Mountain View Moffett Field Naval Air Station,"Mountain View, California, US",13.0,9.0,-9999.0,-9999.0,-9999.0,0.0,0,0,-9999.0,80.0,55.4,76.7
20241012-1200,Mountain View Moffett Field Naval Air Station,"Mountain View, California, US",12.0,9.0,-9999.0,-9999.0,-9999.0,0.0,0,0,-9999.0,85.0,53.6,81.9
20241012-1300,Mountain View Moffett Field Naval Air Station,"Mountain View, California, US",12.0,9.0,-9999.0,-9999.0,-9999.0,0.0,0,0,-9999.0,85.0,53.6,81.9
20241012-1400,Mountain View Moffett Field Naval Air Station,"Mountain View, California, US",12.0,9.0,-9999.0,-9999.0,-9999.0,0.0,0,25,-9999.0,85.0,53.6,81.9
20241012-1500,Mountain View Moffett Field Naval Air Station,"Mountain View, California, US",13.0,9.0,-9999.0,-9999.0,-9999.0,7.5600000000000005,140,0,-9999.0,80.0,55.4,76.7
20241012-1600,Mountain View Moffett Field Naval Air Station,"Mountain View, California, US",15.0,9.0,-9999.0,-9999.0,-9999.0,0.0,0,0,-9999.0,70.0,59.0,67.3
20241012-1700,Mountain View Moffett Field Naval Air Station,"Mountain View, California, US",17.0,10.0,-9999.0,-9999.0,-9999.0,0.0,0,0,-9999.0,65.0,62.6,63.4
20241012-1800,Mountain View Moffett Field Naval Air Station,"Mountain View, California, US",20.0,11.0,-9999.0,-9999.0,-9999.0,5.4,60,0,-9999.0,55.0,68.0,56.1
20241012-1900,Mountain View Moffett Field Naval Air Station,"Mountain View, California, US",22.0,12.0,-9999.0,-9999.0,-9999.0,11.16,360,50,-9999.0,50.0,71.6,53.0
20241012-2000,Mountain View Moffett Field Naval Air Station,"Mountain View, California, US",22.0,13.0,-9999.0,-9999.0,-9999.0,12.959999999999999,350,-9999,-9999.0,55.0,71.6,56.6
20241012-2100,Mountain View Moffett Field Naval Air Station,"Mountain View, California, US",23.0,14.0,-9999.0,-9999.0,-9999.0,18.36,350,-9999,-9999.0,55.0,73.4,56.9
20241012-2200,Mountain View Moffett Field Naval Air Station,"Mountain View, California, US",23.0,15.0,-9999.0,-9999.0,-9999.0,16.56,340,25,-9999.0,60.0,73.4,60.7
20241012-2300,Mountain View Moffett Field Naval Air Station,"Mountain View, California, US",24.0,16.0,-9999.0,-9999.0,-9999.0,24.12,350,0,-9999.0,60.0,75.2,60.9
20241013-0000,Mountain View Moffett Field Naval Air Station,"Mountain View, California, US",23.0,16.0,-9999.0,-9999.0,-9999.0,20.520000000000003,340,0,-9999.0,65.0,73.4,64.7
20241013-0100,Mountain View Moffett Field Naval Air Station,"Mountain View, California, US",22.0,17.0,-9999.0,-9999.0,-9999.0,18.36,340,0,-9999.0,75.0,71.6,73.3
20241013-0200,Mountain View Moffett Field Naval Air Station,"Mountain View, California, US",21.0,17.0,-9999.0,-9999.0,-9999.0,14.76,330,0,-9999.0,80.0,69.8,77.9
20241013-0300,Mountain View Moffett Field Naval Air Station,"Mountain View, California, US",20.0,18.0,-9999.0,-9999.0,-9999.0,16.56,330,0,-9999.0,90.0,68.0,88.3
20241013-0400,Mountain View Moffett Field Naval Air Station,"Mountain View, California, US",20.0,18.0,-9999.0,-9999.0,-9999.0,11.16,350,50,-9999.0,90.0,68.0,88.3
20241013-0500,Mountain View Moffett Field Naval Air Station,"Mountain View, California, US",20.0,18.0,-9999.0,-9999.0,-9999.0,9.360000000000001,330,-9999,-9999.0,90.0,68.0,88.3
20241013-0600,Mountain View Moffett Field Naval Air Station,"Mountain View, California, US",20.0,18.0,-9999.0,-9999.0,-9999.0,9.360000000000001,340,-9999,-9999.0,90.0,68.0,88.3
20241013-0700,Mountain View Moffett Field Naval Air Station,"Mountain View, California, US",20.0,18.0,-9999.0,-9999.0,-9999.0,7.5600000000000005,-9999,-9999,-9999.0,90.0,68.0,88.3
20241013-0800,Mountain View Moffett Field Naval Air Station,"Mountain View, California, US",20.0,18.0,-9999.0,-9999.0,-9999.0,11.16,360,-9999,-9999.0,90.0,68.0,88.3
20241013-0900,Mountain View Moffett Field Naval Air Station,"Mountain View, California, US",19.0,17.0,-9999.0,-9999.0,-9999.0,9.360000000000001,360,-9999,-9999.0,90.0,66.2,88.2
20241013-1000,Mountain View Moffett Field Naval Air Station,"Mountain View, California, US",19.0,18.0,-9999.0,-9999.0,-9999.0,0.0,0,-9999,-9999.0,95.0,66.2,93.9
20241013-1100,Mountain View Moffett Field Naval Air Station,"Mountain View, California, US",19.0,18.0,-9999.0,-9999.0,-9999.0,5.4,280,-9999,-9999.0,95.0,66.2,93.9
20241013-1200,Mountain View Moffett Field Naval Air Station,"Mountain View, California, US",19.0,18.0,-9999.0,-9999.0,-9999.0,0.0,0,-9999,-9999.0,95.0,66.2,93.9
20241013-1300,Mountain View Moffett Field Naval Air Station,"Mountain View, California, US",19.0,18.0,-9999.0,-9999.0,-9999.0,0.0,0,-9999,-9999.0,95.0,66.2,93.9
20241013-1400,Mountain View Moffett Field Naval Air Station,"Mountain View, California, US",19.0,17.0,-9999.0,-9999.0,-9999.0,0.0,0,-9999,-9999.0,90.0,66.2,88.2
20241013-1500,Mountain View Moffett Field Naval Air Station,"Mountain View, California, US",19.0,17.0,-9999.0,-9999.0,-9999.0,0.0,0,-9999,-9999.0,90.0,66.2,88.2
20241013-1600,Mountain View Moffett Field Naval Air Station,"Mountain View, California, US",20.0,18.0,-9999.0,-9999.0,-9999.0,5.4,310,-9999,-9999.0,90.0,68.0,88.3
20241013-1700,Mountain View Moffett Field Naval Air Station,"Mountain View, California, US",21.0,17.0,-9999.0,-9999.0,-9999.0,5.4,-9999,-9999,-9999.0,80.0,69.8,77.9
20241013-1800,Mountain View Moffett Field Naval Air Station,"Mountain View, California, US",22.0,17.0,-9999.0,-9999.0,-9999.0,11.16,320,-9999,-9999.0,75.0,71.6,73.3
20241013-1900,Mountain View Moffett Field Naval Air Station,"Mountain View, California, US",23.0,17.0,-9999.0,-9999.0,-9999.0,7.5600000000000005,250,50,-9999.0,70.0,73.4,68.9
20241013-2000,Mountain View Moffett Field Naval Air Station,"Mountain View, California, US",23.0,18.0,-9999.0,-9999.0,-9999.0,22.32,350,0,-9999.0,75.0,73.4,73.4
20241013-2100,Mountain View Moffett Field Naval Air Station,"Mountain View, California, US",23.0,17.0,-9999.0,-9999.0,-9999.0,24.12,340,0,-9999.0,70.0,73.4,68.9
20241013-2200,Mountain View Moffett Field Naval Air Station,"Mountain View, California, US",24.0,16.0,-9999.0,-9999.0,-9999.0,22.32,350,0,-9999.0,60.0,75.2,60.9
20241013-2300,Mountain View Moffett Field Naval Air Station,"Mountain View, California, US",24.0,16.0,-9999.0,-9999.0,-9999.0,20.520000000000003,340,0,-9999.0,60.0,75.2,60.9
20241014-0000,Mountain View Moffett Field Naval Air Station,"Mountain View, California, US",24.0,16.0,-9999.0,-9999.0,-9999.0,22.32,350,0,-9999.0,60.0,75.2,60.9
20241014-0100,Mountain View Moffett Field Naval Air Station,"Mountain View, California, US",23.0,17.0,-9999.0,-9999.0,-9999.0,18.36,340,0,-9999.0,70.0,73.4,68.9
20241014-0200,Mountain View Moffett Field Naval Air Station,"Mountain View, California, US",21.0,17.0,-9999.0,-9999.0,-9999.0,24.12,360,0,-9999.0,80.0,69.8,77.9
20241014-0300,Mountain View Moffett Field Naval Air Station,"Mountain View, California, US",19.0,16.0,-9999.0,-9999.0,-9999.0,22.32,340,0,-9999.0,85.0,66.2,82.7
20241014-0400,Mountain View Moffett Field Naval Air Station,"Mountain View, California, US",19.0,16.0,-9999.0,-9999.0,-9999.0,16.56,340,50,-9999.0,85.0,66.2,82.7
20241014-0500,Mountain View Moffett Field Naval Air Station,"Mountain View, California, US",18.0,15.0,-9999.0,-9999.0,-9999.0,9.360000000000001,320,50,-9999.0,85.0,64.4,82.6
20241014-0600,Mountain View Moffett Field Naval Air Station,"Mountain View, California, US",18.0,15.0,-9999.0,-9999.0,-9999.0,5.4,330,-9999,-9999.0,85.0,64.4,82.6
20241014-0700,Mountain View Moffett Field Naval Air Station,"Mountain View, California, US",17.0,15.0,-9999.0,-9999.0,-9999.0,9.360000000000001,20,-9999,-9999.0,90.0,62.6,88.0
20241014-0800,Mountain View Moffett Field Naval Air Station,"Mountain View, California, US",16.0,15.0,-9999.0,-9999.0,-9999.0,5.4,30,-9999,-9999.0,95.0,60.8,93.8
20241014-0900,Mountain View Moffett Field Naval Air Station,"Mountain View, California, US",17.0,15.0,-9999.0,-9999.0,-9999.0,16.56,350,-9999,-9999.0,90.0,62.6,88.0
20241014-1000,Mountain View Moffett Field Naval Air Station,"Mountain View, California, US",17.0,15.0,-9999.0,-9999.0,-9999.0,7.5600000000000005,330,-9999,-9999.0,90.0,62.6,88.0
20241014-1100,Mountain View Moffett Field Naval Air Station,"Mountain View, California, US",16.0,15.0,-9999.0,-9999.0,-9999.0,9.360000000000001,20,-9999,-9999.0,95.0,60.8,93.8
20241014-1200,Mountain View Moffett Field Naval Air Station,"Mountain View, California, US",16.0,14.0,-9999.0,-9999.0,-9999.0,5.4,360,-9999,-9999.0,90.0,60.8,87.9
20241014-1300,Mountain View Moffett Field Naval Air Station,"Mountain View, California, US",16.0,14.0,-9999.0,-9999.0,-9999.0,0.0,0,-9999,-9999.0,90.0,60.8,87.9
20241014-1400,Mountain View Moffett Field Naval Air Station,"Mountain View, California, US",16.0,14.0,-9999.0,-9999.0,-9999.0,0.0,0,-9999,-9999.0,90.0,60.8,87.9
20241014-1500,Mountain View Moffett Field Naval Air Station,"Mountain View, California, US",16.0,14.0,-9999.0,-9999.0,-9999.0,0.0,0,-9999,-9999.0,90.0,60.8,87.9
20241014-1600,Mountain View Moffett Field Naval Air Station,"Mountain View, California, US",16.0,14.0,-9999.0,-9999.0,-9999.0,5.4,330,-9999,-9999.0,90.0,60.8,87.9
20241014-1700,Mountain View Moffett Field Naval Air Station,"Mountain View, California, US",17.0,14.0,-9999.0,-9999.0,-9999.0,11.16,10,-9999,-9999.0,85.0,62.6,82.5
20241014-1800,Mountain View Moffett Field Naval Air Station,"Mountain View, California, US",17.0,14.0,-9999.0,-9999.0,-9999.0,7.5600000000000005,60,-9999,-9999.0,85.0,62.6,82.5
20241014-1900,Mountain View Moffett Field Naval Air Station,"Mountain View, California, US",19.0,14.0,-9999.0,-9999.0,-9999.0,7.5600000000000005,-9999,25,-9999.0,75.0,66.2,72.7
20241014-2000,Mountain View Moffett Field Naval Air Station,"Mountain View, California, US",19.0,14.0,-9999.0,-9999.0,-9999.0,12.959999999999999,350,0,-9999.0,75.0,66.2,72.7
20241014-2100,Mountain View Moffett Field Naval Air Station,"Mountain View, California, US",20.0,14.0,-9999.0,-9999.0,-9999.0,12.959999999999999,350,0,-9999.0,70.0,68.0,68.4
20241014-2200,Mountain View Moffett Field Naval Air Station,"Mountain View, California, US",20.0,14.0,-9999.0,-9999.0,-9999.0,12.959999999999999,340,0,-9999.0,70.0,68.0,68.4
20241014-2300,Mountain View Moffett Field Naval Air Station,"Mountain View, California, US",20.0,15.0,-9999.0,-9999.0,-9999.0,20.520000000000003,350,0,-9999.0,75.0,68.0,72.9
20241015-0000,Mountain View Moffett Field Naval Air Station,"Mountain View, California, US",20.0,15.0,-9999.0,-9999.0,-9999.0,18.36,340,0,-9999.0,75.0,68.0,72.9
20241015-0100,Mountain View Moffett Field Naval Air Station,"Mountain View, California, US",18.0,15.0,-9999.0,-9999.0,-9999.0,25.919999999999998,340,0,-9999.0,85.0,64.4,82.6
20241015-0200,Mountain View Moffett Field Naval Air Station,"Mountain View, California, US",18.0,15.0,-9999.0,-9999.0,-9999.0,18.36,340,25,-9999.0,85.0,64.4,82.6
20241015-0300,Mountain View Moffett Field Naval Air Station,"Mountain View, California, US",17.0,15.0,-9999.0,-9999.0,-9999.0,7.5600000000000005,330,-9999,-9999.0,90.0,62.6,88.0
20241015-0400,Mountain View Moffett Field Naval Air Station,"Mountain View, California, US",17.0,14.0,-9999.0,-9999.0,-9999.0,0.0,0,50,-9999.0,85.0,62.6,82.5
20241015-0500,Mountain View Moffett Field Naval Air Station,"Mountain View, California, US",16.0,14.0,-9999.0,-9999.0,-9999.0,0.0,0,-9999,-9999.0,90.0,60.8,87.9
20241015-0600,Mountain View Moffett Field Naval Air Station,"Mountain View, California, US",15.0,13.0,-9999.0,-9999.0,-9999.0,9.360000000000001,120,0,-9999.0,90.0,59.0,87.8
20241015-0700,Mountain View Moffett Field Naval Air Station,"Mountain View, California, US",16.0,14.0,-9999.0,-9999.0,-9999.0,0.0,0,0,-9999.0,90.0,60.8,87.9
20241015-0800,Mountain View Moffett Field Naval Air Station,"Mountain View, California, US",15.0,14.0,-9999.0,-9999.0,-9999.0,0.0,0,0,-9999.0,95.0,59.0,93.7
20241015-0900,Mountain View Moffett Field Naval Air Station,"Mountain View, California, US",15.0,13.0,-9999.0,-9999.0,-9999.0,0.0,0,0,-9999.0,90.0,59.0,87.8
20241015-1000,Mountain View Moffett Field Naval Air Station,"Mountain View, California, US",15.0,13.0,-9999.0,-9999.0,-9999.0,0.0,0,0,-9999.0,90.0,59.0,87.8
20241015-1100,Mountain View Moffett Field Naval Air Station,"Mountain View, California, US",14.0,12.0,-9999.0,-9999.0,-9999.0,0.0,0,0,-9999.0,90.0,57.2,87.7
20241015-1200,Mountain View Moffett Field Naval Air Station,"Mountain View, California, US",13.0,12.0,-9999.0,-9999.0,-9999.0,0.0,0,0,-9999.0,95.0,55.4,93.6
20241015-1300,Mountain View Moffett Field Naval Air Station,"Mountain View, California, US",13.0,12.0,-9999.0,-9999.0,-9999.0,0.0,0,0,-9999.0,95.0,55.4,93.6
20241015-1400,Mountain View Moffett Field Naval Air Station,"Mountain View, California, US",13.0,12.0,-9999.0,-9999.0,-9999.0,0.0,0,0,-9999.0,95.0,55.4,93.6
20241015-1500,Mountain View Moffett Field Naval Air Station,"Mountain View, California, US",14.0,12.0,-9999.0,-9999.0,-9999.0,0.0,0,0,-9999.0,90.0,57.2,87.7
20241015-1600,Mountain View Moffett Field Naval Air Station,"Mountain View, California, US",16.0,13.0,-9999.0,-9999.0,-9999.0,0.0,0,0,-9999.0,85.0,60.8,82.4
20241015-1700,Mountain View Moffett Field Naval Air Station,"Mountain View, California, US",18.0,14.0,-9999.0,-9999.0,-9999.0,0.0,0,0,-9999.0,80.0,64.4,77.4
20241015-1800,Mountain View Moffett Field Naval Air Station,"Mountain View, California, US",21.0,13.0,-9999.0,-9999.0,-9999.0,0.0,0,0,-9999.0,60.0,69.8,60.2
20241015-1900,Mountain View Moffett Field Naval Air Station,"Mountain View, California, US",22.0,13.0,-9999.0,-9999.0,-9999.0,9.360000000000001,340,0,-9999.0,55.0,71.6,56.6
20241015-2000,Mountain View Moffett Field Naval Air Station,"Mountain View, California, US",22.0,14.0,-9999.0,-9999.0,-9999.0,11.16,360,0,-9999.0,60.0,71.6,60.4
20241015-2100,Mountain View Moffett Field Naval Air Station,"Mountain View, California, US",22.0,15.0,-9999.0,-9999.0,-9999.0,14.76,350,0,-9999.0,65.0,71.6,64.5
20241015-2200,Mountain View Moffett Field Naval Air Station,"Mountain View, California, US",22.0,15.0,-9999.0,-9999.0,-9999.0,20.520000000000003,350,0,-9999.0,65.0,71.6,64.5
20241015-2300,Mountain View Moffett Field Naval Air Station,"Mountain View, California, US",22.0,15.0,-9999.0,-9999.0,-9999.0,20.520000000000003,340,0,-9999.0,65.0,71.6,64.5
20241016-0000,Mountain View Moffett Field Naval Air Station,"Mountain View, California, US",21.0,15.0,-9999.0,-9999.0,-9999.0,24.12,350,0,-9999.0,70.0,69.8,68.6
20241016-0100,Mountain View Moffett Field Naval Air Station,"Mountain View, California, US",21.0,15.0,-9999.0,-9999.0,-9999.0,25.919999999999998,350,0,-9999.0,70.0,69.8,68.6
20241016-0200,Mountain View Moffett Field Naval Air Station,"Mountain View, California, US",20.0,14.0,-9999.0,-9999.0,-9999.0,14.76,340,25,-9999.0,70.0,68.0,68.4
20241016-0300,Mountain View Moffett Field Naval Air Station,"Mountain View, California, US",19.0,14.0,-9999.0,-9999.0,-9999.0,0.0,0,-9999,-9999.0,75.0,66.2,72.7
20241016-0400,Mountain View Moffett Field Naval Air Station,"Mountain View, California, US",18.0,14.0,-9999.0,-9999.0,-9999.0,0.0,0,-9999,-9999.0,80.0,64.4,77.4
20241016-0500,Mountain View Moffett Field Naval Air Station,"Mountain View, California, US",18.0,15.0,-9999.0,-9999.0,-9999.0,0.0,0,-9999,-9999.0,85.0,64.4,82.6
20241016-0600,Mountain View Moffett Field Naval Air Station,"Mountain View, California, US",18.0,15.0,-9999.0,-9999.0,-9999.0,0.0,0,-9999,-9999.0,85.0,64.4,82.6
20241016-0700,Mountain View Moffett Field Naval Air Station,"Mountain View, California, US",17.0,15.0,-9999.0,-9999.0,-9999.0,5.4,140,-9999,-9999.0,90.0,62.6,88.0
20241016-0800,Mountain View Moffett Field Naval Air Station,"Mountain View, California, US",17.0,14.0,-9999.0,-9999.0,-9999.0,0.0,0,-9999,-9999.0,85.0,62.6,82.5
20241016-0900,Mountain View Moffett Field Naval Air Station,"Mountain View, California, US",16.0,14.0,-9999.0,-9999.0,-9999.0,0.0,0,-9999,-9999.0,90.0,60.8,87.9
20241016-1000,Mountain View Moffett Field Naval Air Station,"Mountain View, California, US",15.0,13.0,-9999.0,-9999.0,-9999.0,0.0,0,-9999,-9999.0,90.0,59.0,87.8
20241016-1100,Mountain View Moffett Field Naval Air Station,"Mountain View, California, US",16.0,13.0,-9999.0,-9999.0,-9999.0,0.0,0,-9999,-9999.0,85.0,60.8,82.4
20241016-1200,Mountain View Moffett Field Naval Air Station,"Mountain View, California, US",15.0,13.0,-9999.0,-9999.0,-9999.0,0.0,0,-9999,-9999.0,90.0,59.0,87.8
20241016-1300,Mountain View Moffett Field Naval Air Station,"Mountain View, California, US",15.0,13.0,-9999.0,-9999.0,-9999.0,0.0,0,-9999,-9999.0,90.0,59.0,87.8
20241016-1400,Mountain View Moffett Field Naval Air Station,"Mountain View, California, US",16.0,13.0,-9999.0,-9999.0,-9999.0,0.0,0,50,-9999.0,85.0,60.8,82.4
20241016-1500,Mountain View Moffett Field Naval Air Station,"Mountain View, California, US",16.0,13.0,-9999.0,-9999.0,-9999.0,0.0,0,50,-9999.0,85.0,60.8,82.4
20241016-1600,Mountain View Moffett Field Naval Air Station,"Mountain View, California, US",17.0,14.0,-9999.0,-9999.0,-9999.0,5.4,320,-9999,-9999.0,85.0,62.6,82.5
20241016-1700,Mountain View Moffett Field Naval Air Station,"Mountain View, California, US",18.0,15.0,-9999.0,-9999.0,-9999.0,5.4,80,0,-9999.0,85.0,64.4,82.6
20241016-1800,Mountain View Moffett Field Naval Air Station,"Mountain View, California, US",20.0,15.0,-9999.0,-9999.0,-9999.0,0.0,0,0,-9999.0,75.0,68.0,72.9
20241016-1900,Mountain View Moffett Field Naval Air Station,"Mountain View, California, US",20.0,14.0,-9999.0,-9999.0,-9999.0,11.16,360,0,-9999.0,70.0,68.0,68.4
20241016-2000,Mountain View Moffett Field Naval Air Station,"Mountain View, California, US",20.0,14.0,-9999.0,-9999.0,-9999.0,9.360000000000001,360,0,-9999.0,70.0,68.0,68.4
20241016-2100,Mountain View Moffett Field Naval Air Station,"Mountain View, California, US",20.0,13.0,-9999.0,-9999.0,-9999.0,18.36,350,0,-9999.0,65.0,68.0,64.0
20241016-2200,Mountain View Moffett Field Naval Air Station,"Mountain View, California, US",20.0,13.0,-9999.0,-9999.0,-9999.0,11.16,340,0,-9999.0,65.0,68.0,64.0
20241016-2300,Mountain View Moffett Field Naval Air Station,"Mountain View, California, US",20.0,14.0,-9999.0,-9999.0,-9999.0,24.12,350,0,-9999.0,70.0,68.0,68.4
20241017-0000,Mountain View Moffett Field Naval Air Station,"Mountain View, California, US",22.0,10.0,-9999.0,-9999.0,-9999.0,18.36,350,0,-9999.0,40.0,71.6,46.4
20241017-0100,Mountain View Moffett Field Naval Air Station,"Mountain View, California, US",22.0,9.0,-9999.0,-9999.0,-9999.0,7.5600000000000005,300,0,-9999.0,35.0,71.6,43.4
20241017-0200,Mountain View Moffett Field Naval Air Station,"Mountain View, California, US",19.0,10.0,-9999.0,-9999.0,-9999.0,9.360000000000001,320,50,-9999.0,55.0,66.2,55.9
20241017-0300,Mountain View Moffett Field Naval Air Station,"Mountain View, California, US",18.0,10.0,-9999.0,-9999.0,-9999.0,9.360000000000001,320,-9999,-9999.0,60.0,64.4,59.5
20241017-0400,Mountain View Moffett Field Naval Air Station,"Mountain View, California, US",17.0,12.0,-9999.0,-9999.0,-9999.0,9.360000000000001,310,0,-9999.0,75.0,62.6,72.4
20241017-0500,Mountain View Moffett Field Naval Air Station,"Mountain View, California, US",16.0,12.0,-9999.0,-9999.0,-9999.0,5.4,310,0,-9999.0,80.0,60.8,77.1
20241017-0600,Mountain View Moffett Field Naval Air Station,"Mountain View, California, US",15.0,12.0,-9999.0,-9999.0,-9999.0,7.5600000000000005,330,0,-9999.0,85.0,59.0,82.2
20241017-0700,Mountain View Moffett Field Naval Air Station,"Mountain View, California, US",15.0,12.0,-9999.0,-9999.0,-9999.0,0.0,0,0,-9999.0,85.0,59.0,82.2
20241017-0800,Mountain View Moffett Field Naval Air Station,"Mountain View, California, US",14.0,12.0,-9999.0,-9999.0,-9999.0,0.0,0,0,-9999.0,90.0,57.2,87.7
20241017-0900,Mountain View Moffett Field Naval Air Station,"Mountain View, California, US",14.0,12.0,-9999.0,-9999.0,-9999.0,0.0,0,0,-9999.0,90.0,57.2,87.7
20241017-1000,Mountain View Moffett Field Naval Air Station,"Mountain View, California, US",13.0,11.0,-9999.0,-9999.0,-9999.0,0.0,0,0,-9999.0,90.0,55.4,87.6
20241017-1100,Mountain View Moffett Field Naval Air Station,"Mountain View, California, US",13.0,11.0,-9999.0,-9999.0,-9999.0,0.0,0,0,-9999.0,90.0,55.4,87.6
20241017-1200,Mountain View Moffett Field Naval Air Station,"Mountain View, California, US",12.0,10.0,-9999.0,-9999.0,-9999.0,0.0,0,0,-9999.0,90.0,53.6,87.6
20241017-1300,Mountain View Moffett Field Naval Air Station,"Mountain View, California, US",12.0,10.0,-9999.0,-9999.0,-9999.0,0.0,0,0,-9999.0,90.0,53.6,87.6
20241017-1400,Mountain View Moffett Field Naval Air Station,"Mountain View, California, US",12.0,10.0,-9999.0,-9999.0,-9999.0,0.0,0,0,-9999.0,90.0,53.6,87.6
20241017-1500,Mountain View Moffett Field Naval Air Station,"Mountain View, California, US",13.0,10.0,-9999.0,-9999.0,-9999.0,0.0,0,0,-9999.0,85.0,55.4,82.0
20241017-1600,Mountain View Moffett Field Naval Air Station,"Mountain View, California, US",15.0,11.0,-9999.0,-9999.0,-9999.0,0.0,0,0,-9999.0,80.0,59.0,77.0
20241017-1700,Mountain View Moffett Field Naval Air Station,"Mountain View, California, US",17.0,9.0,-9999.0,-9999.0,-9999.0,11.16,-9999,0,-9999.0,60.0,62.6,59.3
20241017-1800,Mountain View Moffett Field Naval Air Station,"Mountain View, California, US",18.0,9.0,-9999.0,-9999.0,-9999.0,11.16,350,0,-9999.0,55.0,64.4,55.6
20241017-1900,Mountain View Moffett Field Naval Air Station,"Mountain View, California, US",20.0,5.0,-9999.0,-9999.0,-9999.0,24.12,330,0,-9999.0,25.0,68.0,37.3
20241017-2000,Mountain View Moffett Field Naval Air Station,"Mountain View, California, US",21.0,3.0,-9999.0,-9999.0,-9999.0,14.76,310,0,-9999.0,10.0,69.8,30.5
20241017-2100,Mountain View Moffett Field Naval Air Station,"Mountain View, California, US",21.0,4.0,-9999.0,-9999.0,-9999.0,14.76,300,0,-9999.0,15.0,69.8,32.7
20241017-2200,Mountain View Moffett Field Naval Air Station,"Mountain View, California, US",21.0,5.0,-9999.0,-9999.0,-9999.0,11.16,-9999,0,-9999.0,20.0,69.8,35.1
20241017-2300,Mountain View Moffett Field Naval Air Station,"Mountain View, California, US",21.0,6.0,-9999.0,-9999.0,-9999.0,11.16,330,25,-9999.0,25.0,69.8,37.6
20241018-0000,Mountain View Moffett Field Naval Air Station,"Mountain View, California, US",20.0,6.0,-9999.0,-9999.0,-9999.0,-9999.0,-9999,0,-9999.0,30.0,68.0,40.0
20241018-0100,Mountain View Moffett Field Naval Air Station,"Mountain View, California, US",19.0,7.0,-9999.0,-9999.0,-9999.0,11.16,320,0,-9999.0,40.0,66.2,45.6
20241018-0200,Mountain View Moffett Field Naval Air Station,"Mountain View, California, US",18.0,7.0,-9999.0,-9999.0,-9999.0,0.0,0,0,-9999.0,45.0,64.4,48.6
20241018-0300,Mountain View Moffett Field Naval Air Station,"Mountain View, California, US",16.0,7.0,-9999.0,-9999.0,-9999.0,7.5600000000000005,30,0,-9999.0,55.0,60.8,55.1
20241018-0400,Mountain View Moffett Field Naval Air Station,"Mountain View, California, US",16.0,7.0,-9999.0,-9999.0,-9999.0,11.16,290,0,-9999.0,55.0,60.8,55.1
20241018-0500,Mountain View Moffett Field Naval Air Station,"Mountain View, California, US",15.0,7.0,-9999.0,-9999.0,-9999.0,9.360000000000001,290,0,-9999.0,60.0,59.0,58.8
20241018-0600,Mountain View Moffett Field Naval Air Station,"Mountain View, California, US",18.0,5.0,-9999.0,-9999.0,-9999.0,22.32,330,0,-9999.0,35.0,64.4,42.3
20241018-0700,Mountain View Moffett Field Naval Air Station,"Mountain View, California, US",18.0,-1.0,-9999.0,-9999.0,-9999.0,27.72,330,0,-9999.0,5.0,64.4,27.6
20241018-0800,Mountain View Moffett Field Naval Air Station,"Mountain View, California, US",18.0,0.0,-9999.0,-9999.0,-9999.0,25.919999999999998,340,0,-9999.0,10.0,64.4,29.6
20241018-0900,Mountain View Moffett Field Naval Air Station,"Mountain View, California, US",17.0,0.0,-9999.0,-9999.0,-9999.0,22.32,340,-9999,-9999.0,15.0,62.6,31.6
20241018-1000,Mountain View Moffett Field Naval Air Station,"Mountain View, California, US",16.0,0.0,-9999.0,-9999.0,-9999.0,14.76,330,-9999,-9999.0,20.0,60.8,33.6
20241018-1100,Mountain View Moffett Field Naval Air Station,"Mountain View, California, US",16.0,-1.0,-9999.0,-9999.0,-9999.0,22.32,340,-9999,-9999.0,15.0,60.8,31.3
20241018-1200,Mountain View Moffett Field Naval Air Station,"Mountain View, California, US",16.0,0.0,-9999.0,-9999.0,-9999.0,22.32,330,-9999,-9999.0,20.0,60.8,33.6
20241018-1300,Mountain View Moffett Field Naval Air Station,"Mountain View, California, US",16.0,0.0,-9999.0,-9999.0,-9999.0,20.520000000000003,340,-9999,-9999.0,20.0,60.8,33.6
20241018-1400,Mountain View Moffett Field Naval Air Station,"Mountain View, California, US",15.0,2.0,-9999.0,-9999.0,-9999.0,11.16,320,-9999,-9999.0,35.0,59.0,41.4
20241018-1500,Mountain View Moffett Field Naval Air Station,"Mountain View, California, US",15.0,1.0,-9999.0,-9999.0,-9999.0,7.5600000000000005,290,0,-9999.0,30.0,59.0,38.6
20241018-1600,Mountain View Moffett Field Naval Air Station,"Mountain View, California, US",16.0,-1.0,-9999.0,-9999.0,-9999.0,9.360000000000001,310,0,-9999.0,15.0,60.8,31.3
20241018-1700,Mountain View Moffett Field Naval Air Station,"Mountain View, California, US",17.0,-4.0,-9999.0,-9999.0,-9999.0,9.360000000000001,320,0,-9999.0,-5.0,62.6,23.5
20241018-1800,Mountain View Moffett Field Naval Air Station,"Mountain View, California, US",19.0,-4.0,-9999.0,-9999.0,-9999.0,7.5600000000000005,40,0,-9999.0,-15.0,66.2,20.7
20241018-1900,Mountain View Moffett Field Naval Air Station,"Mountain View, California, US",20.0,-6.0,-9999.0,-9999.0,-9999.0,9.360000000000001,350,0,-9999.0,-30.0,68.0,16.7
20241018-2000,Mountain View Moffett Field Naval Air Station,"Mountain View, California, US",21.0,-6.0,-9999.0,-9999.0,-9999.0,14.76,340,0,-9999.0,-35.0,69.8,15.7
20241018-2100,Mountain View Moffett Field Naval Air Station,"Mountain View, California, US",22.0,-6.0,-9999.0,-9999.0,-9999.0,14.76,340,0,-9999.0,-40.0,71.6,14.8
20241018-2200,Mountain View Moffett Field Naval Air Station,"Mountain View, California, US",23.0,-6.0,-9999.0,-9999.0,-9999.0,16.56,320,0,-9999.0,-45.0,73.4,13.9
20241018-2300,Mountain View Moffett Field Naval Air Station,"Mountain View, California, US",24.0,-7.0,-9999.0,-9999.0,-9999.0,16.56,320,0,-9999.0,-55.0,75.2,12.1
20241019-0000,Mountain View Moffett Field Naval Air Station,"Mountain View, California, US",24.0,-7.0,-9999.0,-9999.0,-9999.0,9.360000000000001,310,0,-9999.0,-55.0,75.2,12.1
20241019-0100,Mountain View Moffett Field Naval Air Station,"Mountain View, California, US",23.0,-5.0,-9999.0,-9999.0,-9999.0,11.16,320,0,-9999.0,-40.0,73.4,15.0
20241019-0200,Mountain View Moffett Field Naval Air Station,"Mountain View, California, US",20.0,6.0,-9999.0,-9999.0,-9999.0,7.5600000000000005,320,0,-9999.0,30.0,68.0,40.0
20241019-0300,Mountain View Moffett Field Naval Air Station,"Mountain View, California, US",18.0,3.0,-9999.0,-9999.0,-9999.0,0.0,0,0,-9999.0,25.0,64.4,36.7
20241019-0400,Mountain View Moffett Field Naval Air Station,"Mountain View, California, US",17.0,0.0,-9999.0,-9999.0,-9999.0,0.0,0,50,-9999.0,15.0,62.6,31.6
20241019-0500,Mountain View Moffett Field Naval Air Station,"Mountain View, California, US",17.0,-3.0,-9999.0,-9999.0,-9999.0,0.0,0,25,-9999.0,0.0,62.6,25.3
20241019-0600,Mountain View Moffett Field Naval Air Station,"Mountain View, California, US",17.0,-3.0,-9999.0,-9999.0,-9999.0,5.4,280,0,-9999.0,0.0,62.6,25.3
20241019-0700,Mountain View Moffett Field Naval Air Station,"Mountain View, California, US",17.0,-4.0,-9999.0,-9999.0,-9999.0,11.16,330,-9999,-9999.0,-5.0,62.6,23.5
20241019-0800,Mountain View Moffett Field Naval Air Station,"Mountain View, California, US",16.0,-4.0,-9999.0,-9999.0,-9999.0,5.4,-9999,-9999,-9999.0,0.0,60.8,25.0
20241019-0900,Mountain View Moffett Field Naval Air Station,"Mountain View, California, US",14.0,-3.0,-9999.0,-9999.0,-9999.0,0.0,0,-9999,-9999.0,15.0,57.2,30.7
20241019-1000,Mountain View Moffett Field Naval Air Station,"Mountain View, California, US",17.0,-6.0,-9999.0,-9999.0,-9999.0,9.360000000000001,260,-9999,-9999.0,-15.0,62.6,20.2
20241019-1100,Mountain View Moffett Field Naval Air Station,"Mountain View, California, US",14.0,-3.0,-9999.0,-9999.0,-9999.0,5.4,230,50,-9999.0,15.0,57.2,30.7
20241019-1200,Mountain View Moffett Field Naval Air Station,"Mountain View, California, US",14.0,-3.0,-9999.0,-9999.0,-9999.0,0.0,0,-9999,-9999.0,15.0,57.2,30.7
20241019-1300,Mountain View Moffett Field Naval Air Station,"Mountain View, California, US",13.0,-3.0,-9999.0,-9999.0,-9999.0,0.0,0,25,-9999.0,20.0,55.4,32.8
20241019-1400,Mountain View Moffett Field Naval Air Station,"Mountain View, California, US",12.0,-2.0,-9999.0,-9999.0,-9999.0,0.0,0,25,-9999.0,30.0,53.6,37.7
20241019-1500,Mountain View Moffett Field Naval Air Station,"Mountain View, California, US",13.0,-1.0,-9999.0,-9999.0,-9999.0,5.4,210,0,-9999.0,30.0,55.4,38.0
20241019-1600,Mountain View Moffett Field Naval Air Station,"Mountain View, California, US",19.0,-1.0,-9999.0,-9999.0,-9999.0,0.0,0,0,-9999.0,0.0,66.2,25.9
20241019-1700,Mountain View Moffett Field Naval Air Station,"Mountain View, California, US",21.0,-3.0,-9999.0,-9999.0,-9999.0,5.4,250,0,-9999.0,-20.0,69.8,19.7
20241019-1800,Mountain View Moffett Field Naval Air Station,"Mountain View, California, US",23.0,-3.0,-9999.0,-9999.0,-9999.0,11.16,300,0,-9999.0,-30.0,73.4,17.5
20241019-1900,Mountain View Moffett Field Naval Air Station,"Mountain View, California, US",24.0,-3.0,-9999.0,-9999.0,-9999.0,12.959999999999999,300,0,-9999.0,-35.0,75.2,16.4
20241019-2000,Mountain View Moffett Field Naval Air Station,"Mountain View, California, US",25.0,-3.0,-9999.0,-9999.0,-9999.0,9.360000000000001,-9999,0,-9999.0,-40.0,77.0,15.5
20241019-2100,Mountain View Moffett Field Naval Air Station,"Mountain View, California, US",26.0,-3.0,-9999.0,-9999.0,-9999.0,12.959999999999999,310,0,-9999.0,-45.0,78.8,14.6
20241019-2200,Mountain View Moffett Field Naval Air Station,"Mountain View, California, US",27.0,-5.0,-9999.0,-9999.0,-9999.0,16.56,350,0,-9999.0,-60.0,80.6,11.8
20241019-2300,Mountain View Moffett Field Naval Air Station,"Mountain View, California, US",27.0,0.0,-9999.0,-9999.0,-9999.0,16.56,350,0,-9999.0,-35.0,80.6,17.1
20241020-0000,Mountain View Moffett Field Naval Air Station,"Mountain View, California, US",26.0,1.0,-9999.0,-9999.0,-9999.0,12.959999999999999,350,0,-9999.0,-25.0,78.8,19.5
20241020-0100,Mountain View Moffett Field Naval Air Station,"Mountain View, California, US",24.0,0.0,-9999.0,-9999.0,-9999.0,5.4,340,0,-9999.0,-20.0,75.2,20.5
20241020-0200,Mountain View Moffett Field Naval Air Station,"Mountain View, California, US",22.0,4.0,-9999.0,-9999.0,-9999.0,7.5600000000000005,300,25,-9999.0,10.0,71.6,30.8
20241020-0300,Mountain View Moffett Field Naval Air Station,"Mountain View, California, US",20.0,7.0,-9999.0,-9999.0,-9999.0,5.4,-9999,0,-9999.0,35.0,68.0,42.9
20241020-0400,Mountain View Moffett Field Naval Air Station,"Mountain View, California, US",18.0,7.0,-9999.0,-9999.0,-9999.0,0.0,0,0,-9999.0,45.0,64.4,48.6
20241020-0500,Mountain View Moffett Field Naval Air Station,"Mountain View, California, US",17.0,7.0,-9999.0,-9999.0,-9999.0,5.4,150,0,-9999.0,50.0,62.6,51.7
20241020-0600,Mountain View Moffett Field Naval Air Station,"Mountain View, California, US",16.0,0.0,-9999.0,-9999.0,-9999.0,9.360000000000001,140,0,-9999.0,20.0,60.8,33.6
20241020-0700,Mountain View Moffett Field Naval Air Station,"Mountain View, California, US",15.0,0.0,-9999.0,-9999.0,-9999.0,7.5600000000000005,130,0,-9999.0,25.0,59.0,35.9
20241020-0800,Mountain View Moffett Field Naval Air Station,"Mountain View, California, US",14.0,0.0,-9999.0,-9999.0,-9999.0,0.0,0,0,-9999.0,30.0,57.2,38.3
20241020-0900,Mountain View Moffett Field Naval Air Station,"Mountain View, California, US",14.0,-1.0,-9999.0,-9999.0,-9999.0,0.0,0,0,-9999.0,25.0,57.2,35.6
20241020-1000,Mountain View Moffett Field Naval Air Station,"Mountain View, California, US",14.0,-2.0,-9999.0,-9999.0,-9999.0,0.0,0,0,-9999.0,20.0,57.2,33.1
20241020-1100,Mountain View Moffett Field Naval Air Station,"Mountain View, California, US",13.0,-2.0,-9999.0,-9999.0,-9999.0,0.0,0,-9999,-9999.0,25.0,55.4,35.3
20241020-1200,Mountain View Moffett Field Naval Air Station,"Mountain View, California, US",11.0,1.0,-9999.0,-9999.0,-9999.0,0.0,0,-9999,-9999.0,50.0,51.8,50.1
20241020-1300,Mountain View Moffett Field Naval Air Station,"Mountain View, California, US",10.0,1.0,-9999.0,-9999.0,-9999.0,0.0,0,0,-9999.0,55.0,50.0,53.5
20241020-1400,Mountain View Moffett Field Naval Air Station,"Mountain View, California, US",10.0,1.0,-9999.0,-9999.0,-9999.0,0.0,0,0,-9999.0,55.0,50.0,53.5
20241020-1500,Mountain View Moffett Field Naval Air Station,"Mountain View, California, US",10.0,1.0,-9999.0,-9999.0,-9999.0,0.0,0,0,-9999.0,55.0,50.0,53.5
20241020-1600,Mountain View Moffett Field Naval Air Station,"Mountain View, California, US",14.0,0.0,-9999.0,-9999.0,-9999.0,0.0,0,0,-9999.0,30.0,57.2,38.3
20241020-1700,Mountain View Moffett Field Naval Air Station,"Mountain View, California, US",17.0,1.0,-9999.0,-9999.0,-9999.0,0.0,0,0,-9999.0,20.0,62.6,33.9
20241020-1800,Mountain View Moffett Field Naval Air Station,"Mountain View, California, US",20.0,-1.0,-9999.0,-9999.0,-9999.0,0.0,0,0,-9999.0,-5.0,68.0,24.3
20241020-1900,Mountain View Moffett Field Naval Air Station,"Mountain View, California, US",21.0,0.0,-9999.0,-9999.0,-9999.0,9.360000000000001,350,0,-9999.0,-5.0,69.8,24.6
20241020-2000,Mountain View Moffett Field Naval Air Station,"Mountain View, California, US",22.0,2.0,-9999.0,-9999.0,-9999.0,11.16,350,0,-9999.0,0.0,71.6,26.7
20241020-2100,Mountain View Moffett Field Naval Air Station,"Mountain View, California, US",23.0,-1.0,-9999.0,-9999.0,-9999.0,9.360000000000001,350,0,-9999.0,-20.0,73.4,20.2
20241020-2200,Mountain View Moffett Field Naval Air Station,"Mountain View, California, US",24.0,1.0,-9999.0,-9999.0,-9999.0,9.360000000000001,340,0,-9999.0,-15.0,75.2,22.0
20241020-2300,Mountain View Moffett Field Naval Air Station,"Mountain View, California, US",25.0,-1.0,-9999.0,-9999.0,-9999.0,12.959999999999999,350,0,-9999.0,-30.0,77.0,17.9
20241021-0000,Mountain View Moffett Field Naval Air Station,"Mountain View, California, US",25.0,-1.0,-9999.0,-9999.0,-9999.0,9.360000000000001,330,0,-9999.0,-30.0,77.0,17.9
20241021-0100,Mountain View Moffett Field Naval Air Station,"Mountain View, California, US",23.0,6.0,-9999.0,-9999.0,-9999.0,11.16,340,0,-9999.0,15.0,73.4,33.3
20241021-0200,Mountain View Moffett Field Naval Air Station,"Mountain View, California, US",20.0,8.0,-9999.0,-9999.0,-9999.0,7.5600000000000005,340,0,-9999.0,40.0,68.0,45.9
20241021-0300,Mountain View Moffett Field Naval Air Station,"Mountain View, California, US",19.0,7.0,-9999.0,-9999.0,-9999.0,11.16,340,0,-9999.0,40.0,66.2,45.6
20241021-0400,Mountain View Moffett Field Naval Air Station,"Mountain View, California, US",18.0,7.0,-9999.0,-9999.0,-9999.0,0.0,0,0,-9999.0,45.0,64.4,48.6
20241021-0500,Mountain View Moffett Field Naval Air Station,"Mountain View, California, US",16.0,7.0,-9999.0,-9999.0,-9999.0,0.0,0,0,-9999.0,55.0,60.8,55.1
20241021-0600,Mountain View Moffett Field Naval Air Station,"Mountain View, California, US",16.0,6.0,-9999.0,-9999.0,-9999.0,0.0,0,0,-9999.0,50.0,60.8,51.5
20241021-0700,Mountain View Moffett Field Naval Air Station,"Mountain View, California, US",15.0,5.0,-9999.0,-9999.0,-9999.0,0.0,0,0,-9999.0,50.0,59.0,51.2
20241021-0800,Mountain View Moffett Field Naval Air Station,"Mountain View, California, US",15.0,4.0,-9999.0,-9999.0,-9999.0,0.0,0,0,-9999.0,45.0,59.0,47.7
20241021-0900,Mountain View Moffett Field Naval Air Station,"Mountain View, California, US",13.0,4.0,-9999.0,-9999.0,-9999.0,0.0,0,0,-9999.0,55.0,55.4,54.3
20241021-1000,Mountain View Moffett Field Naval Air Station,"Mountain View, California, US",12.0,3.0,-9999.0,-9999.0,-9999.0,0.0,0,50,-9999.0,55.0,53.6,54.1
20241021-1100,Mountain View Moffett Field Naval Air Station,"Mountain View, California, US",12.0,3.0,-9999.0,-9999.0,-9999.0,0.0,0,50,-9999.0,55.0,53.6,54.1
20241021-1200,Mountain View Moffett Field Naval Air Station,"Mountain View, California, US",12.0,5.0,-9999.0,-9999.0,-9999.0,9.360000000000001,300,0,-9999.0,65.0,53.6,62.2
20241021-1300,Mountain View Moffett Field Naval Air Station,"Mountain View, California, US",12.0,6.0,-9999.0,-9999.0,-9999.0,0.0,0,0,-9999.0,70.0,53.6,66.7
20241021-1400,Mountain View Moffett Field Naval Air Station,"Mountain View, California, US",12.0,7.0,-9999.0,-9999.0,-9999.0,0.0,0,0,-9999.0,75.0,53.6,71.5
20241021-1500,Mountain View Moffett Field Naval Air Station,"Mountain View, California, US",12.0,8.0,-9999.0,-9999.0,-9999.0,0.0,0,0,-9999.0,80.0,53.6,76.5
20241021-1600,Mountain View Moffett Field Naval Air Station,"Mountain View, California, US",14.0,11.0,-9999.0,-9999.0,-9999.0,0.0,0,0,-9999.0,85.0,57.2,82.1
20241021-1700,Mountain View Moffett Field Naval Air Station,"Mountain View, California, US",15.0,11.0,-9999.0,-9999.0,-9999.0,0.0,0,0,-9999.0,80.0,59.0,77.0
20241021-1800,Mountain View Moffett Field Naval Air Station,"Mountain View, California, US",16.0,11.0,-9999.0,-9999.0,-9999.0,11.16,350,0,-9999.0,75.0,60.8,72.2
20241021-1900,Mountain View Moffett Field Naval Air Station,"Mountain View, California, US",17.0,11.0,-9999.0,-9999.0,-9999.0,5.4,330,0,-9999.0,70.0,62.6,67.7
20241021-2000,Mountain View Moffett Field Naval Air Station,"Mountain View, California, US",19.0,10.0,-9999.0,-9999.0,-9999.0,9.360000000000001,350,0,-9999.0,55.0,66.2,55.9
20241021-2100,Mountain View Moffett Field Naval Air Station,"Mountain View, California, US",21.0,5.0,-9999.0,-9999.0,-9999.0,16.56,360,0,-9999.0,20.0,69.8,35.1
20241021-2200,Mountain View Moffett Field Naval Air Station,"Mountain View, California, US",20.0,11.0,-9999.0,-9999.0,-9999.0,18.36,350,0,-9999.0,55.0,68.0,56.1
20241021-2300,Mountain View Moffett Field Naval Air Station,"Mountain View, California, US",21.0,10.0,-9999.0,-9999.0,-9999.0,22.32,340,0,-9999.0,45.0,69.8,49.4
20241022-0000,Mountain View Moffett Field Naval Air Station,"Mountain View, California, US",19.0,14.0,-9999.0,-9999.0,-9999.0,22.32,340,0,-9999.0,75.0,66.2,72.7
20241022-0100,Mountain View Moffett Field Naval Air Station,"Mountain View, California, US",18.0,14.0,-9999.0,-9999.0,-9999.0,20.520000000000003,340,0,-9999.0,80.0,64.4,77.4
20241022-0200,Mountain View Moffett Field Naval Air Station,"Mountain View, California, US",17.0,14.0,-9999.0,-9999.0,-9999.0,12.959999999999999,350,50,-9999.0,85.0,62.6,82.5
20241022-0300,Mountain View Moffett Field Naval Air Station,"Mountain View, California, US",16.0,13.0,-9999.0,-9999.0,-9999.0,12.959999999999999,340,-9999,-9999.0,85.0,60.8,82.4
20241022-0400,Mountain View Moffett Field Naval Air Station,"Mountain View, California, US",15.0,13.0,-9999.0,-9999.0,-9999.0,9.360000000000001,10,-9999,-9999.0,90.0,59.0,87.8
20241022-0500,Mountain View Moffett Field Naval Air Station,"Mountain View, California, US",15.0,13.0,-9999.0,-9999.0,-9999.0,7.5600000000000005,30,50,-9999.0,90.0,59.0,87.8
20241022-0600,Mountain View Moffett Field Naval Air Station,"Mountain View, California, US",15.0,13.0,-9999.0,-9999.0,-9999.0,0.0,0,0,-9999.0,90.0,59.0,87.8
20241022-0700,Mountain View Moffett Field Naval Air Station,"Mountain View, California, US",14.0,13.0,-9999.0,-9999.0,-9999.0,0.0,0,0,-9999.0,95.0,57.2,93.7
20241022-0800,Mountain View Moffett Field Naval Air Station,"Mountain View, California, US",14.0,12.0,-9999.0,-9999.0,-9999.0,0.0,0,0,-9999.0,90.0,57.2,87.7
20241022-0900,Mountain View Moffett Field Naval Air Station,"Mountain View, California, US",13.0,12.0,-9999.0,-9999.0,-9999.0,0.0,0,0,-9999.0,95.0,55.4,93.6
20241022-1000,Mountain View Moffett Field Naval Air Station,"Mountain View, California, US",13.0,11.0,-9999.0,-9999.0,-9999.0,0.0,0,0,-9999.0,90.0,55.4,87.6
20241022-1100,Mountain View Moffett Field Naval Air Station,"Mountain View, California, US",13.0,11.0,-9999.0,-9999.0,-9999.0,0.0,0,0,-9999.0,90.0,55.4,87.6
20241022-1200,Mountain View Moffett Field Naval Air Station,"Mountain View, California, US",12.0,11.0,-9999.0,-9999.0,-9999.0,0.0,0,25,-9999.0,95.0,53.6,93.6
20241022-1300,Mountain View Moffett Field Naval Air Station,"Mountain View, California, US",12.0,11.0,-9999.0,-9999.0,-9999.0,0.0,0,25,-9999.0,95.0,53.6,93.6
20241022-1400,Mountain View Moffett Field Naval Air Station,"Mountain View, California, US",12.0,10.0,-9999.0,-9999.0,-9999.0,0.0,0,-9999,-9999.0,90.0,53.6,87.6
20241022-1500,Mountain View Moffett Field Naval Air Station,"Mountain View, California, US",12.0,10.0,-9999.0,-9999.0,-9999.0,0.0,0,-9999,-9999.0,90.0,53.6,87.6
20241022-1600,Mountain View Moffett Field Naval Air Station,"Mountain View, California, US",13.0,11.0,-9999.0,-9999.0,-9999.0,0.0,0,-9999,-9999.0,90.0,55.4,87.6
20241022-1700,Mountain View Moffett Field Naval Air Station,"Mountain View, California, US",15.0,12.0,-9999.0,-9999.0,-9999.0,7.5600000000000005,330,-9999,-9999.0,85.0,59.0,82.2
20241022-1800,Mountain View Moffett Field Naval Air Station,"Mountain View, California, US",15.0,12.0,-9999.0,-9999.0,-9999.0,7.5600000000000005,-9999,-9999,-9999.0,85.0,59.0,82.2
20241022-1900,Mountain View Moffett Field Naval Air Station,"Mountain View, California, US",17.0,12.0,-9999.0,-9999.0,-9999.0,5.4,320,0,-9999.0,75.0,62.6,72.4
20241022-2000,Mountain View Moffett Field Naval Air Station,"Mountain View, California, US",18.0,11.0,-9999.0,-9999.0,-9999.0,11.16,360,0,-9999.0,65.0,64.4,63.6
20241022-2100,Mountain View Moffett Field Naval Air Station,"Mountain View, California, US",19.0,12.0,-9999.0,-9999.0,-9999.0,16.56,350,0,-9999.0,65.0,66.2,63.8
20241022-2200,Mountain View Moffett Field Naval Air Station,"Mountain View, California, US",19.0,11.0,-9999.0,-9999.0,-9999.0,11.16,360,0,-9999.0,60.0,66.2,59.7
20241022-2300,Mountain View Moffett Field Naval Air Station,"Mountain View, California, US",19.0,10.0,-9999.0,-9999.0,-9999.0,14.76,350,0,-9999.0,55.0,66.2,55.9
20241023-0000,Mountain View Moffett Field Naval Air Station,"Mountain View, California, US",19.0,10.0,-9999.0,-9999.0,-9999.0,16.56,340,0,-9999.0,55.0,66.2,55.9
20241023-0100,Mountain View Moffett Field Naval Air Station,"Mountain View, California, US",18.0,11.0,-9999.0,-9999.0,-9999.0,11.16,340,0,-9999.0,65.0,64.4,63.6
20241023-0200,Mountain View Moffett Field Naval Air Station,"Mountain View, California, US",16.0,12.0,-9999.0,-9999.0,-9999.0,9.360000000000001,330,0,-9999.0,80.0,60.8,77.1
20241023-0300,Mountain View Moffett Field Naval Air Station,"Mountain View, California, US",16.0,12.0,-9999.0,-9999.0,-9999.0,14.76,340,0,-9999.0,80.0,60.8,77.1
20241023-0400,Mountain View Moffett Field Naval Air Station,"Mountain View, California, US",15.0,10.0,-9999.0,-9999.0,-9999.0,0.0,0,0,-9999.0,75.0,59.0,72.0
20241023-0500,Mountain View Moffett Field Naval Air Station,"Mountain View, California, US",14.0,10.0,-9999.0,-9999.0,-9999.0,0.0,0,0,-9999.0,80.0,57.2,76.8
20241023-0600,Mountain View Moffett Field Naval Air Station,"Mountain View, California, US",13.0,10.0,-9999.0,-9999.0,-9999.0,0.0,0,0,-9999.0,85.0,55.4,82.0
20241023-0700,Mountain View Moffett Field Naval Air Station,"Mountain View, California, US",12.0,10.0,-9999.0,-9999.0,-9999.0,0.0,0,0,-9999.0,90.0,53.6,87.6
20241023-0800,Mountain View Moffett Field Naval Air Station,"Mountain View, California, US",12.0,10.0,-9999.0,-9999.0,-9999.0,5.4,220,0,-9999.0,90.0,53.6,87.6
20241023-0900,Mountain View Moffett Field Naval Air Station,"Mountain View, California, US",11.0,9.0,-9999.0,-9999.0,-9999.0,0.0,0,0,-9999.0,90.0,51.8,87.5
20241023-1000,Mountain View Moffett Field Naval Air Station,"Mountain View, California, US",11.0,9.0,-9999.0,-9999.0,-9999.0,0.0,0,0,-9999.0,90.0,51.8,87.5
20241023-1100,Mountain View Moffett Field Naval Air Station,"Mountain View, California, US",10.0,7.0,-9999.0,-9999.0,-9999.0,0.0,0,0,-9999.0,85.0,50.0,81.6
20241023-1200,Mountain View Moffett Field Naval Air Station,"Mountain View, California, US",10.0,7.0,-9999.0,-9999.0,-9999.0,0.0,0,0,-9999.0,85.0,50.0,81.6
20241023-1300,Mountain View Moffett Field Naval Air Station,"Mountain View, California, US",10.0,7.0,-9999.0,-9999.0,-9999.0,0.0,0,0,-9999.0,85.0,50.0,81.6
20241023-1400,Mountain View Moffett Field Naval Air Station,"Mountain View, California, US",9.0,7.0,-9999.0,-9999.0,-9999.0,0.0,0,50,-9999.0,90.0,48.2,87.3
20241023-1500,Mountain View Moffett Field Naval Air Station,"Mountain View, California, US",10.0,6.0,-9999.0,-9999.0,-9999.0,0.0,0,0,-9999.0,80.0,50.0,76.2
20241023-1600,Mountain View Moffett Field Naval Air Station,"Mountain View, California, US",12.0,7.0,-9999.0,-9999.0,-9999.0,0.0,0,0,-9999.0,75.0,53.6,71.5
20241023-1700,Mountain View Moffett Field Naval Air Station,"Mountain View, California, US",15.0,8.0,-9999.0,-9999.0,-9999.0,0.0,0,0,-9999.0,65.0,59.0,62.9
20241023-1800,Mountain View Moffett Field Naval Air Station,"Mountain View, California, US",17.0,9.0,-9999.0,-9999.0,-9999.0,0.0,0,0,-9999.0,60.0,62.6,59.3
20241023-1900,Mountain View Moffett Field Naval Air Station,"Mountain View, California, US",18.0,9.0,-9999.0,-9999.0,-9999.0,9.360000000000001,350,0,-9999.0,55.0,64.4,55.6
20241023-2000,Mountain View Moffett Field Naval Air Station,"Mountain View, California, US",20.0,8.0,-9999.0,-9999.0,-9999.0,12.959999999999999,350,0,-9999.0,40.0,68.0,45.9
20241023-2100,Mountain View Moffett Field Naval Air Station,"Mountain View, California, US",21.0,9.0,-9999.0,-9999.0,-9999.0,12.959999999999999,350,0,-9999.0,40.0,69.8,46.2
20241023-2200,Mountain View Moffett Field Naval Air Station,"Mountain View, California, US",23.0,11.0,-9999.0,-9999.0,-9999.0,12.959999999999999,360,0,-9999.0,40.0,73.4,46.7
20241023-2300,Mountain View Moffett Field Naval Air Station,"Mountain View, California, US",24.0,7.0,-9999.0,-9999.0,-9999.0,14.76,350,0,-9999.0,15.0,75.2,33.6
20241024-0000,Mountain View Moffett Field Naval Air Station,"Mountain View, California, US",22.0,11.0,-9999.0,-9999.0,-9999.0,16.56,350,0,-9999.0,45.0,71.6,49.6
20241024-0100,Mountain View Moffett Field Naval Air Station,"Mountain View, California, US",21.0,7.0,-9999.0,-9999.0,-9999.0,11.16,360,0,-9999.0,30.0,69.8,40.3
20241024-0200,Mountain View Moffett Field Naval Air Station,"Mountain View, California, US",18.0,11.0,-9999.0,-9999.0,-9999.0,11.16,10,0,-9999.0,65.0,64.4,63.6
20241024-0300,Mountain View Moffett Field Naval Air Station,"Mountain View, California, US",18.0,9.0,-9999.0,-9999.0,-9999.0,5.4,310,0,-9999.0,55.0,64.4,55.6
20241024-0400,Mountain View Moffett Field Naval Air Station,"Mountain View, California, US",16.0,9.0,-9999.0,-9999.0,-9999.0,0.0,0,0,-9999.0,65.0,60.8,63.1
20241024-0500,Mountain View Moffett Field Naval Air Station,"Mountain View, California, US",16.0,9.0,-9999.0,-9999.0,-9999.0,0.0,0,0,-9999.0,65.0,60.8,63.1
20241024-0600,Mountain View Moffett Field Naval Air Station,"Mountain View, California, US",15.0,9.0,-9999.0,-9999.0,-9999.0,0.0,0,0,-9999.0,70.0,59.0,67.3
20241024-0700,Mountain View Moffett Field Naval Air Station,"Mountain View, California, US",14.0,10.0,-9999.0,-9999.0,-9999.0,0.0,0,0,-9999.0,80.0,57.2,76.8
20241024-0800,Mountain View Moffett Field Naval Air Station,"Mountain View, California, US",12.0,9.0,-9999.0,-9999.0,-9999.0,0.0,0,0,-9999.0,85.0,53.6,81.9
20241024-0900,Mountain View Moffett Field Naval Air Station,"Mountain View, California, US",13.0,8.0,-9999.0,-9999.0,-9999.0,5.4,240,0,-9999.0,75.0,55.4,71.6
20241024-1000,Mountain View Moffett Field Naval Air Station,"Mountain View, California, US",12.0,7.0,-9999.0,-9999.0,-9999.0,0.0,0,0,-9999.0,75.0,53.6,71.5
20241024-1100,Mountain View Moffett Field Naval Air Station,"Mountain View, California, US",13.0,6.0,-9999.0,-9999.0,-9999.0,5.4,240,0,-9999.0,65.0,55.4,62.5
20241024-1200,Mountain View Moffett Field Naval Air Station,"Mountain View, California, US",12.0,6.0,-9999.0,-9999.0,-9999.0,9.360000000000001,280,0,-9999.0,70.0,53.6,66.7
20241024-1300,Mountain View Moffett Field Naval Air Station,"Mountain View, California, US",14.0,2.0,-9999.0,-9999.0,-9999.0,0.0,0,0,-9999.0,40.0,57.2,44.2
20241024-1400,Mountain View Moffett Field Naval Air Station,"Mountain View, California, US",13.0,3.0,-9999.0,-9999.0,-9999.0,7.5600000000000005,240,0,-9999.0,50.0,55.4,50.6
20241024-1500,Mountain View Moffett Field Naval Air Station,"Mountain View, California, US",13.0,4.0,-9999.0,-9999.0,-9999.0,7.5600000000000005,290,0,-9999.0,55.0,55.4,54.3
20241024-1600,Mountain View Moffett Field Naval Air Station,"Mountain View, California, US",16.0,5.0,-9999.0,-9999.0,-9999.0,7.5600000000000005,320,0,-9999.0,45.0,60.8,48.0
20241024-1700,Mountain View Moffett Field Naval Air Station,"Mountain View, California, US",17.0,5.0,-9999.0,-9999.0,-9999.0,5.4,10,0,-9999.0,40.0,62.6,45.0
20241024-1800,Mountain View Moffett Field Naval Air Station,"Mountain View, California, US",19.0,2.0,-9999.0,-9999.0,-9999.0,7.5600000000000005,360,0,-9999.0,15.0,66.2,32.1
20241024-1900,Mountain View Moffett Field Naval Air Station,"Mountain View, California, US",21.0,-2.0,-9999.0,-9999.0,-9999.0,22.32,20,0,-9999.0,-15.0,69.8,21.2
20241024-2000,Mountain View Moffett Field Naval Air Station,"Mountain View, California, US",22.0,-3.0,-9999.0,-9999.0,-9999.0,9.360000000000001,-9999,0,-9999.0,-25.0,71.6,18.6
20241024-2100,Mountain View Moffett Field Naval Air Station,"Mountain View, California, US",23.0,-2.0,-9999.0,-9999.0,-9999.0,5.4,-9999,0,-9999.0,-25.0,73.4,18.8
20241024-2200,Mountain View Moffett Field Naval Air Station,"Mountain View, California, US",23.0,0.0,-9999.0,-9999.0,-9999.0,9.360000000000001,320,0,-9999.0,-15.0,73.4,21.8
20241024-2300,Mountain View Moffett Field Naval Air Station,"Mountain View, California, US",24.0,1.0,-9999.0,-9999.0,-9999.0,14.76,350,0,-9999.0,-15.0,75.2,22.0
20241025-0000,Mountain View Moffett Field Naval Air Station,"Mountain View, California, US",23.0,2.0,-9999.0,-9999.0,-9999.0,11.16,340,0,-9999.0,-5.0,73.4,25.1
20241025-0100,Mountain View Moffett Field Naval Air Station,"Mountain View, California, US",22.0,1.0,-9999.0,-9999.0,-9999.0,11.16,320,0,-9999.0,-5.0,71.6,24.9
20241025-0200,Mountain View Moffett Field Naval Air Station,"Mountain View, California, US",19.0,7.0,-9999.0,-9999.0,-9999.0,7.5600000000000005,310,0,-9999.0,40.0,66.2,45.6
20241025-0300,Mountain View Moffett Field Naval Air Station,"Mountain View, California, US",18.0,6.0,-9999.0,-9999.0,-9999.0,7.5600000000000005,290,0,-9999.0,40.0,64.4,45.3
20241025-0400,Mountain View Moffett Field Naval Air Station,"Mountain View, California, US",17.0,4.0,-9999.0,-9999.0,-9999.0,0.0,0,0,-9999.0,35.0,62.6,42.0
20241025-0500,Mountain View Moffett Field Naval Air Station,"Mountain View, California, US",15.0,3.0,-9999.0,-9999.0,-9999.0,0.0,0,0,-9999.0,40.0,59.0,44.5
20241025-0600,Mountain View Moffett Field Naval Air Station,"Mountain View, California, US",15.0,4.0,-9999.0,-9999.0,-9999.0,0.0,0,0,-9999.0,45.0,59.0,47.7
20241025-0700,Mountain View Moffett Field Naval Air Station,"Mountain View, California, US",14.0,3.0,-9999.0,-9999.0,-9999.0,0.0,0,0,-9999.0,45.0,57.2,47.4
20241025-0800,Mountain View Moffett Field Naval Air Station,"Mountain View, California, US",12.0,3.0,-9999.0,-9999.0,-9999.0,0.0,0,0,-9999.0,55.0,53.6,54.1
20241025-0900,Mountain View Moffett Field Naval Air Station,"Mountain View, California, US",12.0,3.0,-9999.0,-9999.0,-9999.0,0.0,0,0,-9999.0,55.0,53.6,54.1
20241025-1000,Mountain View Moffett Field Naval Air Station,"Mountain View, California, US",11.0,3.0,-9999.0,-9999.0,-9999.0,0.0,0,0,-9999.0,60.0,51.8,57.8
20241025-1100,Mountain View Moffett Field Naval Air Station,"Mountain View, California, US",11.0,4.0,-9999.0,-9999.0,-9999.0,5.4,230,0,-9999.0,65.0,51.8,62.0
20241025-1200,Mountain View Moffett Field Naval Air Station,"Mountain View, California, US",10.0,4.0,-9999.0,-9999.0,-9999.0,0.0,0,0,-9999.0,70.0,50.0,66.3
20241025-1300,Mountain View Moffett Field Naval Air Station,"Mountain View, California, US",11.0,4.0,-9999.0,-9999.0,-9999.0,0.0,0,0,-9999.0,65.0,51.8,62.0
20241025-1400,Mountain View Moffett Field Naval Air Station,"Mountain View, California, US",10.0,4.0,-9999.0,-9999.0,-9999.0,0.0,0,0,-9999.0,70.0,50.0,66.3
20241025-1500,Mountain View Moffett Field Naval Air Station,"Mountain View, California, US",11.0,4.0,-9999.0,-9999.0,-9999.0,0.0,0,0,-9999.0,65.0,51.8,62.0
20241025-1600,Mountain View Moffett Field Naval Air Station,"Mountain View, California, US",13.0,5.0,-9999.0,-9999.0,-9999.0,0.0,0,0,-9999.0,60.0,55.4,58.3
20241025-1700,Mountain View Moffett Field Naval Air Station,"Mountain View, California, US",15.0,6.0,-9999.0,-9999.0,-9999.0,0.0,0,0,-9999.0,55.0,59.0,54.9
20241025-1800,Mountain View Moffett Field Naval Air Station,"Mountain View, California, US",16.0,9.0,-9999.0,-9999.0,-9999.0,0.0,0,0,-9999.0,65.0,60.8,63.1
20241025-1900,Mountain View Moffett Field Naval Air Station,"Mountain View, California, US",19.0,7.0,-9999.0,-9999.0,-9999.0,0.0,0,0,-9999.0,40.0,66.2,45.6
20241025-2000,Mountain View Moffett Field Naval Air Station,"Mountain View, California, US",20.0,8.0,-9999.0,-9999.0,-9999.0,9.360000000000001,20,0,-9999.0,40.0,68.0,45.9
20241025-2100,Mountain View Moffett Field Naval Air Station,"Mountain View, California, US",22.0,4.0,-9999.0,-9999.0,-9999.0,9.360000000000001,20,0,-9999.0,10.0,71.6,30.8
20241025-2200,Mountain View Moffett Field Naval Air Station,"Mountain View, California, US",23.0,4.0,-9999.0,-9999.0,-9999.0,12.959999999999999,350,0,-9999.0,5.0,73.4,29.0
20241025-2300,Mountain View Moffett Field Naval Air Station,"Mountain View, California, US",23.0,4.0,-9999.0,-9999.0,-9999.0,9.360000000000001,330,0,-9999.0,5.0,73.4,29.0
20241026-0000,Mountain View Moffett Field Naval Air Station,"Mountain View, California, US",23.0,5.0,-9999.0,-9999.0,-9999.0,12.959999999999999,330,0,-9999.0,10.0,73.4,31.1
20241026-0100,Mountain View Moffett Field Naval Air Station,"Mountain View, California, US",21.0,6.0,-9999.0,-9999.0,-9999.0,7.5600000000000005,320,0,-9999.0,25.0,69.8,37.6
20241026-0200,Mountain View Moffett Field Naval Air Station,"Mountain View, California, US",19.0,9.0,-9999.0,-9999.0,-9999.0,0.0,0,-9999,-9999.0,50.0,66.2,52.2
20241026-0300,Mountain View Moffett Field Naval Air Station,"Mountain View, California, US",18.0,10.0,-9999.0,-9999.0,-9999.0,0.0,0,-9999,-9999.0,60.0,64.4,59.5
20241026-0400,Mountain View Moffett Field Naval Air Station,"Mountain View, California, US",16.0,10.0,-9999.0,-9999.0,-9999.0,5.4,10,-9999,-9999.0,70.0,60.8,67.5
20241026-0500,Mountain View Moffett Field Naval Air Station,"Mountain View, California, US",15.0,9.0,-9999.0,-9999.0,-9999.0,0.0,0,-9999,-9999.0,70.0,59.0,67.3
20241026-0600,Mountain View Moffett Field Naval Air Station,"Mountain View, California, US",15.0,10.0,-9999.0,-9999.0,-9999.0,0.0,0,0,-9999.0,75.0,59.0,72.0
20241026-0700,Mountain View Moffett Field Naval Air Station,"Mountain View, California, US",14.0,9.0,-9999.0,-9999.0,-9999.0,5.4,220,0,-9999.0,75.0,57.2,71.8
20241026-0800,Mountain View Moffett Field Naval Air Station,"Mountain View, California, US",12.0,8.0,-9999.0,-9999.0,-9999.0,0.0,0,0,-9999.0,80.0,53.6,76.5
20241026-0900,Mountain View Moffett Field Naval Air Station,"Mountain View, California, US",12.0,7.0,-9999.0,-9999.0,-9999.0,0.0,0,0,-9999.0,75.0,53.6,71.5
20241026-1000,Mountain View Moffett Field Naval Air Station,"Mountain View, California, US",11.0,7.0,-9999.0,-9999.0,-9999.0,0.0,0,0,-9999.0,80.0,51.8,76.3
20241026-1100,Mountain View Moffett Field Naval Air Station,"Mountain View, California, US",11.0,7.0,-9999.0,-9999.0,-9999.0,0.0,0,0,-9999.0,80.0,51.8,76.3
20241026-1200,Mountain View Moffett Field Naval Air Station,"Mountain View, California, US",10.0,6.0,-9999.0,-9999.0,-9999.0,0.0,0,0,-9999.0,80.0,50.0,76.2
20241026-1300,Mountain View Moffett Field Naval Air Station,"Mountain View, California, US",10.0,6.0,-9999.0,-9999.0,-9999.0,0.0,0,0,-9999.0,80.0,50.0,76.2
20241026-1400,Mountain View Moffett Field Naval Air Station,"Mountain View, California, US",9.0,6.0,-9999.0,-9999.0,-9999.0,0.0,0,0,-9999.0,85.0,48.2,81.5
20241026-1500,Mountain View Moffett Field Naval Air Station,"Mountain View, California, US",10.0,5.0,-9999.0,-9999.0,-9999.0,0.0,0,0,-9999.0,75.0,50.0,71.1
20241026-1600,Mountain View Moffett Field Naval Air Station,"Mountain View, California, US",12.0,6.0,-9999.0,-9999.0,-9999.0,0.0,0,0,-9999.0,70.0,53.6,66.7
20241026-1700,Mountain View Moffett Field Naval Air Station,"Mountain View, California, US",15.0,7.0,-9999.0,-9999.0,-9999.0,0.0,0,0,-9999.0,60.0,59.0,58.8
20241026-1800,Mountain View Moffett Field Naval Air Station,"Mountain View, California, US",18.0,8.0,-9999.0,-9999.0,-9999.0,0.0,0,0,-9999.0,50.0,64.4,52.0
20241026-1900,Mountain View Moffett Field Naval Air Station,"Mountain View, California, US",20.0,7.0,-9999.0,-9999.0,-9999.0,0.0,0,0,-9999.0,35.0,68.0,42.9
20241026-2000,Mountain View Moffett Field Naval Air Station,"Mountain View, California, US",21.0,6.0,-9999.0,-9999.0,-9999.0,0.0,0,0,-9999.0,25.0,69.8,37.6
20241026-2100,Mountain View Moffett Field Naval Air Station,"Mountain View, California, US",22.0,5.0,-9999.0,-9999.0,-9999.0,9.360000000000001,350,-9999,-9999.0,15.0,71.6,33.0
20241026-2200,Mountain View Moffett Field Naval Air Station,"Mountain View, California, US",23.0,-1.0,-9999.0,-9999.0,-9999.0,7.5600000000000005,20,0,-9999.0,-20.0,73.4,20.2
20241026-2300,Mountain View Moffett Field Naval Air Station,"Mountain View, California, US",24.0,3.0,-9999.0,-9999.0,-9999.0,7.5600000000000005,360,0,-9999.0,-5.0,75.2,25.4
20241027-0000,Mountain View Moffett Field Naval Air Station,"Mountain View, California, US",23.0,1.0,-9999.0,-9999.0,-9999.0,9.360000000000001,310,0,-9999.0,-10.0,73.4,23.4
20241027-0100,Mountain View Moffett Field Naval Air Station,"Mountain View, California, US",21.0,2.0,-9999.0,-9999.0,-9999.0,9.360000000000001,310,0,-9999.0,5.0,69.8,28.4
20241027-0200,Mountain View Moffett Field Naval Air Station,"Mountain View, California, US",19.0,12.0,-9999.0,-9999.0,-9999.0,14.76,340,0,-9999.0,65.0,66.2,63.8
20241027-0300,Mountain View Moffett Field Naval Air Station,"Mountain View, California, US",18.0,15.0,-9999.0,-9999.0,-9999.0,11.16,350,25,-9999.0,85.0,64.4,82.6
20241027-0400,Mountain View Moffett Field Naval Air Station,"Mountain View, California, US",18.0,15.0,-9999.0,-9999.0,-9999.0,12.959999999999999,360,-9999,-9999.0,85.0,64.4,82.6
20241027-0500,Mountain View Moffett Field Naval Air Station,"Mountain View, California, US",17.0,14.0,-9999.0,-9999.0,-9999.0,0.0,0,-9999,-9999.0,85.0,62.6,82.5
20241027-0600,Mountain View Moffett Field Naval Air Station,"Mountain View, California, US",16.0,13.0,-9999.0,-9999.0,-9999.0,0.0,0,-9999,-9999.0,85.0,60.8,82.4
20241027-0700,Mountain View Moffett Field Naval Air Station,"Mountain View, California, US",16.0,14.0,-9999.0,-9999.0,-9999.0,5.4,330,-9999,-9999.0,90.0,60.8,87.9
20241027-0800,Mountain View Moffett Field Naval Air Station,"Mountain View, California, US",16.0,15.0,-9999.0,-9999.0,-9999.0,0.0,0,0,-9999.0,95.0,60.8,93.8
20241027-0900,Mountain View Moffett Field Naval Air Station,"Mountain View, California, US",15.0,14.0,-9999.0,-9999.0,-9999.0,0.0,0,-9999,-9999.0,95.0,59.0,93.7
20241027-1000,Mountain View Moffett Field Naval Air Station,"Mountain View, California, US",16.0,14.0,-9999.0,-9999.0,-9999.0,0.0,0,-9999,-9999.0,90.0,60.8,87.9
20241027-1100,Mountain View Moffett Field Naval Air Station,"Mountain View, California, US",16.0,15.0,-9999.0,-9999.0,-9999.0,0.0,0,-9999,-9999.0,95.0,60.8,93.8
20241027-1200,Mountain View Moffett Field Naval Air Station,"Mountain View, California, US",16.0,15.0,-9999.0,-9999.0,-9999.0,0.0,0,-9999,-9999.0,95.0,60.8,93.8
20241027-1300,Mountain View Moffett Field Naval Air Station,"Mountain View, California, US",16.0,14.0,-9999.0,-9999.0,-9999.0,0.0,0,-9999,-9999.0,90.0,60.8,87.9
20241027-1400,Mountain View Moffett Field Naval Air Station,"Mountain View, California, US",16.0,14.0,-9999.0,-9999.0,-9999.0,0.0,0,-9999,-9999.0,90.0,60.8,87.9
20241027-1500,Mountain View Moffett Field Naval Air Station,"Mountain View, California, US",16.0,14.0,-9999.0,-9999.0,-9999.0,0.0,0,-9999,-9999.0,90.0,60.8,87.9
20241027-1600,Mountain View Moffett Field Naval Air Station,"Mountain View, California, US",16.0,14.0,-9999.0,-9999.0,-9999.0,0.0,0,-9999,-9999.0,90.0,60.8,87.9
20241027-1700,Mountain View Moffett Field Naval Air Station,"Mountain View, California, US",17.0,14.0,-9999.0,-9999.0,-9999.0,0.0,0,-9999,-9999.0,85.0,62.6,82.5
20241027-1800,Mountain View Moffett Field Naval Air Station,"Mountain View, California, US",19.0,15.0,-9999.0,-9999.0,-9999.0,0.0,0,0,-9999.0,80.0,66.2,77.6
20241027-1900,Mountain View Moffett Field Naval Air Station,"Mountain View, California, US",19.0,15.0,-9999.0,-9999.0,-9999.0,11.16,-9999,0,-9999.0,80.0,66.2,77.6
20241027-2000,Mountain View Moffett Field Naval Air Station,"Mountain View, California, US",20.0,15.0,-9999.0,-9999.0,-9999.0,12.959999999999999,360,0,-9999.0,75.0,68.0,72.9
20241027-2100,Mountain View Moffett Field Naval Air Station,"Mountain View, California, US",21.0,16.0,-9999.0,-9999.0,-9999.0,16.56,320,0,-9999.0,75.0,69.8,73.1
20241027-2200,Mountain View Moffett Field Naval Air Station,"Mountain View, California, US",20.0,16.0,-9999.0,-9999.0,-9999.0,24.12,350,25,-9999.0,80.0,68.0,77.7
20241027-2300,Mountain View Moffett Field Naval Air Station,"Mountain View, California, US",20.0,16.0,-9999.0,-9999.0,-9999.0,29.52,350,0,-9999.0,80.0,68.0,77.7
20241028-0000,Mountain View Moffett Field Naval Air Station,"Mountain View, California, US",19.0,15.0,-9999.0,-9999.0,-9999.0,18.36,340,0,-9999.0,80.0,66.2,77.6
20241028-0100,Mountain View Moffett Field Naval Air Station,"Mountain View, California, US",18.0,15.0,-9999.0,-9999.0,-9999.0,20.520000000000003,340,-9999,-9999.0,85.0,64.4,82.6
20241028-0200,Mountain View Moffett Field Naval Air Station,"Mountain View, California, US",18.0,15.0,-9999.0,-9999.0,-9999.0,12.959999999999999,330,-9999,-9999.0,85.0,64.4,82.6
20241028-0300,Mountain View Moffett Field Naval Air Station,"Mountain View, California, US",18.0,14.0,-9999.0,-9999.0,-9999.0,12.959999999999999,340,-9999,-9999.0,80.0,64.4,77.4
20241028-0400,Mountain View Moffett Field Naval Air Station,"Mountain View, California, US",17.0,15.0,-9999.0,-9999.0,-9999.0,12.959999999999999,330,-9999,-9999.0,90.0,62.6,88.0
20241028-0500,Mountain View Moffett Field Naval Air Station,"Mountain View, California, US",17.0,13.0,-9999.0,-9999.0,-9999.0,16.56,340,-9999,-9999.0,80.0,62.6,77.3
20241028-0600,Mountain View Moffett Field Naval Air Station,"Mountain View, California, US",16.0,12.0,-9999.0,-9999.0,-9999.0,9.360000000000001,330,-9999,-9999.0,80.0,60.8,77.1
20241028-0700,Mountain View Moffett Field Naval Air Station,"Mountain View, California, US",15.0,9.0,-9999.0,-9999.0,-9999.0,7.5600000000000005,300,-9999,-9999.0,70.0,59.0,67.3
20241028-0800,Mountain View Moffett Field Naval Air Station,"Mountain View, California, US",15.0,8.0,-9999.0,-9999.0,-9999.0,11.16,270,-9999,-9999.0,65.0,59.0,62.9
20241028-0900,Mountain View Moffett Field Naval Air Station,"Mountain View, California, US",15.0,9.0,-9999.0,-9999.0,-9999.0,9.360000000000001,-9999,-9999,-9999.0,70.0,59.0,67.3
20241028-1000,Mountain View Moffett Field Naval Air Station,"Mountain View, California, US",13.0,9.0,-9999.0,-9999.0,-9999.0,0.0,0,0,-9999.0,80.0,55.4,76.7
20241028-1100,Mountain View Moffett Field Naval Air Station,"Mountain View, California, US",13.0,9.0,-9999.0,-9999.0,-9999.0,5.4,280,25,-9999.0,80.0,55.4,76.7
20241028-1200,Mountain View Moffett Field Naval Air Station,"Mountain View, California, US",13.0,10.0,-9999.0,-9999.0,-9999.0,0.0,0,-9999,-9999.0,85.0,55.4,82.0
20241028-1300,Mountain View Moffett Field Naval Air Station,"Mountain View, California, US",13.0,10.0,-9999.0,-9999.0,-9999.0,0.0,0,-9999,-9999.0,85.0,55.4,82.0
20241028-1400,Mountain View Moffett Field Naval Air Station,"Mountain View, California, US",13.0,9.0,-9999.0,-9999.0,-9999.0,0.0,0,0,-9999.0,80.0,55.4,76.7
20241028-1500,Mountain View Moffett Field Naval Air Station,"Mountain View, California, US",13.0,10.0,-9999.0,-9999.0,-9999.0,0.0,0,25,-9999.0,85.0,55.4,82.0
20241028-1600,Mountain View Moffett Field Naval Air Station,"Mountain View, California, US",15.0,10.0,-9999.0,-9999.0,-9999.0,5.4,290,0,-9999.0,75.0,59.0,72.0
20241028-1700,Mountain View Moffett Field Naval Air Station,"Mountain View, California, US",16.0,11.0,-9999.0,-9999.0,-9999.0,12.959999999999999,310,50,-9999.0,75.0,60.8,72.2
20241028-1800,Mountain View Moffett Field Naval Air Station,"Mountain View, California, US",17.0,9.0,-9999.0,-9999.0,-9999.0,11.16,330,25,-9999.0,60.0,62.6,59.3
20241028-1900,Mountain View Moffett Field Naval Air Station,"Mountain View, California, US",17.0,10.0,-9999.0,-9999.0,-9999.0,22.32,350,-9999,-9999.0,65.0,62.6,63.4
20241028-2000,Mountain View Moffett Field Naval Air Station,"Mountain View, California, US",17.0,10.0,-9999.0,-9999.0,-9999.0,22.32,340,-9999,-9999.0,65.0,62.6,63.4
20241028-2100,Mountain View Moffett Field Naval Air Station,"Mountain View, California, US",17.0,8.0,-9999.0,-9999.0,-9999.0,16.56,330,-9999,-9999.0,55.0,62.6,55.4
20241028-2200,Mountain View Moffett Field Naval Air Station,"Mountain View, California, US",19.0,7.0,-9999.0,-9999.0,-9999.0,18.36,280,-9999,-9999.0,40.0,66.2,45.6
20241028-2300,Mountain View Moffett Field Naval Air Station,"Mountain View, California, US",18.0,8.0,-9999.0,-9999.0,-9999.0,24.12,280,0,-9999.0,50.0,64.4,52.0
20241029-0000,Mountain View Moffett Field Naval Air Station,"Mountain View, California, US",17.0,8.0,-9999.0,-9999.0,-9999.0,18.36,280,50,-9999.0,55.0,62.6,55.4
20241029-0100,Mountain View Moffett Field Naval Air Station,"Mountain View, California, US",16.0,8.0,-9999.0,-9999.0,-9999.0,16.56,290,25,-9999.0,60.0,60.8,59.0
20241029-0200,Mountain View Moffett Field Naval Air Station,"Mountain View, California, US",15.0,8.0,-9999.0,-9999.0,-9999.0,14.76,290,0,-9999.0,65.0,59.0,62.9
20241029-0300,Mountain View Moffett Field Naval Air Station,"Mountain View, California, US",14.0,8.0,-9999.0,-9999.0,-9999.0,7.5600000000000005,-9999,25,-9999.0,70.0,57.2,67.1
20241029-0400,Mountain View Moffett Field Naval Air Station,"Mountain View, California, US",13.0,7.0,-9999.0,-9999.0,-9999.0,9.360000000000001,280,0,-9999.0,70.0,55.4,66.9
20241029-0500,Mountain View Moffett Field Naval Air Station,"Mountain View, California, US",13.0,8.0,-9999.0,-9999.0,-9999.0,7.5600000000000005,-9999,0,-9999.0,75.0,55.4,71.6
20241029-0600,Mountain View Moffett Field Naval Air Station,"Mountain View, California, US",13.0,8.0,-9999.0,-9999.0,-9999.0,9.360000000000001,290,0,-9999.0,75.0,55.4,71.6
20241029-0700,Mountain View Moffett Field Naval Air Station,"Mountain View, California, US",12.0,7.0,-9999.0,-9999.0,-9999.0,7.5600000000000005,260,50,-9999.0,75.0,53.6,71.5
20241029-0800,Mountain View Moffett Field Naval Air Station,"Mountain View, California, US",12.0,8.0,-9999.0,-9999.0,-9999.0,9.360000000000001,-9999,25,-9999.0,80.0,53.6,76.5
20241029-0900,Mountain View Moffett Field Naval Air Station,"Mountain View, California, US",12.0,7.0,-9999.0,-9999.0,-9999.0,7.5600000000000005,280,0,-9999.0,75.0,53.6,71.5
20241029-1000,Mountain View Moffett Field Naval Air Station,"Mountain View, California, US",11.0,7.0,-9999.0,-9999.0,-9999.0,5.4,260,-9999,-9999.0,80.0,51.8,76.3
20241029-1100,Mountain View Moffett Field Naval Air Station,"Mountain View, California, US",10.0,6.0,-9999.0,-9999.0,-9999.0,0.0,0,-9999,-9999.0,80.0,50.0,76.2
20241029-1200,Mountain View Moffett Field Naval Air Station,"Mountain View, California, US",10.0,6.0,-9999.0,-9999.0,-9999.0,0.0,0,0,-9999.0,80.0,50.0,76.2
20241029-1300,Mountain View Moffett Field Naval Air Station,"Mountain View, California, US",9.0,6.0,-9999.0,-9999.0,-9999.0,0.0,0,0,-9999.0,85.0,48.2,81.5
20241029-1400,Mountain View Moffett Field Naval Air Station,"Mountain View, California, US",8.0,6.0,-9999.0,-9999.0,-9999.0,0.0,0,0,-9999.0,90.0,46.4,87.2
20241029-1500,Mountain View Moffett Field Naval Air Station,"Mountain View, California, US",9.0,6.0,-9999.0,-9999.0,-9999.0,0.0,0,0,-9999.0,85.0,48.2,81.5
20241029-1600,Mountain View Moffett Field Naval Air Station,"Mountain View, California, US",12.0,7.0,-9999.0,-9999.0,-9999.0,0.0,0,0,-9999.0,75.0,53.6,71.5
20241029-1700,Mountain View Moffett Field Naval Air Station,"Mountain View, California, US",13.0,7.0,-9999.0,-9999.0,-9999.0,0.0,0,0,-9999.0,70.0,55.4,66.9
20241029-1800,Mountain View Moffett Field Naval Air Station,"Mountain View, California, US",14.0,8.0,-9999.0,-9999.0,-9999.0,7.5600000000000005,-9999,0,-9999.0,70.0,57.2,67.1
20241029-1900,Mountain View Moffett Field Naval Air Station,"Mountain View, California, US",16.0,8.0,-9999.0,-9999.0,-9999.0,9.360000000000001,350,0,-9999.0,60.0,60.8,59.0
20241029-2000,Mountain View Moffett Field Naval Air Station,"Mountain View, California, US",18.0,3.0,-9999.0,-9999.0,-9999.0,12.959999999999999,350,0,-9999.0,25.0,64.4,36.7
20241029-2100,Mountain View Moffett Field Naval Air Station,"Mountain View, California, US",18.0,4.0,-9999.0,-9999.0,-9999.0,16.56,350,0,-9999.0,30.0,64.4,39.4
20241029-2200,Mountain View Moffett Field Naval Air Station,"Mountain View, California, US",18.0,4.0,-9999.0,-9999.0,-9999.0,20.520000000000003,340,0,-9999.0,30.0,64.4,39.4
20241029-2300,Mountain View Moffett Field Naval Air Station,"Mountain View, California, US",19.0,5.0,-9999.0,-9999.0,-9999.0,16.56,360,0,-9999.0,30.0,66.2,39.7
20241030-0000,Mountain View Moffett Field Naval Air Station,"Mountain View, California, US",18.0,3.0,-9999.0,-9999.0,-9999.0,12.959999999999999,340,0,-9999.0,25.0,64.4,36.7
20241030-0100,Mountain View Moffett Field Naval Air Station,"Mountain View, California, US",16.0,6.0,-9999.0,-9999.0,-9999.0,9.360000000000001,20,0,-9999.0,50.0,60.8,51.5
20241030-0200,Mountain View Moffett Field Naval Air Station,"Mountain View, California, US",15.0,10.0,-9999.0,-9999.0,-9999.0,0.0,0,0,-9999.0,75.0,59.0,72.0
20241030-0300,Mountain View Moffett Field Naval Air Station,"Mountain View, California, US",14.0,7.0,-9999.0,-9999.0,-9999.0,9.360000000000001,330,0,-9999.0,65.0,57.2,62.7
20241030-0400,Mountain View Moffett Field Naval Air Station,"Mountain View, California, US",13.0,7.0,-9999.0,-9999.0,-9999.0,0.0,0,0,-9999.0,70.0,55.4,66.9
20241030-0500,Mountain View Moffett Field Naval Air Station,"Mountain View, California, US",11.0,6.0,-9999.0,-9999.0,-9999.0,5.4,50,0,-9999.0,75.0,51.8,71.3
20241030-0600,Mountain View Moffett Field Naval Air Station,"Mountain View, California, US",12.0,7.0,-9999.0,-9999.0,-9999.0,0.0,0,0,-9999.0,75.0,53.6,71.5
20241030-0700,Mountain View Moffett Field Naval Air Station,"Mountain View, California, US",11.0,7.0,-9999.0,-9999.0,-9999.0,7.5600000000000005,190,0,-9999.0,80.0,51.8,76.3
20241030-0800,Mountain View Moffett Field Naval Air Station,"Mountain View, California, US",10.0,5.0,-9999.0,-9999.0,-9999.0,0.0,0,0,-9999.0,75.0,50.0,71.1
20241030-0900,Mountain View Moffett Field Naval Air Station,"Mountain View, California, US",9.0,4.0,-9999.0,-9999.0,-9999.0,0.0,0,0,-9999.0,75.0,48.2,70.9
20241030-1400,Mountain View Moffett Field Naval Air Station,"Mountain View, California, US",9.0,4.0,-9999.0,-9999.0,-9999.0,0.0,0,0,-9999.0,75.0,48.2,70.9
20241030-1500,Mountain View Moffett Field Naval Air Station,"Mountain View, California, US",9.0,4.0,-9999.0,-9999.0,-9999.0,-9999.0,-9999,0,-9999.0,75.0,48.2,70.9
20241030-1600,Mountain View Moffett Field Naval Air Station,"Mountain View, California, US",11.0,5.0,-9999.0,-9999.0,-9999.0,0.0,0,0,-9999.0,70.0,51.8,66.5
20241030-1700,Mountain View Moffett Field Naval Air Station,"Mountain View, California, US",13.0,7.0,-9999.0,-9999.0,-9999.0,7.5600000000000005,130,0,-9999.0,70.0,55.4,66.9
20241030-1800,Mountain View Moffett Field Naval Air Station,"Mountain View, California, US",15.0,7.0,-9999.0,-9999.0,-9999.0,0.0,0,0,-9999.0,60.0,59.0,58.8
20241030-1900,Mountain View Moffett Field Naval Air Station,"Mountain View, California, US",15.0,8.0,-9999.0,-9999.0,-9999.0,11.16,10,0,-9999.0,65.0,59.0,62.9
20241030-2000,Mountain View Moffett Field Naval Air Station,"Mountain View, California, US",16.0,7.0,-9999.0,-9999.0,-9999.0,9.360000000000001,10,0,-9999.0,55.0,60.8,55.1
20241030-2100,Mountain View Moffett Field Naval Air Station,"Mountain View, California, US",17.0,7.0,-9999.0,-9999.0,-9999.0,14.76,350,0,-9999.0,50.0,62.6,51.7
20241030-2200,Mountain View Moffett Field Naval Air Station,"Mountain View, California, US",18.0,7.0,-9999.0,-9999.0,-9999.0,18.36,350,-9999,-9999.0,45.0,64.4,48.6
20241030-2300,Mountain View Moffett Field Naval Air Station,"Mountain View, California, US",17.0,9.0,-9999.0,-9999.0,-9999.0,24.12,350,0,-9999.0,60.0,62.6,59.3
20241031-0000,Mountain View Moffett Field Naval Air Station,"Mountain View, California, US",16.0,8.0,-9999.0,-9999.0,-9999.0,18.36,340,0,-9999.0,60.0,60.8,59.0
20241031-0100,Mountain View Moffett Field Naval Air Station,"Mountain View, California, US",16.0,7.0,-9999.0,-9999.0,-9999.0,7.5600000000000005,270,0,-9999.0,55.0,60.8,55.1
20241031-0200,Mountain View Moffett Field Naval Air Station,"Mountain View, California, US",15.0,6.0,-9999.0,-9999.0,-9999.0,7.5600000000000005,-9999,-9999,-9999.0,55.0,59.0,54.9
20241031-0300,Mountain View Moffett Field Naval Air Station,"Mountain View, California, US",13.0,5.0,-9999.0,-9999.0,-9999.0,0.0,0,-9999,-9999.0,60.0,55.4,58.3
20241031-0400,Mountain View Moffett Field Naval Air Station,"Mountain View, California, US",13.0,6.0,-9999.0,-9999.0,-9999.0,0.0,0,-9999,-9999.0,65.0,55.4,62.5
20241031-0500,Mountain View Moffett Field Naval Air Station,"Mountain View, California, US",13.0,6.0,-9999.0,-9999.0,-9999.0,11.16,150,50,-9999.0,65.0,55.4,62.5
20241031-0600,Mountain View Moffett Field Naval Air Station,"Mountain View, California, US",13.0,6.0,-9999.0,-9999.0,-9999.0,12.959999999999999,140,50,-9999.0,65.0,55.4,62.5
20241031-0700,Mountain View Moffett Field Naval Air Station,"Mountain View, California, US",13.0,7.0,-9999.0,-9999.0,-9999.0,11.16,150,-9999,-9999.0,70.0,55.4,66.9
20241031-0800,Mountain View Moffett Field Naval Air Station,"Mountain View, California, US",13.0,7.0,-9999.0,-9999.0,-9999.0,16.56,140,-9999,-9999.0,70.0,55.4,66.9
20241031-0900,Mountain View Moffett Field Naval Air Station,"Mountain View, California, US",12.0,9.0,-9999.0,-9999.0,-9999.0,16.56,140,-9999,-9999.0,85.0,53.6,81.9
20241031-1000,Mountain View Moffett Field Naval Air Station,"Mountain View, California, US",13.0,9.0,-9999.0,-9999.0,-9999.0,18.36,140,-9999,-9999.0,80.0,55.4,76.7
20241031-1100,Mountain View Moffett Field Naval Air Station,"Mountain View, California, US",13.0,10.0,-9999.0,-9999.0,-9999.0,9.360000000000001,170,-9999,-9999.0,85.0,55.4,82.0
20241031-1200,Mountain View Moffett Field Naval Air Station,"Mountain View, California, US",13.0,11.0,-9999.0,-9999.0,-9999.0,0.0,0,-9999,-9999.0,90.0,55.4,87.6
20241031-1300,Mountain View Moffett Field Naval Air Station,"Mountain View, California, US",13.0,11.0,-9999.0,-9999.0,-9999.0,0.0,0,-9999,-9999.0,90.0,55.4,87.6
20241031-1400,Mountain View Moffett Field Naval Air Station,"Mountain View, California, US",13.0,9.0,-9999.0,-9999.0,-9999.0,0.0,0,-9999,-9999.0,80.0,55.4,76.7
20241031-1500,Mountain View Moffett Field Naval Air Station,"Mountain View, California, US",12.0,9.0,-9999.0,-9999.0,-9999.0,0.0,0,0,-9999.0,85.0,53.6,81.9
20241031-1600,Mountain View Moffett Field Naval Air Station,"Mountain View, California, US",13.0,8.0,-9999.0,-9999.0,-9999.0,7.5600000000000005,260,0,-9999.0,75.0,55.4,71.6
20241031-1700,Mountain View Moffett Field Naval Air Station,"Mountain View, California, US",15.0,7.0,-9999.0,-9999.0,-9999.0,7.5600000000000005,320,0,-9999.0,60.0,59.0,58.8
20241031-1800,Mountain View Moffett Field Naval Air Station,"Mountain View, California, US",15.0,7.0,-9999.0,-9999.0,-9999.0,12.959999999999999,20,0,-9999.0,60.0,59.0,58.8
20241031-1900,Mountain View Moffett Field Naval Air Station,"Mountain View, California, US",16.0,7.0,-9999.0,-9999.0,-9999.0,14.76,340,0,-9999.0,55.0,60.8,55.1
20241031-2000,Mountain View Moffett Field Naval Air Station,"Mountain View, California, US",16.0,8.0,-9999.0,-9999.0,-9999.0,16.56,340,0,-9999.0,60.0,60.8,59.0
20241031-2100,Mountain View Moffett Field Naval Air Station,"Mountain View, California, US",17.0,8.0,-9999.0,-9999.0,-9999.0,20.520000000000003,350,0,-9999.0,55.0,62.6,55.4
20241031-2200,Mountain View Moffett Field Naval Air Station,"Mountain View, California, US",17.0,8.0,-9999.0,-9999.0,-9999.0,24.12,340,0,-9999.0,55.0,62.6,55.4
20241031-2300,Mountain View Moffett Field Naval Air Station,"Mountain View, California, US",17.0,8.0,-9999.0,-9999.0,-9999.0,24.12,330,0,-9999.0,55.0,62.6,55.4
20241101-0000,Mountain View Moffett Field Naval Air Station,"Mountain View, California, US",17.0,9.0,-9999.0,-9999.0,-9999.0,22.32,340,0,-9999.0,60.0,62.6,59.3
20241101-0100,Mountain View Moffett Field Naval Air Station,"Mountain View, California, US",16.0,8.0,-9999.0,-9999.0,-9999.0,11.16,330,0,-9999.0,60.0,60.8,59.0
20241101-0200,Mountain View Moffett Field Naval Air Station,"Mountain View, California, US",15.0,8.0,-9999.0,-9999.0,-9999.0,9.360000000000001,320,0,-9999.0,65.0,59.0,62.9
20241101-0300,Mountain View Moffett Field Naval Air Station,"Mountain View, California, US",13.0,7.0,-9999.0,-9999.0,-9999.0,0.0,0,25,-9999.0,70.0,55.4,66.9
20241101-0400,Mountain View Moffett Field Naval Air Station,"Mountain View, California, US",13.0,7.0,-9999.0,-9999.0,-9999.0,0.0,0,0,-9999.0,70.0,55.4,66.9
20241101-0500,Mountain View Moffett Field Naval Air Station,"Mountain View, California, US",12.0,7.0,-9999.0,-9999.0,-9999.0,0.0,0,50,-9999.0,75.0,53.6,71.5
20241101-0600,Mountain View Moffett Field Naval Air Station,"Mountain View, California, US",12.0,7.0,-9999.0,-9999.0,-9999.0,7.5600000000000005,190,-9999,-9999.0,75.0,53.6,71.5
20241101-0700,Mountain View Moffett Field Naval Air Station,"Mountain View, California, US",11.0,7.0,-9999.0,-9999.0,-9999.0,0.0,0,0,-9999.0,80.0,51.8,76.3
20241101-0800,Mountain View Moffett Field Naval Air Station,"Mountain View, California, US",10.0,6.0,-9999.0,-9999.0,-9999.0,0.0,0,0,-9999.0,80.0,50.0,76.2
20241101-0900,Mountain View Moffett Field Naval Air Station,"Mountain View, California, US",9.0,6.0,-9999.0,-9999.0,-9999.0,0.0,0,0,-9999.0,85.0,48.2,81.5
20241101-1000,Mountain View Moffett Field Naval Air Station,"Mountain View, California, US",9.0,7.0,-9999.0,-9999.0,-9999.0,0.0,0,0,-9999.0,90.0,48.2,87.3
20241101-1100,Mountain View Moffett Field Naval Air Station,"Mountain View, California, US",9.0,6.0,-9999.0,-9999.0,-9999.0,0.0,0,25,-9999.0,85.0,48.2,81.5
20241101-1200,Mountain View Moffett Field Naval Air Station,"Mountain View, California, US",9.0,7.0,-9999.0,-9999.0,-9999.0,0.0,0,0,-9999.0,90.0,48.2,87.3
20241101-1300,Mountain View Moffett Field Naval Air Station,"Mountain View, California, US",9.0,6.0,-9999.0,-9999.0,-9999.0,0.0,0,0,-9999.0,85.0,48.2,81.5
20241101-1400,Mountain View Moffett Field Naval Air Station,"Mountain View, California, US",8.0,6.0,-9999.0,-9999.0,-9999.0,0.0,0,0,-9999.0,90.0,46.4,87.2
20241101-1500,Mountain View Moffett Field Naval Air Station,"Mountain View, California, US",8.0,6.0,-9999.0,-9999.0,-9999.0,0.0,0,0,-9999.0,90.0,46.4,87.2
20241101-1600,Mountain View Moffett Field Naval Air Station,"Mountain View, California, US",11.0,7.0,-9999.0,-9999.0,-9999.0,5.4,150,0,-9999.0,80.0,51.8,76.3
20241101-1700,Mountain View Moffett Field Naval Air Station,"Mountain View, California, US",13.0,8.0,-9999.0,-9999.0,-9999.0,7.5600000000000005,140,0,-9999.0,75.0,55.4,71.6
20241101-1800,Mountain View Moffett Field Naval Air Station,"Mountain View, California, US",15.0,8.0,-9999.0,-9999.0,-9999.0,0.0,0,0,-9999.0,65.0,59.0,62.9
20241101-1900,Mountain View Moffett Field Naval Air Station,"Mountain View, California, US",17.0,8.0,-9999.0,-9999.0,-9999.0,7.5600000000000005,350,0,-9999.0,55.0,62.6,55.4
20241101-2000,Mountain View Moffett Field Naval Air Station,"Mountain View, California, US",17.0,8.0,-9999.0,-9999.0,-9999.0,16.56,30,0,-9999.0,55.0,62.6,55.4
20241101-2100,Mountain View Moffett Field Naval Air Station,"Mountain View, California, US",18.0,9.0,-9999.0,-9999.0,-9999.0,14.76,360,0,-9999.0,55.0,64.4,55.6
20241101-2200,Mountain View Moffett Field Naval Air Station,"Mountain View, California, US",18.0,9.0,-9999.0,-9999.0,-9999.0,14.76,340,0,-9999.0,55.0,64.4,55.6
20241101-2300,Mountain View Moffett Field Naval Air Station,"Mountain View, California, US",18.0,8.0,-9999.0,-9999.0,-9999.0,11.16,340,-9999,-9999.0,50.0,64.4,52.0
20241102-0000,Mountain View Moffett Field Naval Air Station,"Mountain View, California, US",17.0,9.0,-9999.0,-9999.0,-9999.0,11.16,360,-9999,-9999.0,60.0,62.6,59.3
20241102-0100,Mountain View Moffett Field Naval Air Station,"Mountain View, California, US",17.0,9.0,-9999.0,-9999.0,-9999.0,11.16,280,25,-9999.0,60.0,62.6,59.3
20241102-0200,Mountain View Moffett Field Naval Air Station,"Mountain View, California, US",17.0,8.0,-9999.0,-9999.0,-9999.0,0.0,0,-9999,-9999.0,55.0,62.6,55.4
20241102-0300,Mountain View Moffett Field Naval Air Station,"Mountain View, California, US",17.0,9.0,-9999.0,-9999.0,-9999.0,7.5600000000000005,170,-9999,-9999.0,60.0,62.6,59.3
20241102-0400,Mountain View Moffett Field Naval Air Station,"Mountain View, California, US",17.0,9.0,-9999.0,-9999.0,-9999.0,9.360000000000001,160,-9999,-9999.0,60.0,62.6,59.3
20241102-0500,Mountain View Moffett Field Naval Air Station,"Mountain View, California, US",16.0,10.0,-9999.0,-9999.0,-9999.0,14.76,140,-9999,-9999.0,70.0,60.8,67.5
20241102-0600,Mountain View Moffett Field Naval Air Station,"Mountain View, California, US",15.0,11.0,-9999.0,-9999.0,-9999.0,14.76,140,-9999,-9999.0,80.0,59.0,77.0
20241102-0700,Mountain View Moffett Field Naval Air Station,"Mountain View, California, US",15.0,11.0,-9999.0,-9999.0,-9999.0,12.959999999999999,150,-9999,-9999.0,80.0,59.0,77.0
20241102-0800,Mountain View Moffett Field Naval Air Station,"Mountain View, California, US",15.0,11.0,-9999.0,-9999.0,-9999.0,9.360000000000001,-9999,-9999,-9999.0,80.0,59.0,77.0
20241102-0900,Mountain View Moffett Field Naval Air Station,"Mountain View, California, US",14.0,13.0,-9999.0,1.0,-9999.0,0.0,0,-9999,-9999.0,95.0,57.2,93.7
20241102-1000,Mountain View Moffett Field Naval Air Station,"Mountain View, California, US",13.0,12.0,-9999.0,-9999.0,-9999.0,5.4,130,-9999,-9999.0,95.0,55.4,93.6
20241102-1100,Mountain View Moffett Field Naval Air Station,"Mountain View, California, US",13.0,12.0,-9999.0,-9999.0,-9999.0,0.0,0,-9999,-9999.0,95.0,55.4,93.6
20241102-1200,Mountain View Moffett Field Naval Air Station,"Mountain View, California, US",13.0,12.0,-9999.0,-9999.0,-9999.0,0.0,0,-9999,-9999.0,95.0,55.4,93.6
20241102-1300,Mountain View Moffett Field Naval Air Station,"Mountain View, California, US",12.0,12.0,-9999.0,-9999.0,-9999.0,0.0,0,-9999,-9999.0,100.0,53.6,100.0
20241102-1400,Mountain View Moffett Field Naval Air Station,"Mountain View, California, US",12.0,11.0,-9999.0,-9999.0,-9999.0,5.4,200,-9999,-9999.0,95.0,53.6,93.6
20241102-1500,Mountain View Moffett Field Naval Air Station,"Mountain View, California, US",11.0,11.0,-9999.0,-9999.0,-9999.0,0.0,0,0,-9999.0,100.0,51.8,100.0
20241102-1600,Mountain View Moffett Field Naval Air Station,"Mountain View, California, US",13.0,12.0,-9999.0,-9999.0,-9999.0,0.0,0,0,-9999.0,95.0,55.4,93.6
20241102-1700,Mountain View Moffett Field Naval Air Station,"Mountain View, California, US",15.0,11.0,-9999.0,-9999.0,-9999.0,9.360000000000001,310,0,-9999.0,80.0,59.0,77.0
20241102-1800,Mountain View Moffett Field Naval Air Station,"Mountain View, California, US",15.0,9.0,-9999.0,-9999.0,-9999.0,11.16,320,50,-9999.0,70.0,59.0,67.3
20241102-1900,Mountain View Moffett Field Naval Air Station,"Mountain View, California, US",17.0,10.0,-9999.0,-9999.0,-9999.0,20.520000000000003,340,50,-9999.0,65.0,62.6,63.4
20241102-2000,Mountain View Moffett Field Naval Air Station,"Mountain View, California, US",17.0,9.0,-9999.0,-9999.0,-9999.0,18.36,350,0,-9999.0,60.0,62.6,59.3
20241102-2100,Mountain View Moffett Field Naval Air Station,"Mountain View, California, US",17.0,9.0,-9999.0,-9999.0,-9999.0,24.12,350,0,-9999.0,60.0,62.6,59.3
20241102-2200,Mountain View Moffett Field Naval Air Station,"Mountain View, California, US",17.0,9.0,-9999.0,-9999.0,-9999.0,27.72,350,0,-9999.0,60.0,62.6,59.3
20241102-2300,Mountain View Moffett Field Naval Air Station,"Mountain View, California, US",17.0,9.0,-9999.0,-9999.0,-9999.0,20.520000000000003,340,50,-9999.0,60.0,62.6,59.3
20241103-0000,Mountain View Moffett Field Naval Air Station,"Mountain View, California, US",17.0,7.0,-9999.0,-9999.0,-9999.0,16.56,350,0,-9999.0,50.0,62.6,51.7
20241103-0100,Mountain View Moffett Field Naval Air Station,"Mountain View, California, US",16.0,8.0,-9999.0,-9999.0,-9999.0,11.16,300,25,-9999.0,60.0,60.8,59.0
20241103-0200,Mountain View Moffett Field Naval Air Station,"Mountain View, California, US",14.0,9.0,-9999.0,-9999.0,-9999.0,12.959999999999999,280,-9999,-9999.0,75.0,57.2,71.8
20241103-0300,Mountain View Moffett Field Naval Air Station,"Mountain View, California, US",14.0,9.0,-9999.0,-9999.0,-9999.0,7.5600000000000005,290,-9999,-9999.0,75.0,57.2,71.8
20241103-0400,Mountain View Moffett Field Naval Air Station,"Mountain View, California, US",13.0,8.0,-9999.0,-9999.0,-9999.0,5.4,-9999,0,-9999.0,75.0,55.4,71.6
20241103-0500,Mountain View Moffett Field Naval Air Station,"Mountain View, California, US",13.0,8.0,-9999.0,-9999.0,-9999.0,9.360000000000001,300,0,-9999.0,75.0,55.4,71.6
20241103-0600,Mountain View Moffett Field Naval Air Station,"Mountain View, California, US",13.0,8.0,-9999.0,-9999.0,-9999.0,9.360000000000001,290,0,-9999.0,75.0,55.4,71.6
20241103-0700,Mountain View Moffett Field Naval Air Station,"Mountain View, California, US",13.0,8.0,-9999.0,-9999.0,-9999.0,11.16,-9999,0,-9999.0,75.0,55.4,71.6
20241103-0800,Mountain View Moffett Field Naval Air Station,"Mountain View, California, US",13.0,8.0,-9999.0,-9999.0,-9999.0,9.360000000000001,-9999,0,-9999.0,75.0,55.4,71.6
20241103-0900,Mountain View Moffett Field Naval Air Station,"Mountain View, California, US",12.0,8.0,-9999.0,-9999.0,-9999.0,9.360000000000001,290,0,-9999.0,80.0,53.6,76.5
20241103-1000,Mountain View Moffett Field Naval Air Station,"Mountain View, California, US",12.0,8.0,-9999.0,-9999.0,-9999.0,9.360000000000001,290,0,-9999.0,80.0,53.6,76.5
20241103-1100,Mountain View Moffett Field Naval Air Station,"Mountain View, California, US",10.0,7.0,-9999.0,-9999.0,-9999.0,0.0,0,0,-9999.0,85.0,50.0,81.6
20241103-1200,Mountain View Moffett Field Naval Air Station,"Mountain View, California, US",10.0,7.0,-9999.0,-9999.0,-9999.0,0.0,0,0,-9999.0,85.0,50.0,81.6
20241103-1300,Mountain View Moffett Field Naval Air Station,"Mountain View, California, US",9.0,7.0,-9999.0,-9999.0,-9999.0,0.0,0,0,-9999.0,90.0,48.2,87.3
20241103-1400,Mountain View Moffett Field Naval Air Station,"Mountain View, California, US",9.0,7.0,-9999.0,-9999.0,-9999.0,0.0,0,50,-9999.0,90.0,48.2,87.3
20241103-1500,Mountain View Moffett Field Naval Air Station,"Mountain View, California, US",11.0,8.0,-9999.0,-9999.0,-9999.0,0.0,0,25,-9999.0,85.0,51.8,81.7
20241103-1600,Mountain View Moffett Field Naval Air Station,"Mountain View, California, US",12.0,9.0,-9999.0,-9999.0,-9999.0,5.4,270,-9999,-9999.0,85.0,53.6,81.9
20241103-1700,Mountain View Moffett Field Naval Air Station,"Mountain View, California, US",14.0,9.0,-9999.0,-9999.0,-9999.0,18.36,310,0,-9999.0,75.0,57.2,71.8
20241103-1800,Mountain View Moffett Field Naval Air Station,"Mountain View, California, US",16.0,9.0,-9999.0,-9999.0,-9999.0,12.959999999999999,310,0,-9999.0,65.0,60.8,63.1
20241103-1900,Mountain View Moffett Field Naval Air Station,"Mountain View, California, US",17.0,7.0,-9999.0,-9999.0,-9999.0,18.36,320,0,-9999.0,50.0,62.6,51.7
20241103-2000,Mountain View Moffett Field Naval Air Station,"Mountain View, California, US",18.0,7.0,-9999.0,-9999.0,-9999.0,22.32,310,0,-9999.0,45.0,64.4,48.6
20241103-2100,Mountain View Moffett Field Naval Air Station,"Mountain View, California, US",19.0,6.0,-9999.0,-9999.0,-9999.0,18.36,320,0,-9999.0,35.0,66.2,42.6
20241103-2200,Mountain View Moffett Field Naval Air Station,"Mountain View, California, US",20.0,4.0,-9999.0,-9999.0,-9999.0,14.76,310,0,-9999.0,20.0,68.0,34.8
20241103-2300,Mountain View Moffett Field Naval Air Station,"Mountain View, California, US",21.0,3.0,-9999.0,-9999.0,-9999.0,22.32,330,0,-9999.0,10.0,69.8,30.5
20241104-0000,Mountain View Moffett Field Naval Air Station,"Mountain View, California, US",20.0,5.0,-9999.0,-9999.0,-9999.0,14.76,310,0,-9999.0,25.0,68.0,37.3
20241104-0100,Mountain View Moffett Field Naval Air Station,"Mountain View, California, US",18.0,5.0,-9999.0,-9999.0,-9999.0,14.76,290,0,-9999.0,35.0,64.4,42.3
20241104-0200,Mountain View Moffett Field Naval Air Station,"Mountain View, California, US",17.0,5.0,-9999.0,-9999.0,-9999.0,9.360000000000001,250,0,-9999.0,40.0,62.6,45.0
20241104-0300,Mountain View Moffett Field Naval Air Station,"Mountain View, California, US",17.0,5.0,-9999.0,-9999.0,-9999.0,16.56,310,0,-9999.0,40.0,62.6,45.0
20241104-0400,Mountain View Moffett Field Naval Air Station,"Mountain View, California, US",16.0,6.0,-9999.0,-9999.0,-9999.0,9.360000000000001,320,0,-9999.0,50.0,60.8,51.5
20241104-0500,Mountain View Moffett Field Naval Air Station,"Mountain View, California, US",16.0,7.0,-9999.0,-9999.0,-9999.0,0.0,0,0,-9999.0,55.0,60.8,55.1
20241104-0600,Mountain View Moffett Field Naval Air Station,"Mountain View, California, US",15.0,8.0,-9999.0,-9999.0,-9999.0,11.16,290,0,-9999.0,65.0,59.0,62.9
20241104-0700,Mountain View Moffett Field Naval Air Station,"Mountain View, California, US",15.0,8.0,-9999.0,-9999.0,-9999.0,9.360000000000001,270,0,-9999.0,65.0,59.0,62.9
20241104-0800,Mountain View Moffett Field Naval Air Station,"Mountain View, California, US",15.0,7.0,-9999.0,-9999.0,-9999.0,9.360000000000001,290,0,-9999.0,60.0,59.0,58.8
20241104-0900,Mountain View Moffett Field Naval Air Station,"Mountain View, California, US",15.0,6.0,-9999.0,-9999.0,-9999.0,9.360000000000001,290,0,-9999.0,55.0,59.0,54.9
20241104-1000,Mountain View Moffett Field Naval Air Station,"Mountain View, California, US",14.0,5.0,-9999.0,-9999.0,-9999.0,0.0,0,0,-9999.0,55.0,57.2,54.6
20241104-1100,Mountain View Moffett Field Naval Air Station,"Mountain View, California, US",14.0,5.0,-9999.0,-9999.0,-9999.0,11.16,260,0,-9999.0,55.0,57.2,54.6
20241104-1200,Mountain View Moffett Field Naval Air Station,"Mountain View, California, US",12.0,4.0,-9999.0,-9999.0,-9999.0,0.0,0,0,-9999.0,60.0,53.6,58.0
20241104-1300,Mountain View Moffett Field Naval Air Station,"Mountain View, California, US",11.0,4.0,-9999.0,-9999.0,-9999.0,0.0,0,0,-9999.0,65.0,51.8,62.0
20241104-1400,Mountain View Moffett Field Naval Air Station,"Mountain View, California, US",12.0,4.0,-9999.0,-9999.0,-9999.0,7.5600000000000005,230,0,-9999.0,60.0,53.6,58.0
20241104-1500,Mountain View Moffett Field Naval Air Station,"Mountain View, California, US",11.0,4.0,-9999.0,-9999.0,-9999.0,5.4,250,0,-9999.0,65.0,51.8,62.0
20241104-1600,Mountain View Moffett Field Naval Air Station,"Mountain View, California, US",14.0,4.0,-9999.0,-9999.0,-9999.0,9.360000000000001,280,0,-9999.0,50.0,57.2,50.9
20241104-1700,Mountain View Moffett Field Naval Air Station,"Mountain View, California, US",17.0,1.0,-9999.0,-9999.0,-9999.0,5.4,340,0,-9999.0,20.0,62.6,33.9
20241104-1800,Mountain View Moffett Field Naval Air Station,"Mountain View, California, US",18.0,3.0,-9999.0,-9999.0,-9999.0,11.16,340,-9999,-9999.0,25.0,64.4,36.7
20241104-1900,Mountain View Moffett Field Naval Air Station,"Mountain View, California, US",20.0,-2.0,-9999.0,-9999.0,-9999.0,7.5600000000000005,280,-9999,-9999.0,-10.0,68.0,22.6
20241104-2000,Mountain View Moffett Field Naval Air Station,"Mountain View, California, US",22.0,-2.0,-9999.0,-9999.0,-9999.0,0.0,0,0,-9999.0,-20.0,71.6,20.0
20241104-2100,Mountain View Moffett Field Naval Air Station,"Mountain View, California, US",23.0,-2.0,-9999.0,-9999.0,-9999.0,5.4,-9999,0,-9999.0,-25.0,73.4,18.8
20241104-2200,Mountain View Moffett Field Naval Air Station,"Mountain View, California, US",23.0,0.0,-9999.0,-9999.0,-9999.0,18.36,340,0,-9999.0,-15.0,73.4,21.8
20241104-2300,Mountain View Moffett Field Naval Air Station,"Mountain View, California, US",22.0,1.0,-9999.0,-9999.0,-9999.0,12.959999999999999,10,0,-9999.0,-5.0,71.6,24.9
20241105-0000,Mountain View Moffett Field Naval Air Station,"Mountain View, California, US",22.0,5.0,-9999.0,-9999.0,-9999.0,9.360000000000001,340,0,-9999.0,15.0,71.6,33.0
20241105-0100,Mountain View Moffett Field Naval Air Station,"Mountain View, California, US",19.0,6.0,-9999.0,-9999.0,-9999.0,12.959999999999999,50,0,-9999.0,35.0,66.2,42.6
20241105-0200,Mountain View Moffett Field Naval Air Station,"Mountain View, California, US",16.0,8.0,-9999.0,-9999.0,-9999.0,7.5600000000000005,360,0,-9999.0,60.0,60.8,59.0
20241105-0300,Mountain View Moffett Field Naval Air Station,"Mountain View, California, US",15.0,9.0,-9999.0,-9999.0,-9999.0,7.5600000000000005,20,25,-9999.0,70.0,59.0,67.3
20241105-0400,Mountain View Moffett Field Naval Air Station,"Mountain View, California, US",15.0,10.0,-9999.0,-9999.0,-9999.0,0.0,0,-9999,-9999.0,75.0,59.0,72.0
20241105-0500,Mountain View Moffett Field Naval Air Station,"Mountain View, California, US",14.0,9.0,-9999.0,-9999.0,-9999.0,0.0,0,-9999,-9999.0,75.0,57.2,71.8
20241105-0600,Mountain View Moffett Field Naval Air Station,"Mountain View, California, US",13.0,9.0,-9999.0,-9999.0,-9999.0,0.0,0,50,-9999.0,80.0,55.4,76.7
20241105-0700,Mountain View Moffett Field Naval Air Station,"Mountain View, California, US",13.0,8.0,-9999.0,-9999.0,-9999.0,0.0,0,0,-9999.0,75.0,55.4,71.6
20241105-0800,Mountain View Moffett Field Naval Air Station,"Mountain View, California, US",11.0,6.0,-9999.0,-9999.0,-9999.0,0.0,0,0,-9999.0,75.0,51.8,71.3
20241105-0900,Mountain View Moffett Field Naval Air Station,"Mountain View, California, US",11.0,6.0,-9999.0,-9999.0,-9999.0,5.4,170,0,-9999.0,75.0,51.8,71.3
20241105-1000,Mountain View Moffett Field Naval Air Station,"Mountain View, California, US",11.0,7.0,-9999.0,-9999.0,-9999.0,0.0,0,0,-9999.0,80.0,51.8,76.3
20241105-1100,Mountain View Moffett Field Naval Air Station,"Mountain View, California, US",10.0,7.0,-9999.0,-9999.0,-9999.0,0.0,0,0,-9999.0,85.0,50.0,81.6
20241105-1200,Mountain View Moffett Field Naval Air Station,"Mountain View, California, US",10.0,6.0,-9999.0,-9999.0,-9999.0,0.0,0,50,-9999.0,80.0,50.0,76.2
20241105-1300,Mountain View Moffett Field Naval Air Station,"Mountain View, California, US",9.0,6.0,-9999.0,-9999.0,-9999.0,0.0,0,0,-9999.0,85.0,48.2,81.5
20241105-1400,Mountain View Moffett Field Naval Air Station,"Mountain View, California, US",9.0,6.0,-9999.0,-9999.0,-9999.0,0.0,0,0,-9999.0,85.0,48.2,81.5
20241105-1500,Mountain View Moffett Field Naval Air Station,"Mountain View, California, US",9.0,7.0,-9999.0,-9999.0,-9999.0,0.0,0,0,-9999.0,90.0,48.2,87.3
20241105-1600,Mountain View Moffett Field Naval Air Station,"Mountain View, California, US",10.0,7.0,-9999.0,-9999.0,-9999.0,0.0,0,0,-9999.0,85.0,50.0,81.6
20241105-1700,Mountain View Moffett Field Naval Air Station,"Mountain View, California, US",14.0,9.0,-9999.0,-9999.0,-9999.0,0.0,0,0,-9999.0,75.0,57.2,71.8
20241105-1800,Mountain View Moffett Field Naval Air Station,"Mountain View, California, US",17.0,9.0,-9999.0,-9999.0,-9999.0,7.5600000000000005,300,0,-9999.0,60.0,62.6,59.3
20241105-1900,Mountain View Moffett Field Naval Air Station,"Mountain View, California, US",19.0,8.0,-9999.0,-9999.0,-9999.0,7.5600000000000005,290,0,-9999.0,45.0,66.2,48.8
20241105-2000,Mountain View Moffett Field Naval Air Station,"Mountain View, California, US",20.0,5.0,-9999.0,-9999.0,-9999.0,7.5600000000000005,-9999,0,-9999.0,25.0,68.0,37.3
20241105-2100,Mountain View Moffett Field Naval Air Station,"Mountain View, California, US",22.0,2.0,-9999.0,-9999.0,-9999.0,7.5600000000000005,340,0,-9999.0,0.0,71.6,26.7
20241105-2200,Mountain View Moffett Field Naval Air Station,"Mountain View, California, US",22.0,3.0,-9999.0,-9999.0,-9999.0,18.36,330,0,-9999.0,5.0,71.6,28.7
20241105-2300,Mountain View Moffett Field Naval Air Station,"Mountain View, California, US",22.0,3.0,-9999.0,-9999.0,-9999.0,12.959999999999999,310,0,-9999.0,5.0,71.6,28.7
20241106-0000,Mountain View Moffett Field Naval Air Station,"Mountain View, California, US",22.0,0.0,-9999.0,-9999.0,-9999.0,12.959999999999999,290,0,-9999.0,-10.0,71.6,23.1
20241106-0100,Mountain View Moffett Field Naval Air Station,"Mountain View, California, US",21.0,0.0,-9999.0,-9999.0,-9999.0,5.4,300,0,-9999.0,-5.0,69.8,24.6
20241106-0200,Mountain View Moffett Field Naval Air Station,"Mountain View, California, US",18.0,1.0,-9999.0,-9999.0,-9999.0,0.0,0,0,-9999.0,15.0,64.4,31.9
20241106-0300,Mountain View Moffett Field Naval Air Station,"Mountain View, California, US",16.0,1.0,-9999.0,-9999.0,-9999.0,0.0,0,0,-9999.0,25.0,60.8,36.2
20241106-0400,Mountain View Moffett Field Naval Air Station,"Mountain View, California, US",16.0,2.0,-9999.0,-9999.0,-9999.0,0.0,0,0,-9999.0,30.0,60.8,38.8
20241106-0500,Mountain View Moffett Field Naval Air Station,"Mountain View, California, US",15.0,8.0,-9999.0,-9999.0,-9999.0,0.0,0,0,-9999.0,65.0,59.0,62.9
20241106-0600,Mountain View Moffett Field Naval Air Station,"Mountain View, California, US",15.0,7.0,-9999.0,-9999.0,-9999.0,11.16,240,0,-9999.0,60.0,59.0,58.8
20241106-0700,Mountain View Moffett Field Naval Air Station,"Mountain View, California, US",15.0,3.0,-9999.0,-9999.0,-9999.0,12.959999999999999,260,0,-9999.0,40.0,59.0,44.5
20241106-0800,Mountain View Moffett Field Naval Air Station,"Mountain View, California, US",15.0,3.0,-9999.0,-9999.0,-9999.0,7.5600000000000005,260,0,-9999.0,40.0,59.0,44.5
20241106-0900,Mountain View Moffett Field Naval Air Station,"Mountain View, California, US",15.0,2.0,-9999.0,-9999.0,-9999.0,11.16,260,0,-9999.0,35.0,59.0,41.4
20241106-1000,Mountain View Moffett Field Naval Air Station,"Mountain View, California, US",17.0,-2.0,-9999.0,-9999.0,-9999.0,11.16,320,0,-9999.0,5.0,62.6,27.3
20241106-1100,Mountain View Moffett Field Naval Air Station,"Mountain View, California, US",17.0,-3.0,-9999.0,-9999.0,-9999.0,18.36,330,0,-9999.0,0.0,62.6,25.3
20241106-1200,Mountain View Moffett Field Naval Air Station,"Mountain View, California, US",15.0,-1.0,-9999.0,-9999.0,-9999.0,18.36,350,0,-9999.0,20.0,59.0,33.3
20241106-1300,Mountain View Moffett Field Naval Air Station,"Mountain View, California, US",15.0,-1.0,-9999.0,-9999.0,-9999.0,14.76,350,0,-9999.0,20.0,59.0,33.3
20241106-1400,Mountain View Moffett Field Naval Air Station,"Mountain View, California, US",13.0,0.0,-9999.0,-9999.0,-9999.0,16.56,350,0,-9999.0,35.0,55.4,40.8
20241106-1500,Mountain View Moffett Field Naval Air Station,"Mountain View, California, US",14.0,-2.0,-9999.0,-9999.0,-9999.0,20.520000000000003,340,0,-9999.0,20.0,57.2,33.1
20241106-1600,Mountain View Moffett Field Naval Air Station,"Mountain View, California, US",15.0,-3.0,-9999.0,-9999.0,-9999.0,22.32,350,0,-9999.0,10.0,59.0,28.8
20241106-1700,Mountain View Moffett Field Naval Air Station,"Mountain View, California, US",16.0,-5.0,-9999.0,-9999.0,-9999.0,0.0,0,0,-9999.0,-5.0,60.8,23.2
20241106-1800,Mountain View Moffett Field Naval Air Station,"Mountain View, California, US",18.0,-5.0,-9999.0,-9999.0,-9999.0,35.28,20,0,-9999.0,-15.0,64.4,20.5
20241106-1900,Mountain View Moffett Field Naval Air Station,"Mountain View, California, US",19.0,-5.0,-9999.0,-9999.0,-9999.0,25.919999999999998,10,0,-9999.0,-20.0,66.2,19.2
20241106-2000,Mountain View Moffett Field Naval Air Station,"Mountain View, California, US",19.0,-4.0,-9999.0,-9999.0,-9999.0,29.52,20,0,-9999.0,-15.0,66.2,20.7
20241106-2100,Mountain View Moffett Field Naval Air Station,"Mountain View, California, US",20.0,-5.0,-9999.0,-9999.0,-9999.0,29.52,30,0,-9999.0,-25.0,68.0,18.1
20241106-2200,Mountain View Moffett Field Naval Air Station,"Mountain View, California, US",20.0,-4.0,-9999.0,-9999.0,-9999.0,29.52,20,0,-9999.0,-20.0,68.0,19.5
20241106-2300,Mountain View Moffett Field Naval Air Station,"Mountain View, California, US",20.0,-2.0,-9999.0,-9999.0,-9999.0,22.32,20,0,-9999.0,-10.0,68.0,22.6
20241107-0000,Mountain View Moffett Field Naval Air Station,"Mountain View, California, US",20.0,-2.0,-9999.0,-9999.0,-9999.0,25.919999999999998,30,0,-9999.0,-10.0,68.0,22.6
20241107-0100,Mountain View Moffett Field Naval Air Station,"Mountain View, California, US",19.0,-1.0,-9999.0,-9999.0,-9999.0,22.32,30,0,-9999.0,0.0,66.2,25.9
20241107-0200,Mountain View Moffett Field Naval Air Station,"Mountain View, California, US",19.0,-3.0,-9999.0,-9999.0,-9999.0,25.919999999999998,20,0,-9999.0,-10.0,66.2,22.3
20241107-0300,Mountain View Moffett Field Naval Air Station,"Mountain View, California, US",17.0,-3.0,-9999.0,-9999.0,-9999.0,22.32,20,0,-9999.0,0.0,62.6,25.3
20241107-0400,Mountain View Moffett Field Naval Air Station,"Mountain View, California, US",15.0,1.0,-9999.0,-9999.0,-9999.0,11.16,360,0,-9999.0,30.0,59.0,38.6
20241107-0500,Mountain View Moffett Field Naval Air Station,"Mountain View, California, US",15.0,-1.0,-9999.0,-9999.0,-9999.0,0.0,0,25,-9999.0,20.0,59.0,33.3
20241107-0600,Mountain View Moffett Field Naval Air Station,"Mountain View, California, US",14.0,-1.0,-9999.0,-9999.0,-9999.0,7.5600000000000005,220,0,-9999.0,25.0,57.2,35.6
20241107-0700,Mountain View Moffett Field Naval Air Station,"Mountain View, California, US",12.0,-1.0,-9999.0,-9999.0,-9999.0,0.0,0,25,-9999.0,35.0,53.6,40.5
20241107-0800,Mountain View Moffett Field Naval Air Station,"Mountain View, California, US",11.0,-1.0,-9999.0,-9999.0,-9999.0,0.0,0,25,-9999.0,40.0,51.8,43.3
20241107-0900,Mountain View Moffett Field Naval Air Station,"Mountain View, California, US",10.0,0.0,-9999.0,-9999.0,-9999.0,0.0,0,25,-9999.0,50.0,50.0,49.8
20241107-1000,Mountain View Moffett Field Naval Air Station,"Mountain View, California, US",10.0,1.0,-9999.0,-9999.0,-9999.0,7.5600000000000005,190,0,-9999.0,55.0,50.0,53.5
20241107-1100,Mountain View Moffett Field Naval Air Station,"Mountain View, California, US",10.0,2.0,-9999.0,-9999.0,-9999.0,0.0,0,25,-9999.0,60.0,50.0,57.5
20241107-1200,Mountain View Moffett Field Naval Air Station,"Mountain View, California, US",8.0,2.0,-9999.0,-9999.0,-9999.0,0.0,0,-9999,-9999.0,70.0,46.4,65.8
20241107-1300,Mountain View Moffett Field Naval Air Station,"Mountain View, California, US",8.0,2.0,-9999.0,-9999.0,-9999.0,0.0,0,-9999,-9999.0,70.0,46.4,65.8
20241107-1400,Mountain View Moffett Field Naval Air Station,"Mountain View, California, US",8.0,2.0,-9999.0,-9999.0,-9999.0,0.0,0,-9999,-9999.0,70.0,46.4,65.8
20241107-1500,Mountain View Moffett Field Naval Air Station,"Mountain View, California, US",8.0,2.0,-9999.0,-9999.0,-9999.0,0.0,0,0,-9999.0,70.0,46.4,65.8
20241107-1600,Mountain View Moffett Field Naval Air Station,"Mountain View, California, US",11.0,2.0,-9999.0,-9999.0,-9999.0,0.0,0,0,-9999.0,55.0,51.8,53.8
20241107-1700,Mountain View Moffett Field Naval Air Station,"Mountain View, California, US",13.0,0.0,-9999.0,-9999.0,-9999.0,0.0,0,0,-9999.0,35.0,55.4,40.8
20241107-1800,Mountain View Moffett Field Naval Air Station,"Mountain View, California, US",16.0,1.0,-9999.0,-9999.0,-9999.0,0.0,0,0,-9999.0,25.0,60.8,36.2
20241107-1900,Mountain View Moffett Field Naval Air Station,"Mountain View, California, US",17.0,0.0,-9999.0,-9999.0,-9999.0,0.0,0,0,-9999.0,15.0,62.6,31.6
20241107-2000,Mountain View Moffett Field Naval Air Station,"Mountain View, California, US",19.0,-4.0,-9999.0,-9999.0,-9999.0,0.0,0,0,-9999.0,-15.0,66.2,20.7
20241107-2100,Mountain View Moffett Field Naval Air Station,"Mountain View, California, US",21.0,-3.0,-9999.0,-9999.0,-9999.0,5.4,-9999,0,-9999.0,-20.0,69.8,19.7
20241107-2200,Mountain View Moffett Field Naval Air Station,"Mountain View, California, US",21.0,-1.0,-9999.0,-9999.0,-9999.0,9.360000000000001,350,0,-9999.0,-10.0,69.8,22.9
20241107-2300,Mountain View Moffett Field Naval Air Station,"Mountain View, California, US",21.0,-1.0,-9999.0,-9999.0,-9999.0,9.360000000000001,350,0,-9999.0,-10.0,69.8,22.9
20241108-0000,Mountain View Moffett Field Naval Air Station,"Mountain View, California, US",20.0,-1.0,-9999.0,-9999.0,-9999.0,-9999.0,-9999,0,-9999.0,-5.0,68.0,24.3
20241108-0100,Mountain View Moffett Field Naval Air Station,"Mountain View, California, US",19.0,0.0,-9999.0,-9999.0,-9999.0,5.4,320,0,-9999.0,5.0,66.2,27.8
20241108-0200,Mountain View Moffett Field Naval Air Station,"Mountain View, California, US",17.0,0.0,-9999.0,-9999.0,-9999.0,0.0,0,-9999,-9999.0,15.0,62.6,31.6
20241108-0300,Mountain View Moffett Field Naval Air Station,"Mountain View, California, US",16.0,1.0,-9999.0,-9999.0,-9999.0,0.0,0,-9999,-9999.0,25.0,60.8,36.2
20241108-0400,Mountain View Moffett Field Naval Air Station,"Mountain View, California, US",13.0,1.0,-9999.0,-9999.0,-9999.0,0.0,0,-9999,-9999.0,40.0,55.4,43.9
20241108-0500,Mountain View Moffett Field Naval Air Station,"Mountain View, California, US",13.0,1.0,-9999.0,-9999.0,-9999.0,0.0,0,50,-9999.0,40.0,55.4,43.9
20241108-0600,Mountain View Moffett Field Naval Air Station,"Mountain View, California, US",12.0,2.0,-9999.0,-9999.0,-9999.0,0.0,0,0,-9999.0,50.0,53.6,50.4
20241108-0700,Mountain View Moffett Field Naval Air Station,"Mountain View, California, US",11.0,2.0,-9999.0,-9999.0,-9999.0,0.0,0,0,-9999.0,55.0,51.8,53.8
20241108-0800,Mountain View Moffett Field Naval Air Station,"Mountain View, California, US",10.0,2.0,-9999.0,-9999.0,-9999.0,0.0,0,0,-9999.0,60.0,50.0,57.5
20241108-0900,Mountain View Moffett Field Naval Air Station,"Mountain View, California, US",9.0,2.0,-9999.0,-9999.0,-9999.0,0.0,0,0,-9999.0,65.0,48.2,61.5
20241108-1000,Mountain View Moffett Field Naval Air Station,"Mountain View, California, US",9.0,2.0,-9999.0,-9999.0,-9999.0,0.0,0,0,-9999.0,65.0,48.2,61.5
20241108-1100,Mountain View Moffett Field Naval Air Station,"Mountain View, California, US",8.0,2.0,-9999.0,-9999.0,-9999.0,0.0,0,0,-9999.0,70.0,46.4,65.8
20241108-1200,Mountain View Moffett Field Naval Air Station,"Mountain View, California, US",8.0,2.0,-9999.0,-9999.0,-9999.0,0.0,0,0,-9999.0,70.0,46.4,65.8
20241108-1300,Mountain View Moffett Field Naval Air Station,"Mountain View, California, US",7.0,1.0,-9999.0,-9999.0,-9999.0,0.0,0,0,-9999.0,70.0,44.6,65.6
20241108-1400,Mountain View Moffett Field Naval Air Station,"Mountain View, California, US",7.0,1.0,-9999.0,-9999.0,-9999.0,0.0,0,0,-9999.0,70.0,44.6,65.6
20241108-1500,Mountain View Moffett Field Naval Air Station,"Mountain View, California, US",7.0,1.0,-9999.0,-9999.0,-9999.0,0.0,0,0,-9999.0,70.0,44.6,65.6
20241108-1600,Mountain View Moffett Field Naval Air Station,"Mountain View, California, US",10.0,0.0,-9999.0,-9999.0,-9999.0,0.0,0,0,-9999.0,50.0,50.0,49.8
20241108-1700,Mountain View Moffett Field Naval Air Station,"Mountain View, California, US",13.0,-1.0,-9999.0,-9999.0,-9999.0,5.4,100,0,-9999.0,30.0,55.4,38.0
20241108-1800,Mountain View Moffett Field Naval Air Station,"Mountain View, California, US",17.0,-2.0,-9999.0,-9999.0,-9999.0,5.4,130,0,-9999.0,5.0,62.6,27.3
20241108-1900,Mountain View Moffett Field Naval Air Station,"Mountain View, California, US",18.0,-1.0,-9999.0,-9999.0,-9999.0,0.0,0,0,-9999.0,5.0,64.4,27.6
20241108-2000,Mountain View Moffett Field Naval Air Station,"Mountain View, California, US",18.0,0.0,-9999.0,-9999.0,-9999.0,12.959999999999999,350,0,-9999.0,10.0,64.4,29.6
20241108-2100,Mountain View Moffett Field Naval Air Station,"Mountain View, California, US",20.0,-2.0,-9999.0,-9999.0,-9999.0,12.959999999999999,340,0,-9999.0,-10.0,68.0,22.6
20241108-2200,Mountain View Moffett Field Naval Air Station,"Mountain View, California, US",19.0,2.0,-9999.0,-9999.0,-9999.0,14.76,350,0,-9999.0,15.0,66.2,32.1
20241108-2300,Mountain View Moffett Field Naval Air Station,"Mountain View, California, US",19.0,1.0,-9999.0,-9999.0,-9999.0,11.16,350,0,-9999.0,10.0,66.2,29.9
20241109-0000,Mountain View Moffett Field Naval Air Station,"Mountain View, California, US",19.0,3.0,-9999.0,-9999.0,-9999.0,7.5600000000000005,320,0,-9999.0,20.0,66.2,34.5
20241109-0100,Mountain View Moffett Field Naval Air Station,"Mountain View, California, US",18.0,3.0,-9999.0,-9999.0,-9999.0,7.5600000000000005,320,0,-9999.0,25.0,64.4,36.7
20241109-0200,Mountain View Moffett Field Naval Air Station,"Mountain View, California, US",16.0,2.0,-9999.0,-9999.0,-9999.0,0.0,0,0,-9999.0,30.0,60.8,38.8
20241109-0300,Mountain View Moffett Field Naval Air Station,"Mountain View, California, US",15.0,5.0,-9999.0,-9999.0,-9999.0,0.0,0,0,-9999.0,50.0,59.0,51.2
20241109-0400,Mountain View Moffett Field Naval Air Station,"Mountain View, California, US",13.0,4.0,-9999.0,-9999.0,-9999.0,0.0,0,0,-9999.0,55.0,55.4,54.3
20241109-0500,Mountain View Moffett Field Naval Air Station,"Mountain View, California, US",12.0,3.0,-9999.0,-9999.0,-9999.0,0.0,0,0,-9999.0,55.0,53.6,54.1
20241109-0600,Mountain View Moffett Field Naval Air Station,"Mountain View, California, US",12.0,2.0,-9999.0,-9999.0,-9999.0,0.0,0,0,-9999.0,50.0,53.6,50.4
20241109-0700,Mountain View Moffett Field Naval Air Station,"Mountain View, California, US",11.0,0.0,-9999.0,-9999.0,-9999.0,0.0,0,0,-9999.0,45.0,51.8,46.6
20241109-0800,Mountain View Moffett Field Naval Air Station,"Mountain View, California, US",9.0,-1.0,-9999.0,-9999.0,-9999.0,0.0,0,0,-9999.0,50.0,48.2,49.5
20241109-0900,Mountain View Moffett Field Naval Air Station,"Mountain View, California, US",9.0,0.0,-9999.0,-9999.0,-9999.0,0.0,0,0,-9999.0,55.0,48.2,53.3
20241109-1000,Mountain View Moffett Field Naval Air Station,"Mountain View, California, US",9.0,0.0,-9999.0,-9999.0,-9999.0,0.0,0,25,-9999.0,55.0,48.2,53.3
20241109-1100,Mountain View Moffett Field Naval Air Station,"Mountain View, California, US",7.0,0.0,-9999.0,-9999.0,-9999.0,0.0,0,0,-9999.0,65.0,44.6,61.0
20241109-1200,Mountain View Moffett Field Naval Air Station,"Mountain View, California, US",7.0,-2.0,-9999.0,-9999.0,-9999.0,0.0,0,-9999,-9999.0,55.0,44.6,52.7
20241109-1300,Mountain View Moffett Field Naval Air Station,"Mountain View, California, US",7.0,-1.0,-9999.0,-9999.0,-9999.0,0.0,0,0,-9999.0,60.0,44.6,56.7
20241109-1400,Mountain View Moffett Field Naval Air Station,"Mountain View, California, US",6.0,-1.0,-9999.0,-9999.0,-9999.0,0.0,0,0,-9999.0,65.0,42.8,60.8
20241109-1500,Mountain View Moffett Field Naval Air Station,"Mountain View, California, US",7.0,-1.0,-9999.0,-9999.0,-9999.0,0.0,0,0,-9999.0,60.0,44.6,56.7
20241109-1600,Mountain View Moffett Field Naval Air Station,"Mountain View, California, US",10.0,-1.0,-9999.0,-9999.0,-9999.0,0.0,0,0,-9999.0,45.0,50.0,46.3
20241109-1700,Mountain View Moffett Field Naval Air Station,"Mountain View, California, US",13.0,-2.0,-9999.0,-9999.0,-9999.0,0.0,0,0,-9999.0,25.0,55.4,35.3
20241109-1800,Mountain View Moffett Field Naval Air Station,"Mountain View, California, US",15.0,-2.0,-9999.0,-9999.0,-9999.0,0.0,0,0,-9999.0,15.0,59.0,31.0
20241109-1900,Mountain View Moffett Field Naval Air Station,"Mountain View, California, US",16.0,-1.0,-9999.0,-9999.0,-9999.0,7.5600000000000005,360,0,-9999.0,15.0,60.8,31.3
20241109-2000,Mountain View Moffett Field Naval Air Station,"Mountain View, California, US",18.0,-2.0,-9999.0,-9999.0,-9999.0,11.16,10,0,-9999.0,0.0,64.4,25.6
20241109-2100,Mountain View Moffett Field Naval Air Station,"Mountain View, California, US",18.0,-2.0,-9999.0,-9999.0,-9999.0,11.16,350,0,-9999.0,0.0,64.4,25.6
20241109-2200,Mountain View Moffett Field Naval Air Station,"Mountain View, California, US",19.0,-3.0,-9999.0,-9999.0,-9999.0,12.959999999999999,350,0,-9999.0,-10.0,66.2,22.3
20241109-2300,Mountain View Moffett Field Naval Air Station,"Mountain View, California, US",19.0,-1.0,-9999.0,-9999.0,-9999.0,9.360000000000001,360,0,-9999.0,0.0,66.2,25.9
20241110-0000,Mountain View Moffett Field Naval Air Station,"Mountain View, California, US",18.0,2.0,-9999.0,-9999.0,-9999.0,11.16,350,0,-9999.0,20.0,64.4,34.2
20241110-0100,Mountain View Moffett Field Naval Air Station,"Mountain View, California, US",16.0,7.0,-9999.0,-9999.0,-9999.0,9.360000000000001,350,0,-9999.0,55.0,60.8,55.1
20241110-0200,Mountain View Moffett Field Naval Air Station,"Mountain View, California, US",16.0,6.0,-9999.0,-9999.0,-9999.0,0.0,0,0,-9999.0,50.0,60.8,51.5
20241110-0300,Mountain View Moffett Field Naval Air Station,"Mountain View, California, US",15.0,7.0,-9999.0,-9999.0,-9999.0,5.4,230,0,-9999.0,60.0,59.0,58.8
20241110-0400,Mountain View Moffett Field Naval Air Station,"Mountain View, California, US",13.0,4.0,-9999.0,-9999.0,-9999.0,0.0,0,0,-9999.0,55.0,55.4,54.3
20241110-0500,Mountain View Moffett Field Naval Air Station,"Mountain View, California, US",12.0,4.0,-9999.0,-9999.0,-9999.0,0.0,0,50,-9999.0,60.0,53.6,58.0
20241110-0600,Mountain View Moffett Field Naval Air Station,"Mountain View, California, US",11.0,5.0,-9999.0,-9999.0,-9999.0,0.0,0,25,-9999.0,70.0,51.8,66.5
20241110-0700,Mountain View Moffett Field Naval Air Station,"Mountain View, California, US",11.0,5.0,-9999.0,-9999.0,-9999.0,0.0,0,0,-9999.0,70.0,51.8,66.5
20241110-0800,Mountain View Moffett Field Naval Air Station,"Mountain View, California, US",10.0,4.0,-9999.0,-9999.0,-9999.0,0.0,0,0,-9999.0,70.0,50.0,66.3
20241110-0900,Mountain View Moffett Field Naval Air Station,"Mountain View, California, US",9.0,4.0,-9999.0,-9999.0,-9999.0,0.0,0,0,-9999.0,75.0,48.2,70.9
20241110-1000,Mountain View Moffett Field Naval Air Station,"Mountain View, California, US",9.0,5.0,-9999.0,-9999.0,-9999.0,0.0,0,-9999,-9999.0,80.0,48.2,76.0
20241110-1100,Mountain View Moffett Field Naval Air Station,"Mountain View, California, US",8.0,4.0,-9999.0,-9999.0,-9999.0,0.0,0,0,-9999.0,80.0,46.4,75.8
20241110-1200,Mountain View Moffett Field Naval Air Station,"Mountain View, California, US",7.0,4.0,-9999.0,-9999.0,-9999.0,0.0,0,0,-9999.0,85.0,44.6,81.2
20241110-1300,Mountain View Moffett Field Naval Air Station,"Mountain View, California, US",7.0,4.0,-9999.0,-9999.0,-9999.0,0.0,0,0,-9999.0,85.0,44.6,81.2
20241110-1400,Mountain View Moffett Field Naval Air Station,"Mountain View, California, US",6.0,3.0,-9999.0,-9999.0,-9999.0,0.0,0,0,-9999.0,85.0,42.8,81.1
20241110-1500,Mountain View Moffett Field Naval Air Station,"Mountain View, California, US",6.0,3.0,-9999.0,-9999.0,-9999.0,0.0,0,0,-9999.0,85.0,42.8,81.1
20241110-1600,Mountain View Moffett Field Naval Air Station,"Mountain View, California, US",8.0,4.0,-9999.0,-9999.0,-9999.0,0.0,0,0,-9999.0,80.0,46.4,75.8
20241110-1700,Mountain View Moffett Field Naval Air Station,"Mountain View, California, US",12.0,4.0,-9999.0,-9999.0,-9999.0,0.0,0,0,-9999.0,60.0,53.6,58.0
20241110-1800,Mountain View Moffett Field Naval Air Station,"Mountain View, California, US",16.0,5.0,-9999.0,-9999.0,-9999.0,0.0,0,0,-9999.0,45.0,60.8,48.0
20241110-1900,Mountain View Moffett Field Naval Air Station,"Mountain View, California, US",17.0,5.0,-9999.0,-9999.0,-9999.0,0.0,0,0,-9999.0,40.0,62.6,45.0
20241110-2000,Mountain View Moffett Field Naval Air Station,"Mountain View, California, US",18.0,4.0,-9999.0,-9999.0,-9999.0,9.360000000000001,360,0,-9999.0,30.0,64.4,39.4
20241110-2100,Mountain View Moffett Field Naval Air Station,"Mountain View, California, US",18.0,3.0,-9999.0,-9999.0,-9999.0,11.16,340,0,-9999.0,25.0,64.4,36.7
20241110-2200,Mountain View Moffett Field Naval Air Station,"Mountain View, California, US",20.0,2.0,-9999.0,-9999.0,-9999.0,14.76,350,0,-9999.0,10.0,68.0,30.2
20241110-2300,Mountain View Moffett Field Naval Air Station,"Mountain View, California, US",19.0,3.0,-9999.0,-9999.0,-9999.0,14.76,340,0,-9999.0,20.0,66.2,34.5
20241111-0000,Mountain View Moffett Field Naval Air Station,"Mountain View, California, US",17.0,8.0,-9999.0,-9999.0,-9999.0,14.76,330,0,-9999.0,55.0,62.6,55.4
20241111-0100,Mountain View Moffett Field Naval Air Station,"Mountain View, California, US",17.0,8.0,-9999.0,-9999.0,-9999.0,11.16,320,0,-9999.0,55.0,62.6,55.4
20241111-0200,Mountain View Moffett Field Naval Air Station,"Mountain View, California, US",16.0,10.0,-9999.0,-9999.0,-9999.0,9.360000000000001,340,0,-9999.0,70.0,60.8,67.5
20241111-0300,Mountain View Moffett Field Naval Air Station,"Mountain View, California, US",14.0,11.0,-9999.0,-9999.0,-9999.0,0.0,0,0,-9999.0,85.0,57.2,82.1
20241111-0400,Mountain View Moffett Field Naval Air Station,"Mountain View, California, US",14.0,10.0,-9999.0,-9999.0,-9999.0,0.0,0,25,-9999.0,80.0,57.2,76.8
20241111-0500,Mountain View Moffett Field Naval Air Station,"Mountain View, California, US",15.0,9.0,-9999.0,-9999.0,-9999.0,7.5600000000000005,170,0,-9999.0,70.0,59.0,67.3
20241111-0600,Mountain View Moffett Field Naval Air Station,"Mountain View, California, US",13.0,8.0,-9999.0,-9999.0,-9999.0,0.0,0,0,-9999.0,75.0,55.4,71.6
20241111-0700,Mountain View Moffett Field Naval Air Station,"Mountain View, California, US",12.0,7.0,-9999.0,-9999.0,-9999.0,0.0,0,0,-9999.0,75.0,53.6,71.5
20241111-0800,Mountain View Moffett Field Naval Air Station,"Mountain View, California, US",12.0,7.0,-9999.0,-9999.0,-9999.0,7.5600000000000005,150,25,-9999.0,75.0,53.6,71.5
20241111-0900,Mountain View Moffett Field Naval Air Station,"Mountain View, California, US",12.0,7.0,-9999.0,-9999.0,-9999.0,7.5600000000000005,160,-9999,-9999.0,75.0,53.6,71.5
20241111-1000,Mountain View Moffett Field Naval Air Station,"Mountain View, California, US",13.0,6.0,-9999.0,-9999.0,-9999.0,12.959999999999999,140,-9999,-9999.0,65.0,55.4,62.5
20241111-1100,Mountain View Moffett Field Naval Air Station,"Mountain View, California, US",13.0,7.0,-9999.0,-9999.0,-9999.0,9.360000000000001,140,-9999,-9999.0,70.0,55.4,66.9
20241111-1200,Mountain View Moffett Field Naval Air Station,"Mountain View, California, US",13.0,8.0,-9999.0,-9999.0,-9999.0,11.16,180,-9999,-9999.0,75.0,55.4,71.6
20241111-1300,Mountain View Moffett Field Naval Air Station,"Mountain View, California, US",14.0,9.0,-9999.0,-9999.0,-9999.0,14.76,150,-9999,-9999.0,75.0,57.2,71.8
20241111-1400,Mountain View Moffett Field Naval Air Station,"Mountain View, California, US",15.0,9.0,-9999.0,-9999.0,-9999.0,12.959999999999999,150,-9999,-9999.0,70.0,59.0,67.3
20241111-1500,Mountain View Moffett Field Naval Air Station,"Mountain View, California, US",14.0,11.0,-9999.0,-9999.0,-9999.0,7.5600000000000005,170,-9999,-9999.0,85.0,57.2,82.1
20241111-1600,Mountain View Moffett Field Naval Air Station,"Mountain View, California, US",15.0,12.0,-9999.0,-9999.0,-9999.0,14.76,120,50,-9999.0,85.0,59.0,82.2
20241111-1700,Mountain View Moffett Field Naval Air Station,"Mountain View, California, US",16.0,12.0,-9999.0,-9999.0,-9999.0,7.5600000000000005,-9999,-9999,-9999.0,80.0,60.8,77.1
20241111-1800,Mountain View Moffett Field Naval Air Station,"Mountain View, California, US",15.0,13.0,-9999.0,-9999.0,-9999.0,0.0,0,-9999,-9999.0,90.0,59.0,87.8
20241111-1900,Mountain View Moffett Field Naval Air Station,"Mountain View, California, US",12.0,11.0,-9999.0,4.8,-9999.0,7.5600000000000005,-9999,-9999,-9999.0,95.0,53.6,93.6
20241111-2000,Mountain View Moffett Field Naval Air Station,"Mountain View, California, US",12.0,11.0,-9999.0,2.0,-9999.0,11.16,150,50,-9999.0,95.0,53.6,93.6
20241111-2100,Mountain View Moffett Field Naval Air Station,"Mountain View, California, US",12.0,11.0,-9999.0,0.2,-9999.0,7.5600000000000005,200,50,-9999.0,95.0,53.6,93.6
20241111-2200,Mountain View Moffett Field Naval Air Station,"Mountain View, California, US",14.0,11.0,-9999.0,-9999.0,-9999.0,0.0,0,50,-9999.0,85.0,57.2,82.1
20241111-2300,Mountain View Moffett Field Naval Air Station,"Mountain View, California, US",14.0,10.0,-9999.0,-9999.0,-9999.0,11.16,10,50,-9999.0,80.0,57.2,76.8
20241112-0000,Mountain View Moffett Field Naval Air Station,"Mountain View, California, US",15.0,10.0,-9999.0,-9999.0,-9999.0,12.959999999999999,350,0,-9999.0,75.0,59.0,72.0
20241112-0100,Mountain View Moffett Field Naval Air Station,"Mountain View, California, US",14.0,9.0,-9999.0,-9999.0,-9999.0,9.360000000000001,280,25,-9999.0,75.0,57.2,71.8
20241112-0200,Mountain View Moffett Field Naval Air Station,"Mountain View, California, US",13.0,9.0,-9999.0,-9999.0,-9999.0,0.0,0,50,-9999.0,80.0,55.4,76.7
20241112-0300,Mountain View Moffett Field Naval Air Station,"Mountain View, California, US",11.0,8.0,-9999.0,-9999.0,-9999.0,7.5600000000000005,10,-9999,-9999.0,85.0,51.8,81.7
20241112-0400,Mountain View Moffett Field Naval Air Station,"Mountain View, California, US",11.0,9.0,-9999.0,-9999.0,-9999.0,0.0,0,25,-9999.0,90.0,51.8,87.5
20241112-0500,Mountain View Moffett Field Naval Air Station,"Mountain View, California, US",11.0,9.0,-9999.0,-9999.0,-9999.0,0.0,0,-9999,-9999.0,90.0,51.8,87.5
20241112-0600,Mountain View Moffett Field Naval Air Station,"Mountain View, California, US",10.0,8.0,-9999.0,-9999.0,-9999.0,0.0,0,25,-9999.0,90.0,50.0,87.4
20241112-0700,Mountain View Moffett Field Naval Air Station,"Mountain View, California, US",9.0,8.0,-9999.0,-9999.0,-9999.0,0.0,0,50,-9999.0,95.0,48.2,93.4
20241112-0800,Mountain View Moffett Field Naval Air Station,"Mountain View, California, US",8.0,7.0,-9999.0,-9999.0,-9999.0,0.0,0,-9999,-9999.0,95.0,46.4,93.4
20241112-0900,Mountain View Moffett Field Naval Air Station,"Mountain View, California, US",9.0,8.0,-9999.0,-9999.0,-9999.0,0.0,0,-9999,-9999.0,95.0,48.2,93.4
20241112-1000,Mountain View Moffett Field Naval Air Station,"Mountain View, California, US",9.0,8.0,-9999.0,-9999.0,-9999.0,0.0,0,-9999,-9999.0,95.0,48.2,93.4
20241112-1100,Mountain View Moffett Field Naval Air Station,"Mountain View, California, US",9.0,8.0,-9999.0,-9999.0,-9999.0,7.5600000000000005,60,-9999,-9999.0,95.0,48.2,93.4
20241112-1200,Mountain View Moffett Field Naval Air Station,"Mountain View, California, US",8.0,7.0,-9999.0,-9999.0,-9999.0,0.0,0,25,-9999.0,95.0,46.4,93.4
20241112-1300,Mountain View Moffett Field Naval Air Station,"Mountain View, California, US",8.0,7.0,-9999.0,-9999.0,-9999.0,0.0,0,-9999,-9999.0,95.0,46.4,93.4
20241112-1400,Mountain View Moffett Field Naval Air Station,"Mountain View, California, US",8.0,7.0,-9999.0,-9999.0,-9999.0,0.0,0,50,-9999.0,95.0,46.4,93.4
20241112-1500,Mountain View Moffett Field Naval Air Station,"Mountain View, California, US",8.0,7.0,-9999.0,-9999.0,-9999.0,7.5600000000000005,130,-9999,-9999.0,95.0,46.4,93.4
20241112-1600,Mountain View Moffett Field Naval Air Station,"Mountain View, California, US",10.0,8.0,-9999.0,-9999.0,-9999.0,0.0,0,0,-9999.0,90.0,50.0,87.4
20241112-1700,Mountain View Moffett Field Naval Air Station,"Mountain View, California, US",12.0,9.0,-9999.0,-9999.0,-9999.0,0.0,0,0,-9999.0,85.0,53.6,81.9
20241112-1800,Mountain View Moffett Field Naval Air Station,"Mountain View, California, US",14.0,10.0,-9999.0,-9999.0,-9999.0,7.5600000000000005,360,0,-9999.0,80.0,57.2,76.8
20241112-1900,Mountain View Moffett Field Naval Air Station,"Mountain View, California, US",15.0,10.0,-9999.0,-9999.0,-9999.0,11.16,340,0,-9999.0,75.0,59.0,72.0
20241112-2000,Mountain View Moffett Field Naval Air Station,"Mountain View, California, US",15.0,8.0,-9999.0,-9999.0,-9999.0,16.56,340,0,-9999.0,65.0,59.0,62.9
20241112-2100,Mountain View Moffett Field Naval Air Station,"Mountain View, California, US",16.0,8.0,-9999.0,-9999.0,-9999.0,16.56,340,0,-9999.0,60.0,60.8,59.0
20241112-2200,Mountain View Moffett Field Naval Air Station,"Mountain View, California, US",16.0,8.0,-9999.0,-9999.0,-9999.0,20.520000000000003,350,0,-9999.0,60.0,60.8,59.0
20241112-2300,Mountain View Moffett Field Naval Air Station,"Mountain View, California, US",16.0,7.0,-9999.0,-9999.0,-9999.0,14.76,340,0,-9999.0,55.0,60.8,55.1
20241113-0000,Mountain View Moffett Field Naval Air Station,"Mountain View, California, US",16.0,8.0,-9999.0,-9999.0,-9999.0,16.56,340,0,-9999.0,60.0,60.8,59.0
20241113-0100,Mountain View Moffett Field Naval Air Station,"Mountain View, California, US",15.0,8.0,-9999.0,-9999.0,-9999.0,7.5600000000000005,320,0,-9999.0,65.0,59.0,62.9
20241113-0200,Mountain View Moffett Field Naval Air Station,"Mountain View, California, US",14.0,9.0,-9999.0,-9999.0,-9999.0,0.0,0,0,-9999.0,75.0,57.2,71.8
20241113-0300,Mountain View Moffett Field Naval Air Station,"Mountain View, California, US",13.0,9.0,-9999.0,-9999.0,-9999.0,0.0,0,0,-9999.0,80.0,55.4,76.7
20241113-0400,Mountain View Moffett Field Naval Air Station,"Mountain View, California, US",11.0,7.0,-9999.0,-9999.0,-9999.0,0.0,0,0,-9999.0,80.0,51.8,76.3
20241113-0500,Mountain View Moffett Field Naval Air Station,"Mountain View, California, US",11.0,7.0,-9999.0,-9999.0,-9999.0,0.0,0,0,-9999.0,80.0,51.8,76.3
20241113-0600,Mountain View Moffett Field Naval Air Station,"Mountain View, California, US",10.0,7.0,-9999.0,-9999.0,-9999.0,0.0,0,-9999,-9999.0,85.0,50.0,81.6
20241113-0700,Mountain View Moffett Field Naval Air Station,"Mountain View, California, US",10.0,7.0,-9999.0,-9999.0,-9999.0,0.0,0,25,-9999.0,85.0,50.0,81.6
20241113-0800,Mountain View Moffett Field Naval Air Station,"Mountain View, California, US",9.0,6.0,-9999.0,-9999.0,-9999.0,0.0,0,0,-9999.0,85.0,48.2,81.5
20241113-0900,Mountain View Moffett Field Naval Air Station,"Mountain View, California, US",8.0,6.0,-9999.0,-9999.0,-9999.0,0.0,0,25,-9999.0,90.0,46.4,87.2
20241113-1000,Mountain View Moffett Field Naval Air Station,"Mountain View, California, US",8.0,6.0,-9999.0,-9999.0,-9999.0,0.0,0,50,-9999.0,90.0,46.4,87.2
20241113-1100,Mountain View Moffett Field Naval Air Station,"Mountain View, California, US",7.0,6.0,-9999.0,-9999.0,-9999.0,0.0,0,0,-9999.0,95.0,44.6,93.3
20241113-1200,Mountain View Moffett Field Naval Air Station,"Mountain View, California, US",7.0,5.0,-9999.0,-9999.0,-9999.0,0.0,0,0,-9999.0,90.0,44.6,87.1
20241113-1300,Mountain View Moffett Field Naval Air Station,"Mountain View, California, US",7.0,5.0,-9999.0,-9999.0,-9999.0,0.0,0,0,-9999.0,90.0,44.6,87.1
20241113-1400,Mountain View Moffett Field Naval Air Station,"Mountain View, California, US",6.0,5.0,-9999.0,-9999.0,-9999.0,0.0,0,0,-9999.0,95.0,42.8,93.3
20241113-1500,Mountain View Moffett Field Naval Air Station,"Mountain View, California, US",6.0,5.0,-9999.0,-9999.0,-9999.0,0.0,0,0,-9999.0,95.0,42.8,93.3
20241113-1600,Mountain View Moffett Field Naval Air Station,"Mountain View, California, US",8.0,6.0,-9999.0,-9999.0,-9999.0,0.0,0,0,-9999.0,90.0,46.4,87.2
20241113-1700,Mountain View Moffett Field Naval Air Station,"Mountain View, California, US",11.0,7.0,-9999.0,-9999.0,-9999.0,0.0,0,0,-9999.0,80.0,51.8,76.3
20241113-1800,Mountain View Moffett Field Naval Air Station,"Mountain View, California, US",14.0,8.0,-9999.0,-9999.0,-9999.0,0.0,0,0,-9999.0,70.0,57.2,67.1
20241113-1900,Mountain View Moffett Field Naval Air Station,"Mountain View, California, US",16.0,7.0,-9999.0,-9999.0,-9999.0,7.5600000000000005,120,0,-9999.0,55.0,60.8,55.1
20241113-2000,Mountain View Moffett Field Naval Air Station,"Mountain View, California, US",18.0,6.0,-9999.0,-9999.0,-9999.0,18.36,140,-9999,-9999.0,40.0,64.4,45.3
20241113-2100,Mountain View Moffett Field Naval Air Station,"Mountain View, California, US",19.0,7.0,-9999.0,-9999.0,-9999.0,14.76,140,-9999,-9999.0,40.0,66.2,45.6
20241113-2200,Mountain View Moffett Field Naval Air Station,"Mountain View, California, US",18.0,9.0,-9999.0,-9999.0,-9999.0,11.16,170,-9999,-9999.0,55.0,64.4,55.6
20241113-2300,Mountain View Moffett Field Naval Air Station,"Mountain View, California, US",17.0,10.0,-9999.0,-9999.0,-9999.0,16.56,200,-9999,-9999.0,65.0,62.6,63.4
20241114-0000,Mountain View Moffett Field Naval Air Station,"Mountain View, California, US",16.0,11.0,-9999.0,-9999.0,-9999.0,11.16,200,-9999,-9999.0,75.0,60.8,72.2
20241114-0100,Mountain View Moffett Field Naval Air Station,"Mountain View, California, US",16.0,11.0,-9999.0,-9999.0,-9999.0,7.5600000000000005,200,-9999,-9999.0,75.0,60.8,72.2
20241114-0200,Mountain View Moffett Field Naval Air Station,"Mountain View, California, US",14.0,11.0,-9999.0,-9999.0,-9999.0,0.0,0,0,-9999.0,85.0,57.2,82.1
20241114-0300,Mountain View Moffett Field Naval Air Station,"Mountain View, California, US",14.0,10.0,-9999.0,-9999.0,-9999.0,7.5600000000000005,100,0,-9999.0,80.0,57.2,76.8
20241114-0400,Mountain View Moffett Field Naval Air Station,"Mountain View, California, US",13.0,10.0,-9999.0,-9999.0,-9999.0,5.4,170,-9999,-9999.0,85.0,55.4,82.0
20241114-0500,Mountain View Moffett Field Naval Air Station,"Mountain View, California, US",13.0,10.0,-9999.0,-9999.0,-9999.0,7.5600000000000005,140,-9999,-9999.0,85.0,55.4,82.0
20241114-0600,Mountain View Moffett Field Naval Air Station,"Mountain View, California, US",13.0,10.0,-9999.0,-9999.0,-9999.0,5.4,170,0,-9999.0,85.0,55.4,82.0
20241114-0700,Mountain View Moffett Field Naval Air Station,"Mountain View, California, US",12.0,10.0,-9999.0,-9999.0,-9999.0,7.5600000000000005,190,-9999,-9999.0,90.0,53.6,87.6
20241114-0800,Mountain View Moffett Field Naval Air Station,"Mountain View, California, US",10.0,9.0,-9999.0,-9999.0,-9999.0,0.0,0,-9999,-9999.0,95.0,50.0,93.5
20241114-0900,Mountain View Moffett Field Naval Air Station,"Mountain View, California, US",10.0,8.0,-9999.0,-9999.0,-9999.0,0.0,0,-9999,-9999.0,90.0,50.0,87.4
20241114-1000,Mountain View Moffett Field Naval Air Station,"Mountain View, California, US",10.0,9.0,-9999.0,-9999.0,-9999.0,0.0,0,-9999,-9999.0,95.0,50.0,93.5
20241114-1100,Mountain View Moffett Field Naval Air Station,"Mountain View, California, US",11.0,9.0,-9999.0,-9999.0,-9999.0,0.0,0,-9999,-9999.0,90.0,51.8,87.5
20241114-1200,Mountain View Moffett Field Naval Air Station,"Mountain View, California, US",11.0,9.0,-9999.0,-9999.0,-9999.0,0.0,0,-9999,-9999.0,90.0,51.8,87.5
20241114-1300,Mountain View Moffett Field Naval Air Station,"Mountain View, California, US",10.0,9.0,-9999.0,-9999.0,-9999.0,0.0,0,-9999,-9999.0,95.0,50.0,93.5
20241114-1400,Mountain View Moffett Field Naval Air Station,"Mountain View, California, US",10.0,8.0,-9999.0,-9999.0,-9999.0,5.4,100,-9999,-9999.0,90.0,50.0,87.4
20241114-1500,Mountain View Moffett Field Naval Air Station,"Mountain View, California, US",9.0,8.0,-9999.0,-9999.0,-9999.0,0.0,0,0,-9999.0,95.0,48.2,93.4
20241114-1600,Mountain View Moffett Field Naval Air Station,"Mountain View, California, US",10.0,9.0,-9999.0,-9999.0,-9999.0,0.0,0,0,-9999.0,95.0,50.0,93.5
20241114-1700,Mountain View Moffett Field Naval Air Station,"Mountain View, California, US",13.0,10.0,-9999.0,-9999.0,-9999.0,5.4,100,0,-9999.0,85.0,55.4,82.0
20241114-1800,Mountain View Moffett Field Naval Air Station,"Mountain View, California, US",15.0,10.0,-9999.0,-9999.0,-9999.0,0.0,0,0,-9999.0,75.0,59.0,72.0
20241114-1900,Mountain View Moffett Field Naval Air Station,"Mountain View, California, US",14.0,10.0,-9999.0,-9999.0,-9999.0,7.5600000000000005,40,0,-9999.0,80.0,57.2,76.8
20241114-2000,Mountain View Moffett Field Naval Air Station,"Mountain View, California, US",16.0,10.0,-9999.0,-9999.0,-9999.0,7.5600000000000005,340,0,-9999.0,70.0,60.8,67.5
20241114-2100,Mountain View Moffett Field Naval Air Station,"Mountain View, California, US",16.0,10.0,-9999.0,-9999.0,-9999.0,24.12,340,0,-9999.0,70.0,60.8,67.5
20241114-2200,Mountain View Moffett Field Naval Air Station,"Mountain View, California, US",15.0,11.0,-9999.0,-9999.0,-9999.0,18.36,340,-9999,-9999.0,80.0,59.0,77.0
20241114-2300,Mountain View Moffett Field Naval Air Station,"Mountain View, California, US",16.0,10.0,-9999.0,-9999.0,-9999.0,18.36,350,0,-9999.0,70.0,60.8,67.5
20241115-0000,Mountain View Moffett Field Naval Air Station,"Mountain View, California, US",15.0,10.0,-9999.0,-9999.0,-9999.0,14.76,340,-9999,-9999.0,75.0,59.0,72.0
20241115-0100,Mountain View Moffett Field Naval Air Station,"Mountain View, California, US",14.0,9.0,-9999.0,-9999.0,-9999.0,11.16,320,-9999,-9999.0,75.0,57.2,71.8
20241115-0200,Mountain View Moffett Field Naval Air Station,"Mountain View, California, US",13.0,9.0,-9999.0,-9999.0,-9999.0,11.16,-9999,-9999,-9999.0,80.0,55.4,76.7
20241115-0300,Mountain View Moffett Field Naval Air Station,"Mountain View, California, US",13.0,8.0,-9999.0,-9999.0,-9999.0,7.5600000000000005,310,-9999,-9999.0,75.0,55.4,71.6
20241115-0400,Mountain View Moffett Field Naval Air Station,"Mountain View, California, US",12.0,8.0,-9999.0,-9999.0,-9999.0,0.0,0,0,-9999.0,80.0,53.6,76.5
20241115-0500,Mountain View Moffett Field Naval Air Station,"Mountain View, California, US",11.0,7.0,-9999.0,-9999.0,-9999.0,7.5600000000000005,260,0,-9999.0,80.0,51.8,76.3
20241115-0600,Mountain View Moffett Field Naval Air Station,"Mountain View, California, US",10.0,7.0,-9999.0,-9999.0,-9999.0,0.0,0,0,-9999.0,85.0,50.0,81.6
20241115-0700,Mountain View Moffett Field Naval Air Station,"Mountain View, California, US",11.0,7.0,-9999.0,-9999.0,-9999.0,7.5600000000000005,250,-9999,-9999.0,80.0,51.8,76.3
20241115-0800,Mountain View Moffett Field Naval Air Station,"Mountain View, California, US",11.0,6.0,-9999.0,-9999.0,-9999.0,9.360000000000001,270,-9999,-9999.0,75.0,51.8,71.3
20241115-0900,Mountain View Moffett Field Naval Air Station,"Mountain View, California, US",10.0,6.0,-9999.0,-9999.0,-9999.0,7.5600000000000005,270,-9999,-9999.0,80.0,50.0,76.2
20241115-1000,Mountain View Moffett Field Naval Air Station,"Mountain View, California, US",10.0,6.0,-9999.0,-9999.0,-9999.0,7.5600000000000005,270,0,-9999.0,80.0,50.0,76.2
20241115-1100,Mountain View Moffett Field Naval Air Station,"Mountain View, California, US",9.0,5.0,-9999.0,-9999.0,-9999.0,0.0,0,0,-9999.0,80.0,48.2,76.0
20241115-1200,Mountain View Moffett Field Naval Air Station,"Mountain View, California, US",9.0,5.0,-9999.0,-9999.0,-9999.0,9.360000000000001,270,0,-9999.0,80.0,48.2,76.0
20241115-1300,Mountain View Moffett Field Naval Air Station,"Mountain View, California, US",9.0,5.0,-9999.0,-9999.0,-9999.0,11.16,280,0,-9999.0,80.0,48.2,76.0
20241115-1400,Mountain View Moffett Field Naval Air Station,"Mountain View, California, US",9.0,5.0,-9999.0,-9999.0,-9999.0,0.0,0,-9999,-9999.0,80.0,48.2,76.0
20241115-1500,Mountain View Moffett Field Naval Air Station,"Mountain View, California, US",9.0,5.0,-9999.0,-9999.0,-9999.0,7.5600000000000005,270,0,-9999.0,80.0,48.2,76.0
20241115-1600,Mountain View Moffett Field Naval Air Station,"Mountain View, California, US",10.0,5.0,-9999.0,-9999.0,-9999.0,0.0,0,0,-9999.0,75.0,50.0,71.1
20241115-1700,Mountain View Moffett Field Naval Air Station,"Mountain View, California, US",12.0,5.0,-9999.0,-9999.0,-9999.0,12.959999999999999,300,0,-9999.0,65.0,53.6,62.2
20241115-1800,Mountain View Moffett Field Naval Air Station,"Mountain View, California, US",13.0,4.0,-9999.0,-9999.0,-9999.0,14.76,340,-9999,-9999.0,55.0,55.4,54.3
20241115-1900,Mountain View Moffett Field Naval Air Station,"Mountain View, California, US",13.0,3.0,-9999.0,-9999.0,-9999.0,16.56,340,0,-9999.0,50.0,55.4,50.6
20241115-2000,Mountain View Moffett Field Naval Air Station,"Mountain View, California, US",13.0,4.0,-9999.0,-9999.0,-9999.0,14.76,350,0,-9999.0,55.0,55.4,54.3
20241115-2100,Mountain View Moffett Field Naval Air Station,"Mountain View, California, US",13.0,4.0,-9999.0,-9999.0,-9999.0,20.520000000000003,350,0,-9999.0,55.0,55.4,54.3
20241115-2200,Mountain View Moffett Field Naval Air Station,"Mountain View, California, US",13.0,4.0,-9999.0,-9999.0,-9999.0,16.56,350,0,-9999.0,55.0,55.4,54.3
20241115-2300,Mountain View Moffett Field Naval Air Station,"Mountain View, California, US",14.0,4.0,-9999.0,-9999.0,-9999.0,14.76,350,0,-9999.0,50.0,57.2,50.9
20241116-0000,Mountain View Moffett Field Naval Air Station,"Mountain View, California, US",14.0,3.0,-9999.0,-9999.0,-9999.0,11.16,330,0,-9999.0,45.0,57.2,47.4
20241116-0100,Mountain View Moffett Field Naval Air Station,"Mountain View, California, US",13.0,4.0,-9999.0,-9999.0,-9999.0,12.959999999999999,310,-9999,-9999.0,55.0,55.4,54.3
20241116-0200,Mountain View Moffett Field Naval Air Station,"Mountain View, California, US",12.0,5.0,-9999.0,-9999.0,-9999.0,9.360000000000001,280,0,-9999.0,65.0,53.6,62.2
20241116-0300,Mountain View Moffett Field Naval Air Station,"Mountain View, California, US",11.0,5.0,-9999.0,-9999.0,-9999.0,9.360000000000001,260,-9999,-9999.0,70.0,51.8,66.5
20241116-0400,Mountain View Moffett Field Naval Air Station,"Mountain View, California, US",11.0,4.0,-9999.0,-9999.0,-9999.0,7.5600000000000005,290,-9999,-9999.0,65.0,51.8,62.0
20241116-0500,Mountain View Moffett Field Naval Air Station,"Mountain View, California, US",10.0,4.0,-9999.0,-9999.0,-9999.0,7.5600000000000005,280,0,-9999.0,70.0,50.0,66.3
20241116-0600,Mountain View Moffett Field Naval Air Station,"Mountain View, California, US",10.0,4.0,-9999.0,-9999.0,-9999.0,0.0,0,0,-9999.0,70.0,50.0,66.3
20241116-0700,Mountain View Moffett Field Naval Air Station,"Mountain View, California, US",10.0,5.0,-9999.0,-9999.0,-9999.0,0.0,0,0,-9999.0,75.0,50.0,71.1
20241116-0800,Mountain View Moffett Field Naval Air Station,"Mountain View, California, US",8.0,4.0,-9999.0,-9999.0,-9999.0,0.0,0,0,-9999.0,80.0,46.4,75.8
20241116-0900,Mountain View Moffett Field Naval Air Station,"Mountain View, California, US",8.0,4.0,-9999.0,-9999.0,-9999.0,0.0,0,0,-9999.0,80.0,46.4,75.8
20241116-1000,Mountain View Moffett Field Naval Air Station,"Mountain View, California, US",8.0,4.0,-9999.0,-9999.0,-9999.0,0.0,0,0,-9999.0,80.0,46.4,75.8
20241116-1100,Mountain View Moffett Field Naval Air Station,"Mountain View, California, US",7.0,4.0,-9999.0,-9999.0,-9999.0,5.4,250,0,-9999.0,85.0,44.6,81.2
20241116-1200,Mountain View Moffett Field Naval Air Station,"Mountain View, California, US",6.0,4.0,-9999.0,-9999.0,-9999.0,5.4,260,0,-9999.0,90.0,42.8,87.0
20241116-1300,Mountain View Moffett Field Naval Air Station,"Mountain View, California, US",5.0,3.0,-9999.0,-9999.0,-9999.0,0.0,0,0,-9999.0,90.0,41.0,86.9
20241116-1400,Mountain View Moffett Field Naval Air Station,"Mountain View, California, US",5.0,3.0,-9999.0,-9999.0,-9999.0,0.0,0,0,-9999.0,90.0,41.0,86.9
20241116-1500,Mountain View Moffett Field Naval Air Station,"Mountain View, California, US",-9999.0,-9999.0,-9999.0,-9999.0,-9999.0,5.4,110,-9999,-9999.0,100.0,-17966.2,100.0
20241116-1600,Mountain View Moffett Field Naval Air Station,"Mountain View, California, US",8.0,3.0,-9999.0,-9999.0,-9999.0,0.0,0,0,-9999.0,75.0,46.4,70.7
20241116-1700,Mountain View Moffett Field Naval Air Station,"Mountain View, California, US",11.0,3.0,-9999.0,-9999.0,-9999.0,5.4,290,0,-9999.0,60.0,51.8,57.8
20241116-1800,Mountain View Moffett Field Naval Air Station,"Mountain View, California, US",12.0,4.0,-9999.0,-9999.0,-9999.0,9.360000000000001,340,0,-9999.0,60.0,53.6,58.0
20241116-1900,Mountain View Moffett Field Naval Air Station,"Mountain View, California, US",13.0,1.0,-9999.0,-9999.0,-9999.0,14.76,340,0,-9999.0,40.0,55.4,43.9
20241116-2000,Mountain View Moffett Field Naval Air Station,"Mountain View, California, US",14.0,-1.0,-9999.0,-9999.0,-9999.0,7.5600000000000005,-9999,0,-9999.0,25.0,57.2,35.6
20241116-2100,Mountain View Moffett Field Naval Air Station,"Mountain View, California, US",15.0,-1.0,-9999.0,-9999.0,-9999.0,11.16,350,0,-9999.0,20.0,59.0,33.3
20241116-2200,Mountain View Moffett Field Naval Air Station,"Mountain View, California, US",16.0,-2.0,-9999.0,-9999.0,-9999.0,9.360000000000001,310,0,-9999.0,10.0,60.8,29.1
20241116-2300,Mountain View Moffett Field Naval Air Station,"Mountain View, California, US",15.0,-1.0,-9999.0,-9999.0,-9999.0,11.16,350,0,-9999.0,20.0,59.0,33.3
20241117-0000,Mountain View Moffett Field Naval Air Station,"Mountain View, California, US",14.0,1.0,-9999.0,-9999.0,-9999.0,9.360000000000001,340,0,-9999.0,35.0,57.2,41.1
20241117-0100,Mountain View Moffett Field Naval Air Station,"Mountain View, California, US",13.0,3.0,-9999.0,-9999.0,-9999.0,12.959999999999999,330,0,-9999.0,50.0,55.4,50.6
20241117-0200,Mountain View Moffett Field Naval Air Station,"Mountain View, California, US",12.0,4.0,-9999.0,-9999.0,-9999.0,0.0,0,0,-9999.0,60.0,53.6,58.0
20241117-0300,Mountain View Moffett Field Naval Air Station,"Mountain View, California, US",10.0,4.0,-9999.0,-9999.0,-9999.0,0.0,0,0,-9999.0,70.0,50.0,66.3
20241117-0400,Mountain View Moffett Field Naval Air Station,"Mountain View, California, US",9.0,1.0,-9999.0,-9999.0,-9999.0,0.0,0,0,-9999.0,60.0,48.2,57.3
20241117-0500,Mountain View Moffett Field Naval Air Station,"Mountain View, California, US",8.0,0.0,-9999.0,-9999.0,-9999.0,0.0,0,0,-9999.0,60.0,46.4,57.0
20241117-0600,Mountain View Moffett Field Naval Air Station,"Mountain View, California, US",7.0,0.0,-9999.0,-9999.0,-9999.0,0.0,0,0,-9999.0,65.0,44.6,61.0
20241117-0700,Mountain View Moffett Field Naval Air Station,"Mountain View, California, US",7.0,0.0,-9999.0,-9999.0,-9999.0,0.0,0,-9999,-9999.0,65.0,44.6,61.0
20241117-0800,Mountain View Moffett Field Naval Air Station,"Mountain View, California, US",6.0,0.0,-9999.0,-9999.0,-9999.0,0.0,0,-9999,-9999.0,70.0,42.8,65.4
20241117-0900,Mountain View Moffett Field Naval Air Station,"Mountain View, California, US",6.0,0.0,-9999.0,-9999.0,-9999.0,0.0,0,0,-9999.0,70.0,42.8,65.4
20241117-1000,Mountain View Moffett Field Naval Air Station,"Mountain View, California, US",6.0,0.0,-9999.0,-9999.0,-9999.0,0.0,0,0,-9999.0,70.0,42.8,65.4
20241117-1100,Mountain View Moffett Field Naval Air Station,"Mountain View, California, US",6.0,0.0,-9999.0,-9999.0,-9999.0,5.4,150,0,-9999.0,70.0,42.8,65.4
20241117-1200,Mountain View Moffett Field Naval Air Station,"Mountain View, California, US",5.0,0.0,-9999.0,-9999.0,-9999.0,0.0,0,0,-9999.0,75.0,41.0,70.1
20241117-1300,Mountain View Moffett Field Naval Air Station,"Mountain View, California, US",5.0,1.0,-9999.0,-9999.0,-9999.0,0.0,0,0,-9999.0,80.0,41.0,75.3
20241117-1400,Mountain View Moffett Field Naval Air Station,"Mountain View, California, US",4.0,0.0,-9999.0,-9999.0,-9999.0,0.0,0,0,-9999.0,80.0,39.2,75.2
20241117-1500,Mountain View Moffett Field Naval Air Station,"Mountain View, California, US",4.0,1.0,-9999.0,-9999.0,-9999.0,0.0,0,0,-9999.0,85.0,39.2,80.8
20241117-1600,Mountain View Moffett Field Naval Air Station,"Mountain View, California, US",7.0,1.0,-9999.0,-9999.0,-9999.0,7.5600000000000005,130,0,-9999.0,70.0,44.6,65.6
20241117-1700,Mountain View Moffett Field Naval Air Station,"Mountain View, California, US",9.0,0.0,-9999.0,-9999.0,-9999.0,0.0,0,-9999,-9999.0,55.0,48.2,53.3
20241117-1800,Mountain View Moffett Field Naval Air Station,"Mountain View, California, US",12.0,0.0,-9999.0,-9999.0,-9999.0,0.0,0,-9999,-9999.0,40.0,53.6,43.6
20241117-1900,Mountain View Moffett Field Naval Air Station,"Mountain View, California, US",14.0,-1.0,-9999.0,-9999.0,-9999.0,0.0,0,-9999,-9999.0,25.0,57.2,35.6
20241117-2000,Mountain View Moffett Field Naval Air Station,"Mountain View, California, US",15.0,6.0,-9999.0,-9999.0,-9999.0,7.5600000000000005,340,-9999,-9999.0,55.0,59.0,54.9
20241117-2100,Mountain View Moffett Field Naval Air Station,"Mountain View, California, US",15.0,7.0,-9999.0,-9999.0,-9999.0,11.16,350,-9999,-9999.0,60.0,59.0,58.8
20241117-2200,Mountain View Moffett Field Naval Air Station,"Mountain View, California, US",15.0,4.0,-9999.0,-9999.0,-9999.0,11.16,340,-9999,-9999.0,45.0,59.0,47.7
20241117-2300,Mountain View Moffett Field Naval Air Station,"Mountain View, California, US",14.0,9.0,-9999.0,-9999.0,-9999.0,11.16,350,-9999,-9999.0,75.0,57.2,71.8
20241118-0000,Mountain View Moffett Field Naval Air Station,"Mountain View, California, US",15.0,8.0,-9999.0,-9999.0,-9999.0,7.5600000000000005,20,-9999,-9999.0,65.0,59.0,62.9
20241118-0100,Mountain View Moffett Field Naval Air Station,"Mountain View, California, US",15.0,9.0,-9999.0,-9999.0,-9999.0,0.0,0,-9999,-9999.0,70.0,59.0,67.3
20241118-0200,Mountain View Moffett Field Naval Air Station,"Mountain View, California, US",14.0,9.0,-9999.0,-9999.0,-9999.0,0.0,0,-9999,-9999.0,75.0,57.2,71.8
20241118-0300,Mountain View Moffett Field Naval Air Station,"Mountain View, California, US",15.0,9.0,-9999.0,-9999.0,-9999.0,0.0,0,-9999,-9999.0,70.0,59.0,67.3
20241118-0400,Mountain View Moffett Field Naval Air Station,"Mountain View, California, US",15.0,11.0,-9999.0,-9999.0,-9999.0,7.5600000000000005,140,-9999,-9999.0,80.0,59.0,77.0
20241118-0500,Mountain View Moffett Field Naval Air Station,"Mountain View, California, US",14.0,11.0,-9999.0,-9999.0,-9999.0,9.360000000000001,260,-9999,-9999.0,85.0,57.2,82.1
20241118-0600,Mountain View Moffett Field Naval Air Station,"Mountain View, California, US",13.0,9.0,-9999.0,-9999.0,-9999.0,11.16,260,-9999,-9999.0,80.0,55.4,76.7
20241118-0700,Mountain View Moffett Field Naval Air Station,"Mountain View, California, US",13.0,7.0,-9999.0,-9999.0,-9999.0,14.76,290,-9999,-9999.0,70.0,55.4,66.9
20241118-0800,Mountain View Moffett Field Naval Air Station,"Mountain View, California, US",12.0,6.0,-9999.0,-9999.0,-9999.0,11.16,310,-9999,-9999.0,70.0,53.6,66.7
20241118-0900,Mountain View Moffett Field Naval Air Station,"Mountain View, California, US",11.0,5.0,-9999.0,-9999.0,-9999.0,9.360000000000001,290,-9999,-9999.0,70.0,51.8,66.5
20241118-1000,Mountain View Moffett Field Naval Air Station,"Mountain View, California, US",10.0,5.0,-9999.0,-9999.0,-9999.0,7.5600000000000005,290,-9999,-9999.0,75.0,50.0,71.1
20241118-1100,Mountain View Moffett Field Naval Air Station,"Mountain View, California, US",10.0,5.0,-9999.0,-9999.0,-9999.0,9.360000000000001,-9999,-9999,-9999.0,75.0,50.0,71.1
20241118-1200,Mountain View Moffett Field Naval Air Station,"Mountain View, California, US",10.0,4.0,-9999.0,-9999.0,-9999.0,11.16,300,-9999,-9999.0,70.0,50.0,66.3
20241118-1300,Mountain View Moffett Field Naval Air Station,"Mountain View, California, US",10.0,4.0,-9999.0,-9999.0,-9999.0,9.360000000000001,280,-9999,-9999.0,70.0,50.0,66.3
20241118-1400,Mountain View Moffett Field Naval Air Station,"Mountain View, California, US",9.0,3.0,-9999.0,-9999.0,-9999.0,9.360000000000001,250,-9999,-9999.0,70.0,48.2,66.0
20241118-1500,Mountain View Moffett Field Naval Air Station,"Mountain View, California, US",8.0,2.0,-9999.0,-9999.0,-9999.0,0.0,0,-9999,-9999.0,70.0,46.4,65.8
20241118-1600,Mountain View Moffett Field Naval Air Station,"Mountain View, California, US",10.0,3.0,-9999.0,-9999.0,-9999.0,5.4,290,-9999,-9999.0,65.0,50.0,61.8
20241118-1700,Mountain View Moffett Field Naval Air Station,"Mountain View, California, US",11.0,4.0,-9999.0,-9999.0,-9999.0,16.56,340,-9999,-9999.0,65.0,51.8,62.0
20241118-1800,Mountain View Moffett Field Naval Air Station,"Mountain View, California, US",12.0,4.0,-9999.0,-9999.0,-9999.0,12.959999999999999,330,-9999,-9999.0,60.0,53.6,58.0
20241118-1900,Mountain View Moffett Field Naval Air Station,"Mountain View, California, US",13.0,3.0,-9999.0,-9999.0,-9999.0,20.520000000000003,340,-9999,-9999.0,50.0,55.4,50.6
20241118-2000,Mountain View Moffett Field Naval Air Station,"Mountain View, California, US",14.0,1.0,-9999.0,-9999.0,-9999.0,24.12,330,-9999,-9999.0,35.0,57.2,41.1
20241118-2100,Mountain View Moffett Field Naval Air Station,"Mountain View, California, US",14.0,3.0,-9999.0,-9999.0,-9999.0,24.12,350,-9999,-9999.0,45.0,57.2,47.4
20241118-2200,Mountain View Moffett Field Naval Air Station,"Mountain View, California, US",14.0,2.0,-9999.0,-9999.0,-9999.0,25.919999999999998,340,-9999,-9999.0,40.0,57.2,44.2
20241118-2300,Mountain View Moffett Field Naval Air Station,"Mountain View, California, US",15.0,2.0,-9999.0,-9999.0,-9999.0,18.36,320,-9999,-9999.0,35.0,59.0,41.4
20241119-0000,Mountain View Moffett Field Naval Air Station,"Mountain View, California, US",13.0,2.0,-9999.0,-9999.0,-9999.0,14.76,310,-9999,-9999.0,45.0,55.4,47.2
20241119-0100,Mountain View Moffett Field Naval Air Station,"Mountain View, California, US",12.0,2.0,-9999.0,-9999.0,-9999.0,12.959999999999999,300,-9999,-9999.0,50.0,53.6,50.4
20241119-0200,Mountain View Moffett Field Naval Air Station,"Mountain View, California, US",11.0,3.0,-9999.0,-9999.0,-9999.0,12.959999999999999,290,-9999,-9999.0,60.0,51.8,57.8
20241119-0300,Mountain View Moffett Field Naval Air Station,"Mountain View, California, US",11.0,3.0,-9999.0,-9999.0,-9999.0,7.5600000000000005,280,-9999,-9999.0,60.0,51.8,57.8
20241119-0400,Mountain View Moffett Field Naval Air Station,"Mountain View, California, US",10.0,3.0,-9999.0,-9999.0,-9999.0,9.360000000000001,280,-9999,-9999.0,65.0,50.0,61.8
20241119-0500,Mountain View Moffett Field Naval Air Station,"Mountain View, California, US",10.0,4.0,-9999.0,-9999.0,-9999.0,0.0,0,-9999,-9999.0,70.0,50.0,66.3
20241119-0600,Mountain View Moffett Field Naval Air Station,"Mountain View, California, US",8.0,4.0,-9999.0,-9999.0,-9999.0,0.0,0,-9999,-9999.0,80.0,46.4,75.8
20241119-0700,Mountain View Moffett Field Naval Air Station,"Mountain View, California, US",7.0,3.0,-9999.0,-9999.0,-9999.0,0.0,0,-9999,-9999.0,80.0,44.6,75.7
20241119-0800,Mountain View Moffett Field Naval Air Station,"Mountain View, California, US",6.0,3.0,-9999.0,-9999.0,-9999.0,0.0,0,-9999,-9999.0,85.0,42.8,81.1
20241119-0900,Mountain View Moffett Field Naval Air Station,"Mountain View, California, US",6.0,3.0,-9999.0,-9999.0,-9999.0,0.0,0,-9999,-9999.0,85.0,42.8,81.1
20241119-1000,Mountain View Moffett Field Naval Air Station,"Mountain View, California, US",6.0,3.0,-9999.0,-9999.0,-9999.0,0.0,0,-9999,-9999.0,85.0,42.8,81.1
20241119-1100,Mountain View Moffett Field Naval Air Station,"Mountain View, California, US",5.0,2.0,-9999.0,-9999.0,-9999.0,0.0,0,-9999,-9999.0,85.0,41.0,80.9
20241119-1200,Mountain View Moffett Field Naval Air Station,"Mountain View, California, US",5.0,2.0,-9999.0,-9999.0,-9999.0,0.0,0,-9999,-9999.0,85.0,41.0,80.9
20241119-1300,Mountain View Moffett Field Naval Air Station,"Mountain View, California, US",5.0,2.0,-9999.0,-9999.0,-9999.0,5.4,160,-9999,-9999.0,85.0,41.0,80.9
20241119-1400,Mountain View Moffett Field Naval Air Station,"Mountain View, California, US",4.0,1.0,-9999.0,-9999.0,-9999.0,5.4,130,-9999,-9999.0,85.0,39.2,80.8
20241119-1500,Mountain View Moffett Field Naval Air Station,"Mountain View, California, US",4.0,1.0,-9999.0,-9999.0,-9999.0,9.360000000000001,120,-9999,-9999.0,85.0,39.2,80.8
20241119-1600,Mountain View Moffett Field Naval Air Station,"Mountain View, California, US",6.0,2.0,-9999.0,-9999.0,-9999.0,7.5600000000000005,150,-9999,-9999.0,80.0,42.8,75.5
20241119-1700,Mountain View Moffett Field Naval Air Station,"Mountain View, California, US",8.0,3.0,-9999.0,-9999.0,-9999.0,9.360000000000001,130,-9999,-9999.0,75.0,46.4,70.7
20241119-1800,Mountain View Moffett Field Naval Air Station,"Mountain View, California, US",12.0,3.0,-9999.0,-9999.0,-9999.0,0.0,0,-9999,-9999.0,55.0,53.6,54.1
20241119-1900,Mountain View Moffett Field Naval Air Station,"Mountain View, California, US",13.0,3.0,-9999.0,-9999.0,-9999.0,0.0,0,-9999,-9999.0,50.0,55.4,50.6
20241119-2000,Mountain View Moffett Field Naval Air Station,"Mountain View, California, US",14.0,2.0,-9999.0,-9999.0,-9999.0,0.0,0,-9999,-9999.0,40.0,57.2,44.2
20241119-2100,Mountain View Moffett Field Naval Air Station,"Mountain View, California, US",15.0,1.0,-9999.0,-9999.0,-9999.0,9.360000000000001,340,-9999,-9999.0,30.0,59.0,38.6
20241119-2200,Mountain View Moffett Field Naval Air Station,"Mountain View, California, US",16.0,2.0,-9999.0,-9999.0,-9999.0,-9999.0,-9999,-9999,-9999.0,30.0,60.8,38.8
20241119-2300,Mountain View Moffett Field Naval Air Station,"Mountain View, California, US",16.0,2.0,-9999.0,-9999.0,-9999.0,7.5600000000000005,20,-9999,-9999.0,30.0,60.8,38.8
20241120-0000,Mountain View Moffett Field Naval Air Station,"Mountain View, California, US",14.0,4.0,-9999.0,-9999.0,-9999.0,11.16,340,-9999,-9999.0,50.0,57.2,50.9
20241120-0100,Mountain View Moffett Field Naval Air Station,"Mountain View, California, US",13.0,3.0,-9999.0,-9999.0,-9999.0,7.5600000000000005,310,-9999,-9999.0,50.0,55.4,50.6
20241120-0200,Mountain View Moffett Field Naval Air Station,"Mountain View, California, US",12.0,4.0,-9999.0,-9999.0,-9999.0,0.0,0,-9999,-9999.0,60.0,53.6,58.0
20241120-0300,Mountain View Moffett Field Naval Air Station,"Mountain View, California, US",12.0,5.0,-9999.0,-9999.0,-9999.0,0.0,0,-9999,-9999.0,65.0,53.6,62.2
20241120-0400,Mountain View Moffett Field Naval Air Station,"Mountain View, California, US",13.0,-3.0,-9999.0,-9999.0,-9999.0,9.360000000000001,150,-9999,-9999.0,20.0,55.4,32.8
20241120-0500,Mountain View Moffett Field Naval Air Station,"Mountain View, California, US",12.0,-4.0,-9999.0,-9999.0,-9999.0,9.360000000000001,130,-9999,-9999.0,20.0,53.6,32.5
20241120-0600,Mountain View Moffett Field Naval Air Station,"Mountain View, California, US",12.0,-5.0,-9999.0,-9999.0,-9999.0,11.16,140,-9999,-9999.0,15.0,53.6,30.1
20241120-0700,Mountain View Moffett Field Naval Air Station,"Mountain View, California, US",12.0,-5.0,-9999.0,-9999.0,-9999.0,16.56,150,-9999,-9999.0,15.0,53.6,30.1
20241120-0800,Mountain View Moffett Field Naval Air Station,"Mountain View, California, US",12.0,-4.0,-9999.0,-9999.0,-9999.0,18.36,120,-9999,-9999.0,20.0,53.6,32.5
20241120-0900,Mountain View Moffett Field Naval Air Station,"Mountain View, California, US",12.0,-5.0,-9999.0,-9999.0,-9999.0,22.32,120,-9999,-9999.0,15.0,53.6,30.1
20241120-1000,Mountain View Moffett Field Naval Air Station,"Mountain View, California, US",13.0,-6.0,-9999.0,-9999.0,-9999.0,18.36,100,-9999,-9999.0,5.0,55.4,26.1
20241120-1100,Mountain View Moffett Field Naval Air Station,"Mountain View, California, US",13.0,-6.0,-9999.0,-9999.0,-9999.0,16.56,130,-9999,-9999.0,5.0,55.4,26.1
20241120-1200,Mountain View Moffett Field Naval Air Station,"Mountain View, California, US",14.0,-4.0,-9999.0,-9999.0,-9999.0,11.16,-9999,-9999,-9999.0,10.0,57.2,28.5
20241120-1300,Mountain View Moffett Field Naval Air Station,"Mountain View, California, US",13.0,-2.0,-9999.0,-9999.0,-9999.0,14.76,130,-9999,-9999.0,25.0,55.4,35.3
20241120-1400,Mountain View Moffett Field Naval Air Station,"Mountain View, California, US",13.0,-1.0,-9999.0,-9999.0,-9999.0,18.36,150,-9999,-9999.0,30.0,55.4,38.0
20241120-1500,Mountain View Moffett Field Naval Air Station,"Mountain View, California, US",14.0,2.0,-9999.0,-9999.0,-9999.0,20.520000000000003,150,-9999,-9999.0,40.0,57.2,44.2
20241120-1600,Mountain View Moffett Field Naval Air Station,"Mountain View, California, US",14.0,3.0,-9999.0,-9999.0,-9999.0,22.32,150,-9999,-9999.0,45.0,57.2,47.4
20241120-1700,Mountain View Moffett Field Naval Air Station,"Mountain View, California, US",14.0,5.0,-9999.0,-9999.0,-9999.0,27.72,150,-9999,-9999.0,55.0,57.2,54.6
20241120-1800,Mountain View Moffett Field Naval Air Station,"Mountain View, California, US",16.0,1.0,-9999.0,-9999.0,-9999.0,22.32,140,50,-9999.0,25.0,60.8,36.2
20241120-1900,Mountain View Moffett Field Naval Air Station,"Mountain View, California, US",17.0,6.0,-9999.0,-9999.0,-9999.0,25.919999999999998,160,-9999,-9999.0,45.0,62.6,48.3
20241120-2000,Mountain View Moffett Field Naval Air Station,"Mountain View, California, US",18.0,6.0,-9999.0,-9999.0,-9999.0,20.520000000000003,180,-9999,-9999.0,40.0,64.4,45.3
20241120-2100,Mountain View Moffett Field Naval Air Station,"Mountain View, California, US",19.0,6.0,-9999.0,-9999.0,-9999.0,33.480000000000004,180,-9999,-9999.0,35.0,66.2,42.6
20241120-2200,Mountain View Moffett Field Naval Air Station,"Mountain View, California, US",17.0,8.0,-9999.0,-9999.0,-9999.0,29.52,180,-9999,-9999.0,55.0,62.6,55.4
20241120-2300,Mountain View Moffett Field Naval Air Station,"Mountain View, California, US",17.0,8.0,-9999.0,-9999.0,-9999.0,24.12,190,-9999,-9999.0,55.0,62.6,55.4
20241121-0000,Mountain View Moffett Field Naval Air Station,"Mountain View, California, US",17.0,8.0,-9999.0,-9999.0,-9999.0,29.52,190,-9999,-9999.0,55.0,62.6,55.4
20241121-0100,Mountain View Moffett Field Naval Air Station,"Mountain View, California, US",16.0,7.0,-9999.0,-9999.0,-9999.0,20.520000000000003,150,-9999,-9999.0,55.0,60.8,55.1
20241121-0200,Mountain View Moffett Field Naval Air Station,"Mountain View, California, US",16.0,8.0,-9999.0,-9999.0,-9999.0,25.919999999999998,180,-9999,-9999.0,60.0,60.8,59.0
20241121-0300,Mountain View Moffett Field Naval Air Station,"Mountain View, California, US",16.0,8.0,-9999.0,-9999.0,-9999.0,20.520000000000003,160,-9999,-9999.0,60.0,60.8,59.0
20241121-0500,Mountain View Moffett Field Naval Air Station,"Mountain View, California, US",17.0,8.0,-9999.0,-9999.0,-9999.0,20.520000000000003,170,-9999,-9999.0,55.0,62.6,55.4
20241121-0600,Mountain View Moffett Field Naval Air Station,"Mountain View, California, US",16.0,4.0,-9999.0,-9999.0,-9999.0,24.12,180,-9999,-9999.0,40.0,60.8,44.8
20241121-0700,Mountain View Moffett Field Naval Air Station,"Mountain View, California, US",15.0,8.0,-9999.0,-9999.0,-9999.0,18.36,150,-9999,-9999.0,65.0,59.0,62.9
20241121-0800,Mountain View Moffett Field Naval Air Station,"Mountain View, California, US",15.0,8.0,-9999.0,-9999.0,-9999.0,27.72,150,-9999,-9999.0,65.0,59.0,62.9
20241121-0900,Mountain View Moffett Field Naval Air Station,"Mountain View, California, US",15.0,8.0,-9999.0,-9999.0,-9999.0,24.12,160,-9999,-9999.0,65.0,59.0,62.9
20241121-1000,Mountain View Moffett Field Naval Air Station,"Mountain View, California, US",15.0,8.0,-9999.0,-9999.0,-9999.0,18.36,150,-9999,-9999.0,65.0,59.0,62.9
20241121-1100,Mountain View Moffett Field Naval Air Station,"Mountain View, California, US",16.0,7.0,-9999.0,-9999.0,-9999.0,25.919999999999998,160,-9999,-9999.0,55.0,60.8,55.1
20241121-1200,Mountain View Moffett Field Naval Air Station,"Mountain View, California, US",16.0,7.0,-9999.0,-9999.0,-9999.0,18.36,160,-9999,-9999.0,55.0,60.8,55.1
20241121-1300,Mountain View Moffett Field Naval Air Station,"Mountain View, California, US",16.0,6.0,-9999.0,-9999.0,-9999.0,24.12,150,-9999,-9999.0,50.0,60.8,51.5
20241121-1400,Mountain View Moffett Field Naval Air Station,"Mountain View, California, US",15.0,6.0,-9999.0,-9999.0,-9999.0,27.72,140,-9999,-9999.0,55.0,59.0,54.9
20241121-1500,Mountain View Moffett Field Naval Air Station,"Mountain View, California, US",15.0,7.0,-9999.0,-9999.0,-9999.0,20.520000000000003,140,-9999,-9999.0,60.0,59.0,58.8
20241121-1600,Mountain View Moffett Field Naval Air Station,"Mountain View, California, US",15.0,9.0,-9999.0,-9999.0,-9999.0,24.12,130,-9999,-9999.0,70.0,59.0,67.3
20241121-1700,Mountain View Moffett Field Naval Air Station,"Mountain View, California, US",16.0,9.0,-9999.0,-9999.0,-9999.0,40.68,140,25,-9999.0,65.0,60.8,63.1
20241121-1800,Mountain View Moffett Field Naval Air Station,"Mountain View, California, US",17.0,10.0,-9999.0,-9999.0,-9999.0,31.68,150,50,-9999.0,65.0,62.6,63.4
20241121-1900,Mountain View Moffett Field Naval Air Station,"Mountain View, California, US",17.0,10.0,-9999.0,-9999.0,-9999.0,24.12,150,50,-9999.0,65.0,62.6,63.4
20241121-2000,Mountain View Moffett Field Naval Air Station,"Mountain View, California, US",17.0,10.0,-9999.0,-9999.0,-9999.0,22.32,150,-9999,-9999.0,65.0,62.6,63.4
20241121-2100,Mountain View Moffett Field Naval Air Station,"Mountain View, California, US",18.0,11.0,-9999.0,1.5,-9999.0,24.12,150,50,-9999.0,65.0,64.4,63.6
20241121-2200,Mountain View Moffett Field Naval Air Station,"Mountain View, California, US",18.0,11.0,-9999.0,-9999.0,-9999.0,22.32,170,-9999,-9999.0,65.0,64.4,63.6
20241121-2300,Mountain View Moffett Field Naval Air Station,"Mountain View, California, US",18.0,11.0,-9999.0,-9999.0,-9999.0,16.56,170,50,-9999.0,65.0,64.4,63.6
20241122-0000,Mountain View Moffett Field Naval Air Station,"Mountain View, California, US",17.0,12.0,-9999.0,-9999.0,-9999.0,22.32,160,0,-9999.0,75.0,62.6,72.4
20241122-0100,Mountain View Moffett Field Naval Air Station,"Mountain View, California, US",17.0,12.0,-9999.0,-9999.0,-9999.0,11.16,160,25,-9999.0,75.0,62.6,72.4
20241122-0200,Mountain View Moffett Field Naval Air Station,"Mountain View, California, US",17.0,12.0,-9999.0,-9999.0,-9999.0,20.520000000000003,170,0,-9999.0,75.0,62.6,72.4
20241122-0300,Mountain View Moffett Field Naval Air Station,"Mountain View, California, US",17.0,12.0,-9999.0,-9999.0,-9999.0,16.56,180,25,-9999.0,75.0,62.6,72.4
20241122-0400,Mountain View Moffett Field Naval Air Station,"Mountain View, California, US",15.0,12.0,-9999.0,-9999.0,-9999.0,14.76,130,0,-9999.0,85.0,59.0,82.2
20241122-0500,Mountain View Moffett Field Naval Air Station,"Mountain View, California, US",16.0,12.0,-9999.0,-9999.0,-9999.0,11.16,150,0,-9999.0,80.0,60.8,77.1
20241122-0600,Mountain View Moffett Field Naval Air Station,"Mountain View, California, US",16.0,12.0,-9999.0,-9999.0,-9999.0,16.56,190,0,-9999.0,80.0,60.8,77.1
20241122-0700,Mountain View Moffett Field Naval Air Station,"Mountain View, California, US",17.0,12.0,-9999.0,-9999.0,-9999.0,12.959999999999999,190,-9999,-9999.0,75.0,62.6,72.4
20241122-0800,Mountain View Moffett Field Naval Air Station,"Mountain View, California, US",16.0,12.0,-9999.0,-9999.0,-9999.0,18.36,170,-9999,-9999.0,80.0,60.8,77.1
20241122-0900,Mountain View Moffett Field Naval Air Station,"Mountain View, California, US",16.0,12.0,-9999.0,-9999.0,-9999.0,20.520000000000003,160,-9999,-9999.0,80.0,60.8,77.1
20241122-1000,Mountain View Moffett Field Naval Air Station,"Mountain View, California, US",16.0,11.0,-9999.0,-9999.0,-9999.0,20.520000000000003,160,-9999,-9999.0,75.0,60.8,72.2
20241122-1100,Mountain View Moffett Field Naval Air Station,"Mountain View, California, US",16.0,11.0,-9999.0,-9999.0,-9999.0,16.56,140,-9999,-9999.0,75.0,60.8,72.2
20241122-1200,Mountain View Moffett Field Naval Air Station,"Mountain View, California, US",16.0,12.0,-9999.0,-9999.0,-9999.0,16.56,170,-9999,-9999.0,80.0,60.8,77.1
20241122-1300,Mountain View Moffett Field Naval Air Station,"Mountain View, California, US",16.0,11.0,-9999.0,-9999.0,-9999.0,16.56,150,25,-9999.0,75.0,60.8,72.2
20241122-1400,Mountain View Moffett Field Naval Air Station,"Mountain View, California, US",16.0,11.0,-9999.0,-9999.0,-9999.0,16.56,150,-9999,-9999.0,75.0,60.8,72.2
20241122-1500,Mountain View Moffett Field Naval Air Station,"Mountain View, California, US",17.0,11.0,-9999.0,-9999.0,-9999.0,25.919999999999998,170,-9999,-9999.0,70.0,62.6,67.7
20241122-1600,Mountain View Moffett Field Naval Air Station,"Mountain View, California, US",17.0,11.0,-9999.0,-9999.0,-9999.0,27.72,170,25,-9999.0,70.0,62.6,67.7
20241122-1700,Mountain View Moffett Field Naval Air Station,"Mountain View, California, US",16.0,9.0,-9999.0,-9999.0,-9999.0,20.520000000000003,140,-9999,-9999.0,65.0,60.8,63.1
20241122-1800,Mountain View Moffett Field Naval Air Station,"Mountain View, California, US",17.0,10.0,-9999.0,-9999.0,-9999.0,22.32,160,50,-9999.0,65.0,62.6,63.4
20241122-1900,Mountain View Moffett Field Naval Air Station,"Mountain View, California, US",17.0,11.0,-9999.0,-9999.0,-9999.0,-9999.0,-9999,-9999,-9999.0,70.0,62.6,67.7
20241122-2000,Mountain View Moffett Field Naval Air Station,"Mountain View, California, US",16.0,13.0,-9999.0,-9999.0,-9999.0,16.56,170,-9999,-9999.0,85.0,60.8,82.4
20241122-2100,Mountain View Moffett Field Naval Air Station,"Mountain View, California, US",16.0,13.0,-9999.0,-9999.0,-9999.0,22.32,160,-9999,-9999.0,85.0,60.8,82.4
20241122-2200,Mountain View Moffett Field Naval Air Station,"Mountain View, California, US",17.0,13.0,-9999.0,0.3,-9999.0,20.520000000000003,170,-9999,-9999.0,80.0,62.6,77.3
20241122-2300,Mountain View Moffett Field Naval Air Station,"Mountain View, California, US",16.0,14.0,-9999.0,0.5,-9999.0,24.12,150,-9999,-9999.0,90.0,60.8,87.9
20241123-0000,Mountain View Moffett Field Naval Air Station,"Mountain View, California, US",16.0,14.0,-9999.0,1.0,-9999.0,24.12,150,-9999,-9999.0,90.0,60.8,87.9
20241123-0100,Mountain View Moffett Field Naval Air Station,"Mountain View, California, US",16.0,14.0,-9999.0,1.2,-9999.0,20.520000000000003,160,-9999,-9999.0,90.0,60.8,87.9
20241123-0200,Mountain View Moffett Field Naval Air Station,"Mountain View, California, US",16.0,14.0,-9999.0,-9999.0,-9999.0,33.480000000000004,130,-9999,-9999.0,90.0,60.8,87.9
20241123-0300,Mountain View Moffett Field Naval Air Station,"Mountain View, California, US",15.0,14.0,-9999.0,2.7,-9999.0,37.08,130,-9999,-9999.0,95.0,59.0,93.7
20241123-0400,Mountain View Moffett Field Naval Air Station,"Mountain View, California, US",15.0,14.0,-9999.0,1.7,-9999.0,18.36,120,-9999,-9999.0,95.0,59.0,93.7
20241123-0500,Mountain View Moffett Field Naval Air Station,"Mountain View, California, US",15.0,14.0,-9999.0,2.7,-9999.0,12.959999999999999,140,-9999,-9999.0,95.0,59.0,93.7
20241123-0600,Mountain View Moffett Field Naval Air Station,"Mountain View, California, US",15.0,14.0,-9999.0,2.0,-9999.0,0.0,0,-9999,-9999.0,95.0,59.0,93.7
20241123-0700,Mountain View Moffett Field Naval Air Station,"Mountain View, California, US",13.0,13.0,-9999.0,-9999.0,-9999.0,7.5600000000000005,310,-9999,-9999.0,100.0,55.4,100.0
20241123-0800,Mountain View Moffett Field Naval Air Station,"Mountain View, California, US",13.0,12.0,-9999.0,0.7,-9999.0,0.0,0,-9999,-9999.0,95.0,55.4,93.6
20241123-0900,Mountain View Moffett Field Naval Air Station,"Mountain View, California, US",13.0,12.0,-9999.0,-9999.0,-9999.0,5.4,140,-9999,-9999.0,95.0,55.4,93.6
20241123-1000,Mountain View Moffett Field Naval Air Station,"Mountain View, California, US",12.0,11.0,-9999.0,0.2,-9999.0,0.0,0,-9999,-9999.0,95.0,53.6,93.6
20241123-1100,Mountain View Moffett Field Naval Air Station,"Mountain View, California, US",12.0,10.0,-9999.0,-9999.0,-9999.0,0.0,0,-9999,-9999.0,90.0,53.6,87.6
20241123-1200,Mountain View Moffett Field Naval Air Station,"Mountain View, California, US",11.0,10.0,-9999.0,-9999.0,-9999.0,0.0,0,0,-9999.0,95.0,51.8,93.5
20241123-1300,Mountain View Moffett Field Naval Air Station,"Mountain View, California, US",10.0,10.0,-9999.0,-9999.0,-9999.0,7.5600000000000005,150,0,-9999.0,100.0,50.0,100.0
20241123-1400,Mountain View Moffett Field Naval Air Station,"Mountain View, California, US",11.0,10.0,-9999.0,-9999.0,-9999.0,5.4,160,-9999,-9999.0,95.0,51.8,93.5
20241123-1500,Mountain View Moffett Field Naval Air Station,"Mountain View, California, US",10.0,9.0,-9999.0,-9999.0,-9999.0,5.4,160,-9999,-9999.0,95.0,50.0,93.5
20241123-1600,Mountain View Moffett Field Naval Air Station,"Mountain View, California, US",11.0,9.0,-9999.0,-9999.0,-9999.0,0.0,0,-9999,-9999.0,90.0,51.8,87.5
20241123-1700,Mountain View Moffett Field Naval Air Station,"Mountain View, California, US",13.0,10.0,-9999.0,-9999.0,-9999.0,5.4,150,-9999,-9999.0,85.0,55.4,82.0
20241123-1800,Mountain View Moffett Field Naval Air Station,"Mountain View, California, US",15.0,11.0,-9999.0,-9999.0,-9999.0,11.16,140,0,-9999.0,80.0,59.0,77.0
20241123-1900,Mountain View Moffett Field Naval Air Station,"Mountain View, California, US",15.0,9.0,-9999.0,-9999.0,-9999.0,7.5600000000000005,270,-9999,-9999.0,70.0,59.0,67.3
20241123-2000,Mountain View Moffett Field Naval Air Station,"Mountain View, California, US",15.0,9.0,-9999.0,-9999.0,-9999.0,12.959999999999999,230,25,-9999.0,70.0,59.0,67.3
20241123-2100,Mountain View Moffett Field Naval Air Station,"Mountain View, California, US",17.0,8.0,-9999.0,-9999.0,-9999.0,12.959999999999999,270,-9999,-9999.0,55.0,62.6,55.4
20241123-2200,Mountain View Moffett Field Naval Air Station,"Mountain View, California, US",16.0,9.0,-9999.0,-9999.0,-9999.0,12.959999999999999,270,0,-9999.0,65.0,60.8,63.1
20241123-2300,Mountain View Moffett Field Naval Air Station,"Mountain View, California, US",17.0,8.0,-9999.0,-9999.0,-9999.0,20.520000000000003,280,0,-9999.0,55.0,62.6,55.4
20241124-0000,Mountain View Moffett Field Naval Air Station,"Mountain View, California, US",16.0,8.0,-9999.0,-9999.0,-9999.0,14.76,270,0,-9999.0,60.0,60.8,59.0
20241124-0100,Mountain View Moffett Field Naval Air Station,"Mountain View, California, US",14.0,8.0,-9999.0,-9999.0,-9999.0,7.5600000000000005,290,0,-9999.0,70.0,57.2,67.1
20241124-0200,Mountain View Moffett Field Naval Air Station,"Mountain View, California, US",13.0,8.0,-9999.0,-9999.0,-9999.0,9.360000000000001,250,0,-9999.0,75.0,55.4,71.6
20241124-0300,Mountain View Moffett Field Naval Air Station,"Mountain View, California, US",13.0,9.0,-9999.0,-9999.0,-9999.0,11.16,260,0,-9999.0,80.0,55.4,76.7
20241124-0400,Mountain View Moffett Field Naval Air Station,"Mountain View, California, US",12.0,8.0,-9999.0,-9999.0,-9999.0,0.0,0,0,-9999.0,80.0,53.6,76.5
20241124-0600,Mountain View Moffett Field Naval Air Station,"Mountain View, California, US",10.0,8.0,-9999.0,-9999.0,-9999.0,0.0,0,0,-9999.0,90.0,50.0,87.4
20241124-0700,Mountain View Moffett Field Naval Air Station,"Mountain View, California, US",9.0,7.0,-9999.0,-9999.0,-9999.0,9.360000000000001,200,0,-9999.0,90.0,48.2,87.3
20241124-0800,Mountain View Moffett Field Naval Air Station,"Mountain View, California, US",8.0,6.0,-9999.0,-9999.0,-9999.0,0.0,0,0,-9999.0,90.0,46.4,87.2
20241124-0900,Mountain View Moffett Field Naval Air Station,"Mountain View, California, US",8.0,6.0,-9999.0,-9999.0,-9999.0,0.0,0,0,-9999.0,90.0,46.4,87.2
20241124-1000,Mountain View Moffett Field Naval Air Station,"Mountain View, California, US",7.0,5.0,-9999.0,-9999.0,-9999.0,0.0,0,0,-9999.0,90.0,44.6,87.1
20241124-1100,Mountain View Moffett Field Naval Air Station,"Mountain View, California, US",-9999.0,-9999.0,-9999.0,-9999.0,-9999.0,0.0,0,-9999,-9999.0,100.0,-17966.2,100.0
20241124-1200,Mountain View Moffett Field Naval Air Station,"Mountain View, California, US",6.0,5.0,-9999.0,-9999.0,-9999.0,0.0,0,0,-9999.0,95.0,42.8,93.3
20241124-1300,Mountain View Moffett Field Naval Air Station,"Mountain View, California, US",6.0,4.0,-9999.0,-9999.0,-9999.0,0.0,0,0,-9999.0,90.0,42.8,87.0
20241124-1400,Mountain View Moffett Field Naval Air Station,"Mountain View, California, US",6.0,4.0,-9999.0,-9999.0,-9999.0,9.360000000000001,140,0,-9999.0,90.0,42.8,87.0
20241124-1500,Mountain View Moffett Field Naval Air Station,"Mountain View, California, US",6.0,4.0,-9999.0,-9999.0,-9999.0,7.5600000000000005,140,0,-9999.0,90.0,42.8,87.0
20241124-1600,Mountain View Moffett Field Naval Air Station,"Mountain View, California, US",8.0,7.0,-9999.0,-9999.0,-9999.0,11.16,150,0,-9999.0,95.0,46.4,93.4
20241124-1700,Mountain View Moffett Field Naval Air Station,"Mountain View, California, US",10.0,8.0,-9999.0,-9999.0,-9999.0,11.16,130,0,-9999.0,90.0,50.0,87.4
20241124-1800,Mountain View Moffett Field Naval Air Station,"Mountain View, California, US",12.0,8.0,-9999.0,-9999.0,-9999.0,14.76,140,0,-9999.0,80.0,53.6,76.5
20241124-1900,Mountain View Moffett Field Naval Air Station,"Mountain View, California, US",15.0,7.0,-9999.0,-9999.0,-9999.0,16.56,120,0,-9999.0,60.0,59.0,58.8
20241124-2000,Mountain View Moffett Field Naval Air Station,"Mountain View, California, US",16.0,7.0,-9999.0,-9999.0,-9999.0,12.959999999999999,130,-9999,-9999.0,55.0,60.8,55.1
20241124-2100,Mountain View Moffett Field Naval Air Station,"Mountain View, California, US",17.0,5.0,-9999.0,-9999.0,-9999.0,18.36,190,0,-9999.0,40.0,62.6,45.0
20241124-2200,Mountain View Moffett Field Naval Air Station,"Mountain View, California, US",18.0,6.0,-9999.0,-9999.0,-9999.0,11.16,-9999,-9999,-9999.0,40.0,64.4,45.3
20241124-2300,Mountain View Moffett Field Naval Air Station,"Mountain View, California, US",17.0,6.0,-9999.0,-9999.0,-9999.0,11.16,170,25,-9999.0,45.0,62.6,48.3
20241125-0000,Mountain View Moffett Field Naval Air Station,"Mountain View, California, US",16.0,7.0,-9999.0,-9999.0,-9999.0,18.36,170,-9999,-9999.0,55.0,60.8,55.1
20241125-0100,Mountain View Moffett Field Naval Air Station,"Mountain View, California, US",15.0,8.0,-9999.0,-9999.0,-9999.0,11.16,160,0,-9999.0,65.0,59.0,62.9
20241125-0300,Mountain View Moffett Field Naval Air Station,"Mountain View, California, US",13.0,9.0,-9999.0,-9999.0,-9999.0,9.360000000000001,150,0,-9999.0,80.0,55.4,76.7
20241125-0400,Mountain View Moffett Field Naval Air Station,"Mountain View, California, US",13.0,9.0,-9999.0,-9999.0,-9999.0,11.16,120,0,-9999.0,80.0,55.4,76.7
20241125-0500,Mountain View Moffett Field Naval Air Station,"Mountain View, California, US",14.0,8.0,-9999.0,-9999.0,-9999.0,9.360000000000001,140,-9999,-9999.0,70.0,57.2,67.1
20241125-0600,Mountain View Moffett Field Naval Air Station,"Mountain View, California, US",12.0,8.0,-9999.0,-9999.0,-9999.0,0.0,0,-9999,-9999.0,80.0,53.6,76.5
20241125-0700,Mountain View Moffett Field Naval Air Station,"Mountain View, California, US",11.0,8.0,-9999.0,-9999.0,-9999.0,0.0,0,-9999,-9999.0,85.0,51.8,81.7
20241125-0800,Mountain View Moffett Field Naval Air Station,"Mountain View, California, US",12.0,8.0,-9999.0,-9999.0,-9999.0,5.4,180,-9999,-9999.0,80.0,53.6,76.5
20241125-0900,Mountain View Moffett Field Naval Air Station,"Mountain View, California, US",12.0,8.0,-9999.0,-9999.0,-9999.0,7.5600000000000005,160,50,-9999.0,80.0,53.6,76.5
20241125-1000,Mountain View Moffett Field Naval Air Station,"Mountain View, California, US",12.0,9.0,-9999.0,-9999.0,-9999.0,12.959999999999999,140,-9999,-9999.0,85.0,53.6,81.9
20241125-1100,Mountain View Moffett Field Naval Air Station,"Mountain View, California, US",12.0,9.0,-9999.0,-9999.0,-9999.0,14.76,140,-9999,-9999.0,85.0,53.6,81.9
20241125-1200,Mountain View Moffett Field Naval Air Station,"Mountain View, California, US",12.0,10.0,-9999.0,0.3,-9999.0,-9999.0,-9999,-9999,-9999.0,90.0,53.6,87.6
20241125-1300,Mountain View Moffett Field Naval Air Station,"Mountain View, California, US",11.0,10.0,-9999.0,1.3,-9999.0,12.959999999999999,150,-9999,-9999.0,95.0,51.8,93.5
20241125-1400,Mountain View Moffett Field Naval Air Station,"Mountain View, California, US",11.0,10.0,-9999.0,-9999.0,-9999.0,18.36,130,-9999,-9999.0,95.0,51.8,93.5
20241125-1500,Mountain View Moffett Field Naval Air Station,"Mountain View, California, US",12.0,10.0,-9999.0,0.3,-9999.0,14.76,150,-9999,-9999.0,90.0,53.6,87.6
20241125-1600,Mountain View Moffett Field Naval Air Station,"Mountain View, California, US",12.0,10.0,-9999.0,0.5,-9999.0,12.959999999999999,170,-9999,-9999.0,90.0,53.6,87.6
20241125-1700,Mountain View Moffett Field Naval Air Station,"Mountain View, California, US",12.0,10.0,-9999.0,0.8,-9999.0,9.360000000000001,160,-9999,-9999.0,90.0,53.6,87.6
20241125-1800,Mountain View Moffett Field Naval Air Station,"Mountain View, California, US",12.0,11.0,-9999.0,0.3,-9999.0,9.360000000000001,-9999,-9999,-9999.0,95.0,53.6,93.6
20241125-1900,Mountain View Moffett Field Naval Air Station,"Mountain View, California, US",12.0,11.0,-9999.0,-9999.0,-9999.0,0.0,0,-9999,-9999.0,95.0,53.6,93.6
20241125-2000,Mountain View Moffett Field Naval Air Station,"Mountain View, California, US",12.0,11.0,-9999.0,0.5,-9999.0,5.4,360,-9999,-9999.0,95.0,53.6,93.6
20241125-2100,Mountain View Moffett Field Naval Air Station,"Mountain View, California, US",12.0,11.0,-9999.0,0.5,-9999.0,7.5600000000000005,340,-9999,-9999.0,95.0,53.6,93.6
20241125-2200,Mountain View Moffett Field Naval Air Station,"Mountain View, California, US",12.0,11.0,-9999.0,1.0,-9999.0,0.0,0,-9999,-9999.0,95.0,53.6,93.6
20241125-2300,Mountain View Moffett Field Naval Air Station,"Mountain View, California, US",12.0,12.0,-9999.0,0.3,-9999.0,5.4,50,-9999,-9999.0,100.0,53.6,100.0
20241126-0000,Mountain View Moffett Field Naval Air Station,"Mountain View, California, US",14.0,13.0,-9999.0,-9999.0,-9999.0,7.5600000000000005,-9999,-9999,-9999.0,95.0,57.2,93.7
20241126-0100,Mountain View Moffett Field Naval Air Station,"Mountain View, California, US",15.0,12.0,-9999.0,-9999.0,-9999.0,7.5600000000000005,-9999,-9999,-9999.0,85.0,59.0,82.2
20241126-0200,Mountain View Moffett Field Naval Air Station,"Mountain View, California, US",14.0,12.0,-9999.0,-9999.0,-9999.0,0.0,0,-9999,-9999.0,90.0,57.2,87.7
20241126-0300,Mountain View Moffett Field Naval Air Station,"Mountain View, California, US",14.0,12.0,-9999.0,-9999.0,-9999.0,5.4,320,50,-9999.0,90.0,57.2,87.7
20241126-0400,Mountain View Moffett Field Naval Air Station,"Mountain View, California, US",14.0,12.0,-9999.0,-9999.0,-9999.0,0.0,0,-9999,-9999.0,90.0,57.2,87.7
20241126-0500,Mountain View Moffett Field Naval Air Station,"Mountain View, California, US",13.0,12.0,-9999.0,-9999.0,-9999.0,0.0,0,-9999,-9999.0,95.0,55.4,93.6
20241126-0600,Mountain View Moffett Field Naval Air Station,"Mountain View, California, US",13.0,12.0,-9999.0,-9999.0,-9999.0,0.0,0,-9999,-9999.0,95.0,55.4,93.6
20241126-0700,Mountain View Moffett Field Naval Air Station,"Mountain View, California, US",13.0,12.0,-9999.0,-9999.0,-9999.0,0.0,0,-9999,-9999.0,95.0,55.4,93.6
20241126-0800,Mountain View Moffett Field Naval Air Station,"Mountain View, California, US",13.0,11.0,-9999.0,-9999.0,-9999.0,0.0,0,-9999,-9999.0,90.0,55.4,87.6
20241126-0900,Mountain View Moffett Field Naval Air Station,"Mountain View, California, US",13.0,11.0,-9999.0,-9999.0,-9999.0,7.5600000000000005,270,-9999,-9999.0,90.0,55.4,87.6
20241126-1000,Mountain View Moffett Field Naval Air Station,"Mountain View, California, US",12.0,11.0,-9999.0,-9999.0,-9999.0,0.0,0,-9999,-9999.0,95.0,53.6,93.6
20241126-1100,Mountain View Moffett Field Naval Air Station,"Mountain View, California, US",12.0,10.0,-9999.0,-9999.0,-9999.0,0.0,0,-9999,-9999.0,90.0,53.6,87.6
20241126-1200,Mountain View Moffett Field Naval Air Station,"Mountain View, California, US",12.0,10.0,-9999.0,-9999.0,-9999.0,0.0,0,-9999,-9999.0,90.0,53.6,87.6
20241126-1300,Mountain View Moffett Field Naval Air Station,"Mountain View, California, US",12.0,11.0,-9999.0,-9999.0,-9999.0,0.0,0,-9999,-9999.0,95.0,53.6,93.6
20241126-1400,Mountain View Moffett Field Naval Air Station,"Mountain View, California, US",12.0,10.0,-9999.0,-9999.0,-9999.0,0.0,0,-9999,-9999.0,90.0,53.6,87.6
20241126-1500,Mountain View Moffett Field Naval Air Station,"Mountain View, California, US",12.0,10.0,-9999.0,-9999.0,-9999.0,0.0,0,-9999,-9999.0,90.0,53.6,87.6
20241126-1600,Mountain View Moffett Field Naval Air Station,"Mountain View, California, US",12.0,10.0,-9999.0,-9999.0,-9999.0,0.0,0,-9999,-9999.0,90.0,53.6,87.6
20241126-1700,Mountain View Moffett Field Naval Air Station,"Mountain View, California, US",12.0,11.0,-9999.0,-9999.0,-9999.0,0.0,0,-9999,-9999.0,95.0,53.6,93.6
20241126-1800,Mountain View Moffett Field Naval Air Station,"Mountain View, California, US",14.0,10.0,-9999.0,-9999.0,-9999.0,0.0,0,-9999,-9999.0,80.0,57.2,76.8
20241126-1900,Mountain View Moffett Field Naval Air Station,"Mountain View, California, US",14.0,10.0,-9999.0,-9999.0,-9999.0,9.360000000000001,350,-9999,-9999.0,80.0,57.2,76.8
20241126-2000,Mountain View Moffett Field Naval Air Station,"Mountain View, California, US",13.0,11.0,-9999.0,-9999.0,-9999.0,9.360000000000001,330,-9999,-9999.0,90.0,55.4,87.6
20241126-2100,Mountain View Moffett Field Naval Air Station,"Mountain View, California, US",13.0,11.0,-9999.0,-9999.0,-9999.0,0.0,0,-9999,-9999.0,90.0,55.4,87.6
20241126-2200,Mountain View Moffett Field Naval Air Station,"Mountain View, California, US",13.0,11.0,-9999.0,-9999.0,-9999.0,7.5600000000000005,320,-9999,-9999.0,90.0,55.4,87.6
20241126-2300,Mountain View Moffett Field Naval Air Station,"Mountain View, California, US",14.0,11.0,-9999.0,-9999.0,-9999.0,0.0,0,-9999,-9999.0,85.0,57.2,82.1
20241127-0000,Mountain View Moffett Field Naval Air Station,"Mountain View, California, US",14.0,11.0,-9999.0,-9999.0,-9999.0,0.0,0,-9999,-9999.0,85.0,57.2,82.1
20241127-0100,Mountain View Moffett Field Naval Air Station,"Mountain View, California, US",12.0,10.0,-9999.0,-9999.0,-9999.0,0.0,0,0,-9999.0,90.0,53.6,87.6
20241127-0200,Mountain View Moffett Field Naval Air Station,"Mountain View, California, US",12.0,10.0,-9999.0,-9999.0,-9999.0,0.0,0,0,-9999.0,90.0,53.6,87.6
20241127-0300,Mountain View Moffett Field Naval Air Station,"Mountain View, California, US",12.0,10.0,-9999.0,-9999.0,-9999.0,0.0,0,0,-9999.0,90.0,53.6,87.6
20241127-0400,Mountain View Moffett Field Naval Air Station,"Mountain View, California, US",10.0,9.0,-9999.0,-9999.0,-9999.0,0.0,0,-9999,-9999.0,95.0,50.0,93.5
20241127-0500,Mountain View Moffett Field Naval Air Station,"Mountain View, California, US",9.0,8.0,-9999.0,-9999.0,-9999.0,0.0,0,25,-9999.0,95.0,48.2,93.4
20241127-0600,Mountain View Moffett Field Naval Air Station,"Mountain View, California, US",9.0,8.0,-9999.0,-9999.0,-9999.0,0.0,0,0,-9999.0,95.0,48.2,93.4
20241127-0700,Mountain View Moffett Field Naval Air Station,"Mountain View, California, US",9.0,8.0,-9999.0,-9999.0,-9999.0,0.0,0,50,-9999.0,95.0,48.2,93.4
20241127-0800,Mountain View Moffett Field Naval Air Station,"Mountain View, California, US",10.0,9.0,-9999.0,-9999.0,-9999.0,9.360000000000001,270,0,-9999.0,95.0,50.0,93.5
20241127-0900,Mountain View Moffett Field Naval Air Station,"Mountain View, California, US",10.0,9.0,-9999.0,-9999.0,-9999.0,0.0,0,0,-9999.0,95.0,50.0,93.5
20241127-1000,Mountain View Moffett Field Naval Air Station,"Mountain View, California, US",10.0,9.0,-9999.0,-9999.0,-9999.0,0.0,0,0,-9999.0,95.0,50.0,93.5
20241127-1100,Mountain View Moffett Field Naval Air Station,"Mountain View, California, US",10.0,9.0,-9999.0,-9999.0,-9999.0,12.959999999999999,310,0,-9999.0,95.0,50.0,93.5
20241127-1200,Mountain View Moffett Field Naval Air Station,"Mountain View, California, US",10.0,8.0,-9999.0,-9999.0,-9999.0,11.16,290,0,-9999.0,90.0,50.0,87.4
20241127-1300,Mountain View Moffett Field Naval Air Station,"Mountain View, California, US",10.0,7.0,-9999.0,-9999.0,-9999.0,12.959999999999999,310,0,-9999.0,85.0,50.0,81.6
20241127-1400,Mountain View Moffett Field Naval Air Station,"Mountain View, California, US",10.0,7.0,-9999.0,-9999.0,-9999.0,12.959999999999999,330,0,-9999.0,85.0,50.0,81.6
20241127-1500,Mountain View Moffett Field Naval Air Station,"Mountain View, California, US",10.0,5.0,-9999.0,-9999.0,-9999.0,24.12,350,-9999,-9999.0,75.0,50.0,71.1
20241127-1600,Mountain View Moffett Field Naval Air Station,"Mountain View, California, US",10.0,3.0,-9999.0,-9999.0,-9999.0,11.16,320,0,-9999.0,65.0,50.0,61.8
20241127-1700,Mountain View Moffett Field Naval Air Station,"Mountain View, California, US",11.0,3.0,-9999.0,-9999.0,-9999.0,20.520000000000003,340,0,-9999.0,60.0,51.8,57.8
20241127-1800,Mountain View Moffett Field Naval Air Station,"Mountain View, California, US",13.0,2.0,-9999.0,-9999.0,-9999.0,18.36,350,0,-9999.0,45.0,55.4,47.2
20241127-1900,Mountain View Moffett Field Naval Air Station,"Mountain View, California, US",14.0,2.0,-9999.0,-9999.0,-9999.0,20.520000000000003,10,0,-9999.0,40.0,57.2,44.2
20241127-2000,Mountain View Moffett Field Naval Air Station,"Mountain View, California, US",15.0,1.0,-9999.0,-9999.0,-9999.0,20.520000000000003,20,0,-9999.0,30.0,59.0,38.6
20241127-2100,Mountain View Moffett Field Naval Air Station,"Mountain View, California, US",15.0,1.0,-9999.0,-9999.0,-9999.0,9.360000000000001,-9999,0,-9999.0,30.0,59.0,38.6
20241127-2200,Mountain View Moffett Field Naval Air Station,"Mountain View, California, US",15.0,1.0,-9999.0,-9999.0,-9999.0,11.16,-9999,0,-9999.0,30.0,59.0,38.6
20241127-2300,Mountain View Moffett Field Naval Air Station,"Mountain View, California, US",16.0,1.0,-9999.0,-9999.0,-9999.0,7.5600000000000005,300,0,-9999.0,25.0,60.8,36.2
20241128-0000,Mountain View Moffett Field Naval Air Station,"Mountain View, California, US",15.0,3.0,-9999.0,-9999.0,-9999.0,11.16,330,0,-9999.0,40.0,59.0,44.5
20241128-0100,Mountain View Moffett Field Naval Air Station,"Mountain View, California, US",13.0,4.0,-9999.0,-9999.0,-9999.0,7.5600000000000005,320,0,-9999.0,55.0,55.4,54.3
20241128-0200,Mountain View Moffett Field Naval Air Station,"Mountain View, California, US",13.0,3.0,-9999.0,-9999.0,-9999.0,7.5600000000000005,310,0,-9999.0,50.0,55.4,50.6
20241128-0300,Mountain View Moffett Field Naval Air Station,"Mountain View, California, US",11.0,3.0,-9999.0,-9999.0,-9999.0,5.4,290,0,-9999.0,60.0,51.8,57.8
20241128-0400,Mountain View Moffett Field Naval Air Station,"Mountain View, California, US",11.0,1.0,-9999.0,-9999.0,-9999.0,7.5600000000000005,-9999,0,-9999.0,50.0,51.8,50.1
20241128-0500,Mountain View Moffett Field Naval Air Station,"Mountain View, California, US",9.0,3.0,-9999.0,-9999.0,-9999.0,7.5600000000000005,270,0,-9999.0,70.0,48.2,66.0
20241128-0600,Mountain View Moffett Field Naval Air Station,"Mountain View, California, US",8.0,3.0,-9999.0,-9999.0,-9999.0,0.0,0,0,-9999.0,75.0,46.4,70.7
20241128-0700,Mountain View Moffett Field Naval Air Station,"Mountain View, California, US",7.0,2.0,-9999.0,-9999.0,-9999.0,5.4,230,0,-9999.0,75.0,44.6,70.5
20241128-0800,Mountain View Moffett Field Naval Air Station,"Mountain View, California, US",6.0,2.0,-9999.0,-9999.0,-9999.0,0.0,0,0,-9999.0,80.0,42.8,75.5
20241128-0900,Mountain View Moffett Field Naval Air Station,"Mountain View, California, US",5.0,2.0,-9999.0,-9999.0,-9999.0,0.0,0,0,-9999.0,85.0,41.0,80.9
20241128-1000,Mountain View Moffett Field Naval Air Station,"Mountain View, California, US",5.0,2.0,-9999.0,-9999.0,-9999.0,0.0,0,0,-9999.0,85.0,41.0,80.9
20241128-1100,Mountain View Moffett Field Naval Air Station,"Mountain View, California, US",4.0,2.0,-9999.0,-9999.0,-9999.0,0.0,0,0,-9999.0,90.0,39.2,86.8
20241128-1200,Mountain View Moffett Field Naval Air Station,"Mountain View, California, US",4.0,2.0,-9999.0,-9999.0,-9999.0,0.0,0,0,-9999.0,90.0,39.2,86.8
20241128-1300,Mountain View Moffett Field Naval Air Station,"Mountain View, California, US",3.0,2.0,-9999.0,-9999.0,-9999.0,0.0,0,0,-9999.0,95.0,37.4,93.1
20241128-1400,Mountain View Moffett Field Naval Air Station,"Mountain View, California, US",3.0,1.0,-9999.0,-9999.0,-9999.0,0.0,0,0,-9999.0,90.0,37.4,86.7
20241128-1500,Mountain View Moffett Field Naval Air Station,"Mountain View, California, US",3.0,1.0,-9999.0,-9999.0,-9999.0,0.0,0,0,-9999.0,90.0,37.4,86.7
20241128-1600,Mountain View Moffett Field Naval Air Station,"Mountain View, California, US",3.0,2.0,-9999.0,-9999.0,-9999.0,0.0,0,0,-9999.0,95.0,37.4,93.1
20241128-1700,Mountain View Moffett Field Naval Air Station,"Mountain View, California, US",8.0,3.0,-9999.0,-9999.0,-9999.0,0.0,0,0,-9999.0,75.0,46.4,70.7
20241128-1800,Mountain View Moffett Field Naval Air Station,"Mountain View, California, US",11.0,2.0,-9999.0,-9999.0,-9999.0,7.5600000000000005,-9999,0,-9999.0,55.0,51.8,53.8
20241128-1900,Mountain View Moffett Field Naval Air Station,"Mountain View, California, US",12.0,1.0,-9999.0,-9999.0,-9999.0,12.959999999999999,350,0,-9999.0,45.0,53.6,46.9
20241128-2000,Mountain View Moffett Field Naval Air Station,"Mountain View, California, US",12.0,2.0,-9999.0,-9999.0,-9999.0,9.360000000000001,350,0,-9999.0,50.0,53.6,50.4
20241128-2100,Mountain View Moffett Field Naval Air Station,"Mountain View, California, US",14.0,2.0,-9999.0,-9999.0,-9999.0,5.4,-9999,0,-9999.0,40.0,57.2,44.2
20241128-2200,Mountain View Moffett Field Naval Air Station,"Mountain View, California, US",16.0,2.0,-9999.0,-9999.0,-9999.0,0.0,0,0,-9999.0,30.0,60.8,38.8
20241128-2300,Mountain View Moffett Field Naval Air Station,"Mountain View, California, US",15.0,2.0,-9999.0,-9999.0,-9999.0,9.360000000000001,360,0,-9999.0,35.0,59.0,41.4
20241129-0000,Mountain View Moffett Field Naval Air Station,"Mountain View, California, US",14.0,4.0,-9999.0,-9999.0,-9999.0,12.959999999999999,330,0,-9999.0,50.0,57.2,50.9
20241129-0100,Mountain View Moffett Field Naval Air Station,"Mountain View, California, US",13.0,4.0,-9999.0,-9999.0,-9999.0,18.36,340,0,-9999.0,55.0,55.4,54.3
20241129-0200,Mountain View Moffett Field Naval Air Station,"Mountain View, California, US",11.0,4.0,-9999.0,-9999.0,-9999.0,7.5600000000000005,-9999,0,-9999.0,65.0,51.8,62.0
20241129-0300,Mountain View Moffett Field Naval Air Station,"Mountain View, California, US",11.0,5.0,-9999.0,-9999.0,-9999.0,5.4,300,0,-9999.0,70.0,51.8,66.5
20241129-0400,Mountain View Moffett Field Naval Air Station,"Mountain View, California, US",9.0,4.0,-9999.0,-9999.0,-9999.0,0.0,0,0,-9999.0,75.0,48.2,70.9
20241129-0500,Mountain View Moffett Field Naval Air Station,"Mountain View, California, US",8.0,5.0,-9999.0,-9999.0,-9999.0,0.0,0,0,-9999.0,85.0,46.4,81.3
20241129-0600,Mountain View Moffett Field Naval Air Station,"Mountain View, California, US",7.0,4.0,-9999.0,-9999.0,-9999.0,0.0,0,0,-9999.0,85.0,44.6,81.2
20241129-0700,Mountain View Moffett Field Naval Air Station,"Mountain View, California, US",7.0,4.0,-9999.0,-9999.0,-9999.0,0.0,0,0,-9999.0,85.0,44.6,81.2
20241129-0800,Mountain View Moffett Field Naval Air Station,"Mountain View, California, US",6.0,4.0,-9999.0,-9999.0,-9999.0,0.0,0,25,-9999.0,90.0,42.8,87.0
20241129-0900,Mountain View Moffett Field Naval Air Station,"Mountain View, California, US",5.0,3.0,-9999.0,-9999.0,-9999.0,0.0,0,0,-9999.0,90.0,41.0,86.9
20241129-1000,Mountain View Moffett Field Naval Air Station,"Mountain View, California, US",4.0,3.0,-9999.0,-9999.0,-9999.0,0.0,0,0,-9999.0,95.0,39.2,93.2
20241129-1100,Mountain View Moffett Field Naval Air Station,"Mountain View, California, US",4.0,3.0,-9999.0,-9999.0,-9999.0,0.0,0,0,-9999.0,95.0,39.2,93.2
20241129-1200,Mountain View Moffett Field Naval Air Station,"Mountain View, California, US",4.0,3.0,-9999.0,-9999.0,-9999.0,5.4,200,0,-9999.0,95.0,39.2,93.2
20241129-1300,Mountain View Moffett Field Naval Air Station,"Mountain View, California, US",3.0,2.0,-9999.0,-9999.0,-9999.0,0.0,0,0,-9999.0,95.0,37.4,93.1
20241129-1400,Mountain View Moffett Field Naval Air Station,"Mountain View, California, US",3.0,2.0,-9999.0,-9999.0,-9999.0,0.0,0,0,-9999.0,95.0,37.4,93.1
20241129-1500,Mountain View Moffett Field Naval Air Station,"Mountain View, California, US",3.0,2.0,-9999.0,-9999.0,-9999.0,0.0,0,0,-9999.0,95.0,37.4,93.1
20241129-1600,Mountain View Moffett Field Naval Air Station,"Mountain View, California, US",4.0,3.0,-9999.0,-9999.0,-9999.0,0.0,0,0,-9999.0,95.0,39.2,93.2
20241129-1700,Mountain View Moffett Field Naval Air Station,"Mountain View, California, US",8.0,4.0,-9999.0,-9999.0,-9999.0,0.0,0,0,-9999.0,80.0,46.4,75.8
20241129-1800,Mountain View Moffett Field Naval Air Station,"Mountain View, California, US",10.0,4.0,-9999.0,-9999.0,-9999.0,0.0,0,0,-9999.0,70.0,50.0,66.3
20241129-1900,Mountain View Moffett Field Naval Air Station,"Mountain View, California, US",14.0,4.0,-9999.0,-9999.0,-9999.0,0.0,0,0,-9999.0,50.0,57.2,50.9
20241129-2300,Mountain View Moffett Field Naval Air Station,"Mountain View, California, US",14.0,5.0,-9999.0,-9999.0,-9999.0,12.959999999999999,350,0,-9999.0,55.0,57.2,54.6
20241130-0000,Mountain View Moffett Field Naval Air Station,"Mountain View, California, US",14.0,4.0,-9999.0,-9999.0,-9999.0,0.0,0,0,-9999.0,50.0,57.2,50.9
20241130-0100,Mountain View Moffett Field Naval Air Station,"Mountain View, California, US",13.0,5.0,-9999.0,-9999.0,-9999.0,5.4,290,0,-9999.0,60.0,55.4,58.3
20241130-0200,Mountain View Moffett Field Naval Air Station,"Mountain View, California, US",13.0,4.0,-9999.0,-9999.0,-9999.0,11.16,330,0,-9999.0,55.0,55.4,54.3
20241130-0300,Mountain View Moffett Field Naval Air Station,"Mountain View, California, US",12.0,4.0,-9999.0,-9999.0,-9999.0,5.4,310,0,-9999.0,60.0,53.6,58.0
20241130-0400,Mountain View Moffett Field Naval Air Station,"Mountain View, California, US",11.0,4.0,-9999.0,-9999.0,-9999.0,5.4,260,0,-9999.0,65.0,51.8,62.0
20241130-0500,Mountain View Moffett Field Naval Air Station,"Mountain View, California, US",9.0,4.0,-9999.0,-9999.0,-9999.0,0.0,0,0,-9999.0,75.0,48.2,70.9
20241130-0600,Mountain View Moffett Field Naval Air Station,"Mountain View, California, US",8.0,5.0,-9999.0,-9999.0,-9999.0,0.0,0,0,-9999.0,85.0,46.4,81.3
20241130-0700,Mountain View Moffett Field Naval Air Station,"Mountain View, California, US",8.0,5.0,-9999.0,-9999.0,-9999.0,5.4,270,0,-9999.0,85.0,46.4,81.3
20241130-0800,Mountain View Moffett Field Naval Air Station,"Mountain View, California, US",8.0,4.0,-9999.0,-9999.0,-9999.0,7.5600000000000005,300,0,-9999.0,80.0,46.4,75.8
20241130-0900,Mountain View Moffett Field Naval Air Station,"Mountain View, California, US",7.0,4.0,-9999.0,-9999.0,-9999.0,0.0,0,0,-9999.0,85.0,44.6,81.2
20241130-1000,Mountain View Moffett Field Naval Air Station,"Mountain View, California, US",6.0,4.0,-9999.0,-9999.0,-9999.0,0.0,0,0,-9999.0,90.0,42.8,87.0
20241130-1100,Mountain View Moffett Field Naval Air Station,"Mountain View, California, US",6.0,4.0,-9999.0,-9999.0,-9999.0,0.0,0,0,-9999.0,90.0,42.8,87.0
20241130-1200,Mountain View Moffett Field Naval Air Station,"Mountain View, California, US",5.0,4.0,-9999.0,-9999.0,-9999.0,0.0,0,0,-9999.0,95.0,41.0,93.2
20241130-1300,Mountain View Moffett Field Naval Air Station,"Mountain View, California, US",5.0,4.0,-9999.0,-9999.0,-9999.0,0.0,0,0,-9999.0,95.0,41.0,93.2
20241130-1400,Mountain View Moffett Field Naval Air Station,"Mountain View, California, US",5.0,4.0,-9999.0,-9999.0,-9999.0,7.5600000000000005,270,0,-9999.0,95.0,41.0,93.2
20241130-1500,Mountain View Moffett Field Naval Air Station,"Mountain View, California, US",6.0,4.0,-9999.0,-9999.0,-9999.0,7.5600000000000005,290,0,-9999.0,90.0,42.8,87.0
20241130-1600,Mountain View Moffett Field Naval Air Station,"Mountain View, California, US",7.0,5.0,-9999.0,-9999.0,-9999.0,0.0,0,0,-9999.0,90.0,44.6,87.1
20241130-1700,Mountain View Moffett Field Naval Air Station,"Mountain View, California, US",9.0,6.0,-9999.0,-9999.0,-9999.0,7.5600000000000005,340,0,-9999.0,85.0,48.2,81.5
20241130-1800,Mountain View Moffett Field Naval Air Station,"Mountain View, California, US",11.0,5.0,-9999.0,-9999.0,-9999.0,0.0,0,0,-9999.0,70.0,51.8,66.5
20241130-1900,Mountain View Moffett Field Naval Air Station,"Mountain View, California, US",13.0,5.0,-9999.0,-9999.0,-9999.0,0.0,0,0,-9999.0,60.0,55.4,58.3
20241130-2000,Mountain View Moffett Field Naval Air Station,"Mountain View, California, US",15.0,3.0,-9999.0,-9999.0,-9999.0,0.0,0,0,-9999.0,40.0,59.0,44.5
20241130-2100,Mountain View Moffett Field Naval Air Station,"Mountain View, California, US",16.0,4.0,-9999.0,-9999.0,-9999.0,0.0,0,0,-9999.0,40.0,60.8,44.8
20241201-0700,Mountain View Moffett Field Naval Air Station,"Mountain View, California, US",12.0,5.0,-9999.0,-9999.0,-9999.0,0.0,0,-9999,-9999.0,65.0,53.6,62.2
20241201-0800,Mountain View Moffett Field Naval Air Station,"Mountain View, California, US",12.0,6.0,-9999.0,-9999.0,-9999.0,0.0,0,25,-9999.0,70.0,53.6,66.7
20241201-0900,Mountain View Moffett Field Naval Air Station,"Mountain View, California, US",11.0,5.0,-9999.0,-9999.0,-9999.0,0.0,0,-9999,-9999.0,70.0,51.8,66.5
20241201-1000,Mountain View Moffett Field Naval Air Station,"Mountain View, California, US",11.0,5.0,-9999.0,-9999.0,-9999.0,7.5600000000000005,220,25,-9999.0,70.0,51.8,66.5
20241201-1100,Mountain View Moffett Field Naval Air Station,"Mountain View, California, US",10.0,5.0,-9999.0,-9999.0,-9999.0,0.0,0,-9999,-9999.0,75.0,50.0,71.1
20241201-1200,Mountain View Moffett Field Naval Air Station,"Mountain View, California, US",10.0,5.0,-9999.0,-9999.0,-9999.0,0.0,0,50,-9999.0,75.0,50.0,71.1
20241201-1300,Mountain View Moffett Field Naval Air Station,"Mountain View, California, US",10.0,5.0,-9999.0,-9999.0,-9999.0,0.0,0,50,-9999.0,75.0,50.0,71.1
20241201-1400,Mountain View Moffett Field Naval Air Station,"Mountain View, California, US",9.0,5.0,-9999.0,-9999.0,-9999.0,0.0,0,25,-9999.0,80.0,48.2,76.0
20241201-1500,Mountain View Moffett Field Naval Air Station,"Mountain View, California, US",10.0,5.0,-9999.0,-9999.0,-9999.0,5.4,260,-9999,-9999.0,75.0,50.0,71.1
20241201-1600,Mountain View Moffett Field Naval Air Station,"Mountain View, California, US",10.0,6.0,-9999.0,-9999.0,-9999.0,0.0,0,50,-9999.0,80.0,50.0,76.2
20241201-1700,Mountain View Moffett Field Naval Air Station,"Mountain View, California, US",12.0,6.0,-9999.0,-9999.0,-9999.0,9.360000000000001,330,25,-9999.0,70.0,53.6,66.7
20241201-1800,Mountain View Moffett Field Naval Air Station,"Mountain View, California, US",15.0,6.0,-9999.0,-9999.0,-9999.0,0.0,0,50,-9999.0,55.0,59.0,54.9
20241201-2000,Mountain View Moffett Field Naval Air Station,"Mountain View, California, US",16.0,5.0,-9999.0,-9999.0,-9999.0,7.5600000000000005,-9999,-9999,-9999.0,45.0,60.8,48.0
20241201-2200,Mountain View Moffett Field Naval Air Station,"Mountain View, California, US",17.0,5.0,-9999.0,-9999.0,-9999.0,7.5600000000000005,360,25,-9999.0,40.0,62.6,45.0
20241201-2300,Mountain View Moffett Field Naval Air Station,"Mountain View, California, US",18.0,4.0,-9999.0,-9999.0,-9999.0,0.0,0,50,-9999.0,30.0,64.4,39.4
20241202-0000,Mountain View Moffett Field Naval Air Station,"Mountain View, California, US",17.0,4.0,-9999.0,-9999.0,-9999.0,9.360000000000001,360,25,-9999.0,35.0,62.6,42.0
20241202-0100,Mountain View Moffett Field Naval Air Station,"Mountain View, California, US",14.0,7.0,-9999.0,-9999.0,-9999.0,7.5600000000000005,360,0,-9999.0,65.0,57.2,62.7
20241202-0200,Mountain View Moffett Field Naval Air Station,"Mountain View, California, US",14.0,6.0,-9999.0,-9999.0,-9999.0,0.0,0,0,-9999.0,60.0,57.2,58.5
20241202-0300,Mountain View Moffett Field Naval Air Station,"Mountain View, California, US",13.0,6.0,-9999.0,-9999.0,-9999.0,0.0,0,50,-9999.0,65.0,55.4,62.5
20241202-0400,Mountain View Moffett Field Naval Air Station,"Mountain View, California, US",14.0,6.0,-9999.0,-9999.0,-9999.0,5.4,260,25,-9999.0,60.0,57.2,58.5
20241202-0500,Mountain View Moffett Field Naval Air Station,"Mountain View, California, US",14.0,7.0,-9999.0,-9999.0,-9999.0,0.0,0,0,-9999.0,65.0,57.2,62.7
20241202-0600,Mountain View Moffett Field Naval Air Station,"Mountain View, California, US",14.0,6.0,-9999.0,-9999.0,-9999.0,0.0,0,0,-9999.0,60.0,57.2,58.5
20241202-0700,Mountain View Moffett Field Naval Air Station,"Mountain View, California, US",12.0,8.0,-9999.0,-9999.0,-9999.0,0.0,0,0,-9999.0,80.0,53.6,76.5
20241202-0800,Mountain View Moffett Field Naval Air Station,"Mountain View, California, US",11.0,7.0,-9999.0,-9999.0,-9999.0,0.0,0,0,-9999.0,80.0,51.8,76.3
20241202-0900,Mountain View Moffett Field Naval Air Station,"Mountain View, California, US",10.0,6.0,-9999.0,-9999.0,-9999.0,0.0,0,0,-9999.0,80.0,50.0,76.2
20241202-1000,Mountain View Moffett Field Naval Air Station,"Mountain View, California, US",10.0,6.0,-9999.0,-9999.0,-9999.0,0.0,0,0,-9999.0,80.0,50.0,76.2
20241202-1100,Mountain View Moffett Field Naval Air Station,"Mountain View, California, US",8.0,5.0,-9999.0,-9999.0,-9999.0,0.0,0,25,-9999.0,85.0,46.4,81.3
20241202-1200,Mountain View Moffett Field Naval Air Station,"Mountain View, California, US",8.0,5.0,-9999.0,-9999.0,-9999.0,0.0,0,0,-9999.0,85.0,46.4,81.3
20241202-1300,Mountain View Moffett Field Naval Air Station,"Mountain View, California, US",8.0,5.0,-9999.0,-9999.0,-9999.0,0.0,0,0,-9999.0,85.0,46.4,81.3
20241202-1400,Mountain View Moffett Field Naval Air Station,"Mountain View, California, US",8.0,4.0,-9999.0,-9999.0,-9999.0,0.0,0,0,-9999.0,80.0,46.4,75.8
20241202-1500,Mountain View Moffett Field Naval Air Station,"Mountain View, California, US",8.0,4.0,-9999.0,-9999.0,-9999.0,0.0,0,0,-9999.0,80.0,46.4,75.8
20241202-1600,Mountain View Moffett Field Naval Air Station,"Mountain View, California, US",9.0,4.0,-9999.0,-9999.0,-9999.0,0.0,0,0,-9999.0,75.0,48.2,70.9
20241202-1700,Mountain View Moffett Field Naval Air Station,"Mountain View, California, US",12.0,6.0,-9999.0,-9999.0,-9999.0,0.0,0,0,-9999.0,70.0,53.6,66.7
20241202-1800,Mountain View Moffett Field Naval Air Station,"Mountain View, California, US",14.0,7.0,-9999.0,-9999.0,-9999.0,0.0,0,0,-9999.0,65.0,57.2,62.7
20241202-1900,Mountain View Moffett Field Naval Air Station,"Mountain View, California, US",15.0,7.0,-9999.0,-9999.0,-9999.0,7.5600000000000005,350,0,-9999.0,60.0,59.0,58.8
20241202-2000,Mountain View Moffett Field Naval Air Station,"Mountain View, California, US",16.0,5.0,-9999.0,-9999.0,-9999.0,9.360000000000001,360,-9999,-9999.0,45.0,60.8,48.0
20241202-2100,Mountain View Moffett Field Naval Air Station,"Mountain View, California, US",17.0,3.0,-9999.0,-9999.0,-9999.0,9.360000000000001,330,0,-9999.0,30.0,62.6,39.1
20241202-2200,Mountain View Moffett Field Naval Air Station,"Mountain View, California, US",18.0,3.0,-9999.0,-9999.0,-9999.0,11.16,350,0,-9999.0,25.0,64.4,36.7
20241202-2300,Mountain View Moffett Field Naval Air Station,"Mountain View, California, US",17.0,7.0,-9999.0,-9999.0,-9999.0,12.959999999999999,350,0,-9999.0,50.0,62.6,51.7
20241203-0000,Mountain View Moffett Field Naval Air Station,"Mountain View, California, US",17.0,5.0,-9999.0,-9999.0,-9999.0,7.5600000000000005,-9999,0,-9999.0,40.0,62.6,45.0
20241203-0100,Mountain View Moffett Field Naval Air Station,"Mountain View, California, US",15.0,4.0,-9999.0,-9999.0,-9999.0,0.0,0,0,-9999.0,45.0,59.0,47.7
20241203-0200,Mountain View Moffett Field Naval Air Station,"Mountain View, California, US",14.0,5.0,-9999.0,-9999.0,-9999.0,0.0,0,0,-9999.0,55.0,57.2,54.6
20241203-0300,Mountain View Moffett Field Naval Air Station,"Mountain View, California, US",14.0,6.0,-9999.0,-9999.0,-9999.0,0.0,0,0,-9999.0,60.0,57.2,58.5
20241203-0400,Mountain View Moffett Field Naval Air Station,"Mountain View, California, US",12.0,5.0,-9999.0,-9999.0,-9999.0,0.0,0,0,-9999.0,65.0,53.6,62.2
20241203-0500,Mountain View Moffett Field Naval Air Station,"Mountain View, California, US",11.0,5.0,-9999.0,-9999.0,-9999.0,0.0,0,0,-9999.0,70.0,51.8,66.5
20241203-0600,Mountain View Moffett Field Naval Air Station,"Mountain View, California, US",10.0,5.0,-9999.0,-9999.0,-9999.0,0.0,0,0,-9999.0,75.0,50.0,71.1
20241203-0700,Mountain View Moffett Field Naval Air Station,"Mountain View, California, US",10.0,5.0,-9999.0,-9999.0,-9999.0,0.0,0,0,-9999.0,75.0,50.0,71.1
20241203-0800,Mountain View Moffett Field Naval Air Station,"Mountain View, California, US",9.0,4.0,-9999.0,-9999.0,-9999.0,0.0,0,0,-9999.0,75.0,48.2,70.9
20241203-0900,Mountain View Moffett Field Naval Air Station,"Mountain View, California, US",8.0,4.0,-9999.0,-9999.0,-9999.0,0.0,0,0,-9999.0,80.0,46.4,75.8
20241203-1000,Mountain View Moffett Field Naval Air Station,"Mountain View, California, US",8.0,4.0,-9999.0,-9999.0,-9999.0,0.0,0,0,-9999.0,80.0,46.4,75.8
20241203-1100,Mountain View Moffett Field Naval Air Station,"Mountain View, California, US",7.0,4.0,-9999.0,-9999.0,-9999.0,0.0,0,-9999,-9999.0,85.0,44.6,81.2
20241203-1200,Mountain View Moffett Field Naval Air Station,"Mountain View, California, US",7.0,3.0,-9999.0,-9999.0,-9999.0,0.0,0,0,-9999.0,80.0,44.6,75.7
20241203-1300,Mountain View Moffett Field Naval Air Station,"Mountain View, California, US",6.0,3.0,-9999.0,-9999.0,-9999.0,0.0,0,0,-9999.0,85.0,42.8,81.1
20241203-1400,Mountain View Moffett Field Naval Air Station,"Mountain View, California, US",7.0,3.0,-9999.0,-9999.0,-9999.0,0.0,0,0,-9999.0,80.0,44.6,75.7
20241203-1500,Mountain View Moffett Field Naval Air Station,"Mountain View, California, US",7.0,3.0,-9999.0,-9999.0,-9999.0,0.0,0,0,-9999.0,80.0,44.6,75.7
20241203-1700,Mountain View Moffett Field Naval Air Station,"Mountain View, California, US",10.0,5.0,-9999.0,-9999.0,-9999.0,0.0,0,0,-9999.0,75.0,50.0,71.1
20241203-2200,Mountain View Moffett Field Naval Air Station,"Mountain View, California, US",18.0,4.0,-9999.0,-9999.0,-9999.0,9.360000000000001,350,0,-9999.0,30.0,64.4,39.4
20241204-0000,Mountain View Moffett Field Naval Air Station,"Mountain View, California, US",18.0,7.0,-9999.0,-9999.0,-9999.0,7.5600000000000005,10,0,-9999.0,45.0,64.4,48.6
20241204-0100,Mountain View Moffett Field Naval Air Station,"Mountain View, California, US",15.0,8.0,-9999.0,-9999.0,-9999.0,0.0,0,0,-9999.0,65.0,59.0,62.9
20241204-0200,Mountain View Moffett Field Naval Air Station,"Mountain View, California, US",14.0,8.0,-9999.0,-9999.0,-9999.0,0.0,0,0,-9999.0,70.0,57.2,67.1
20241204-0300,Mountain View Moffett Field Naval Air Station,"Mountain View, California, US",13.0,8.0,-9999.0,-9999.0,-9999.0,0.0,0,0,-9999.0,75.0,55.4,71.6
20241204-0400,Mountain View Moffett Field Naval Air Station,"Mountain View, California, US",12.0,7.0,-9999.0,-9999.0,-9999.0,0.0,0,0,-9999.0,75.0,53.6,71.5
20241204-0500,Mountain View Moffett Field Naval Air Station,"Mountain View, California, US",11.0,7.0,-9999.0,-9999.0,-9999.0,0.0,0,0,-9999.0,80.0,51.8,76.3
20241204-0600,Mountain View Moffett Field Naval Air Station,"Mountain View, California, US",10.0,6.0,-9999.0,-9999.0,-9999.0,0.0,0,0,-9999.0,80.0,50.0,76.2
20241204-0700,Mountain View Moffett Field Naval Air Station,"Mountain View, California, US",10.0,6.0,-9999.0,-9999.0,-9999.0,0.0,0,0,-9999.0,80.0,50.0,76.2
20241204-0800,Mountain View Moffett Field Naval Air Station,"Mountain View, California, US",9.0,6.0,-9999.0,-9999.0,-9999.0,0.0,0,0,-9999.0,85.0,48.2,81.5
20241204-0900,Mountain View Moffett Field Naval Air Station,"Mountain View, California, US",8.0,5.0,-9999.0,-9999.0,-9999.0,0.0,0,0,-9999.0,85.0,46.4,81.3
20241204-1000,Mountain View Moffett Field Naval Air Station,"Mountain View, California, US",8.0,5.0,-9999.0,-9999.0,-9999.0,0.0,0,0,-9999.0,85.0,46.4,81.3
20241204-1100,Mountain View Moffett Field Naval Air Station,"Mountain View, California, US",7.0,5.0,-9999.0,-9999.0,-9999.0,0.0,0,0,-9999.0,90.0,44.6,87.1
20241204-1200,Mountain View Moffett Field Naval Air Station,"Mountain View, California, US",7.0,5.0,-9999.0,-9999.0,-9999.0,0.0,0,0,-9999.0,90.0,44.6,87.1
20241204-1300,Mountain View Moffett Field Naval Air Station,"Mountain View, California, US",7.0,5.0,-9999.0,-9999.0,-9999.0,0.0,0,0,-9999.0,90.0,44.6,87.1
20241204-1400,Mountain View Moffett Field Naval Air Station,"Mountain View, California, US",7.0,5.0,-9999.0,-9999.0,-9999.0,0.0,0,0,-9999.0,90.0,44.6,87.1
20241204-1500,Mountain View Moffett Field Naval Air Station,"Mountain View, California, US",7.0,5.0,-9999.0,-9999.0,-9999.0,0.0,0,0,-9999.0,90.0,44.6,87.1
20241204-1600,Mountain View Moffett Field Naval Air Station,"Mountain View, California, US",8.0,5.0,-9999.0,-9999.0,-9999.0,0.0,0,0,-9999.0,85.0,46.4,81.3
20241204-1700,Mountain View Moffett Field Naval Air Station,"Mountain View, California, US",10.0,7.0,-9999.0,-9999.0,-9999.0,0.0,0,0,-9999.0,85.0,50.0,81.6
20241204-1800,Mountain View Moffett Field Naval Air Station,"Mountain View, California, US",12.0,8.0,-9999.0,-9999.0,-9999.0,0.0,0,0,-9999.0,80.0,53.6,76.5
20241204-1900,Mountain View Moffett Field Naval Air Station,"Mountain View, California, US",13.0,8.0,-9999.0,-9999.0,-9999.0,7.5600000000000005,360,0,-9999.0,75.0,55.4,71.6
20241204-2000,Mountain View Moffett Field Naval Air Station,"Mountain View, California, US",16.0,7.0,-9999.0,-9999.0,-9999.0,0.0,0,0,-9999.0,55.0,60.8,55.1
20241204-2100,Mountain View Moffett Field Naval Air Station,"Mountain View, California, US",17.0,7.0,-9999.0,-9999.0,-9999.0,7.5600000000000005,350,0,-9999.0,50.0,62.6,51.7
20241204-2200,Mountain View Moffett Field Naval Air Station,"Mountain View, California, US",17.0,8.0,-9999.0,-9999.0,-9999.0,11.16,20,0,-9999.0,55.0,62.6,55.4
20241204-2300,Mountain View Moffett Field Naval Air Station,"Mountain View, California, US",16.0,9.0,-9999.0,-9999.0,-9999.0,11.16,350,0,-9999.0,65.0,60.8,63.1
20241205-0000,Mountain View Moffett Field Naval Air Station,"Mountain View, California, US",16.0,8.0,-9999.0,-9999.0,-9999.0,7.5600000000000005,350,0,-9999.0,60.0,60.8,59.0
20241205-0100,Mountain View Moffett Field Naval Air Station,"Mountain View, California, US",15.0,9.0,-9999.0,-9999.0,-9999.0,7.5600000000000005,350,0,-9999.0,70.0,59.0,67.3
20241205-0200,Mountain View Moffett Field Naval Air Station,"Mountain View, California, US",14.0,8.0,-9999.0,-9999.0,-9999.0,0.0,0,0,-9999.0,70.0,57.2,67.1
20241205-0300,Mountain View Moffett Field Naval Air Station,"Mountain View, California, US",13.0,8.0,-9999.0,-9999.0,-9999.0,0.0,0,0,-9999.0,75.0,55.4,71.6
20241205-0400,Mountain View Moffett Field Naval Air Station,"Mountain View, California, US",12.0,8.0,-9999.0,-9999.0,-9999.0,0.0,0,0,-9999.0,80.0,53.6,76.5
20241205-0500,Mountain View Moffett Field Naval Air Station,"Mountain View, California, US",11.0,7.0,-9999.0,-9999.0,-9999.0,0.0,0,0,-9999.0,80.0,51.8,76.3
20241205-0600,Mountain View Moffett Field Naval Air Station,"Mountain View, California, US",10.0,8.0,-9999.0,-9999.0,-9999.0,0.0,0,0,-9999.0,90.0,50.0,87.4
20241205-0700,Mountain View Moffett Field Naval Air Station,"Mountain View, California, US",10.0,7.0,-9999.0,-9999.0,-9999.0,0.0,0,0,-9999.0,85.0,50.0,81.6
20241205-0800,Mountain View Moffett Field Naval Air Station,"Mountain View, California, US",9.0,7.0,-9999.0,-9999.0,-9999.0,0.0,0,0,-9999.0,90.0,48.2,87.3
20241205-0900,Mountain View Moffett Field Naval Air Station,"Mountain View, California, US",9.0,6.0,-9999.0,-9999.0,-9999.0,5.4,130,0,-9999.0,85.0,48.2,81.5
20241205-1000,Mountain View Moffett Field Naval Air Station,"Mountain View, California, US",8.0,6.0,-9999.0,-9999.0,-9999.0,0.0,0,0,-9999.0,90.0,46.4,87.2
20241205-1100,Mountain View Moffett Field Naval Air Station,"Mountain View, California, US",9.0,7.0,-9999.0,-9999.0,-9999.0,5.4,250,0,-9999.0,90.0,48.2,87.3
20241205-1200,Mountain View Moffett Field Naval Air Station,"Mountain View, California, US",9.0,7.0,-9999.0,-9999.0,-9999.0,5.4,280,0,-9999.0,90.0,48.2,87.3
20241205-1300,Mountain View Moffett Field Naval Air Station,"Mountain View, California, US",9.0,7.0,-9999.0,-9999.0,-9999.0,0.0,0,0,-9999.0,90.0,48.2,87.3
20241205-1400,Mountain View Moffett Field Naval Air Station,"Mountain View, California, US",8.0,7.0,-9999.0,-9999.0,-9999.0,0.0,0,0,-9999.0,95.0,46.4,93.4
20241205-1500,Mountain View Moffett Field Naval Air Station,"Mountain View, California, US",9.0,7.0,-9999.0,-9999.0,-9999.0,0.0,0,0,-9999.0,90.0,48.2,87.3
20241205-1600,Mountain View Moffett Field Naval Air Station,"Mountain View, California, US",10.0,7.0,-9999.0,-9999.0,-9999.0,0.0,0,0,-9999.0,85.0,50.0,81.6
20241205-1700,Mountain View Moffett Field Naval Air Station,"Mountain View, California, US",11.0,9.0,-9999.0,-9999.0,-9999.0,0.0,0,0,-9999.0,90.0,51.8,87.5
20241205-1800,Mountain View Moffett Field Naval Air Station,"Mountain View, California, US",12.0,8.0,-9999.0,-9999.0,-9999.0,0.0,0,0,-9999.0,80.0,53.6,76.5
20241205-1900,Mountain View Moffett Field Naval Air Station,"Mountain View, California, US",15.0,9.0,-9999.0,-9999.0,-9999.0,0.0,0,0,-9999.0,70.0,59.0,67.3
20241205-2000,Mountain View Moffett Field Naval Air Station,"Mountain View, California, US",15.0,9.0,-9999.0,-9999.0,-9999.0,9.360000000000001,10,0,-9999.0,70.0,59.0,67.3
20241205-2100,Mountain View Moffett Field Naval Air Station,"Mountain View, California, US",17.0,8.0,-9999.0,-9999.0,-9999.0,9.360000000000001,360,0,-9999.0,55.0,62.6,55.4
20241205-2200,Mountain View Moffett Field Naval Air Station,"Mountain View, California, US",16.0,9.0,-9999.0,-9999.0,-9999.0,12.959999999999999,350,0,-9999.0,65.0,60.8,63.1
20241205-2300,Mountain View Moffett Field Naval Air Station,"Mountain View, California, US",19.0,10.0,-9999.0,-9999.0,-9999.0,11.16,340,0,-9999.0,55.0,66.2,55.9
20241206-0000,Mountain View Moffett Field Naval Air Station,"Mountain View, California, US",17.0,6.0,-9999.0,-9999.0,-9999.0,9.360000000000001,330,0,-9999.0,45.0,62.6,48.3
20241206-0100,Mountain View Moffett Field Naval Air Station,"Mountain View, California, US",14.0,8.0,-9999.0,-9999.0,-9999.0,0.0,0,0,-9999.0,70.0,57.2,67.1
20241206-0200,Mountain View Moffett Field Naval Air Station,"Mountain View, California, US",13.0,8.0,-9999.0,-9999.0,-9999.0,0.0,0,0,-9999.0,75.0,55.4,71.6
20241206-0300,Mountain View Moffett Field Naval Air Station,"Mountain View, California, US",13.0,10.0,-9999.0,-9999.0,-9999.0,0.0,0,0,-9999.0,85.0,55.4,82.0
20241206-0400,Mountain View Moffett Field Naval Air Station,"Mountain View, California, US",12.0,9.0,-9999.0,-9999.0,-9999.0,0.0,0,0,-9999.0,85.0,53.6,81.9
20241206-0500,Mountain View Moffett Field Naval Air Station,"Mountain View, California, US",11.0,8.0,-9999.0,-9999.0,-9999.0,0.0,0,0,-9999.0,85.0,51.8,81.7
20241206-0600,Mountain View Moffett Field Naval Air Station,"Mountain View, California, US",11.0,7.0,-9999.0,-9999.0,-9999.0,0.0,0,0,-9999.0,80.0,51.8,76.3
20241206-0700,Mountain View Moffett Field Naval Air Station,"Mountain View, California, US",10.0,6.0,-9999.0,-9999.0,-9999.0,5.4,210,0,-9999.0,80.0,50.0,76.2
20241206-0800,Mountain View Moffett Field Naval Air Station,"Mountain View, California, US",10.0,6.0,-9999.0,-9999.0,-9999.0,5.4,210,0,-9999.0,80.0,50.0,76.2
20241206-0900,Mountain View Moffett Field Naval Air Station,"Mountain View, California, US",9.0,6.0,-9999.0,-9999.0,-9999.0,0.0,0,0,-9999.0,85.0,48.2,81.5
20241206-1000,Mountain View Moffett Field Naval Air Station,"Mountain View, California, US",9.0,6.0,-9999.0,-9999.0,-9999.0,0.0,0,0,-9999.0,85.0,48.2,81.5
20241206-1100,Mountain View Moffett Field Naval Air Station,"Mountain View, California, US",8.0,6.0,-9999.0,-9999.0,-9999.0,0.0,0,0,-9999.0,90.0,46.4,87.2
20241206-1200,Mountain View Moffett Field Naval Air Station,"Mountain View, California, US",7.0,5.0,-9999.0,-9999.0,-9999.0,0.0,0,0,-9999.0,90.0,44.6,87.1
20241206-1300,Mountain View Moffett Field Naval Air Station,"Mountain View, California, US",8.0,6.0,-9999.0,-9999.0,-9999.0,0.0,0,0,-9999.0,90.0,46.4,87.2
20241206-1400,Mountain View Moffett Field Naval Air Station,"Mountain View, California, US",7.0,6.0,-9999.0,-9999.0,-9999.0,0.0,0,0,-9999.0,95.0,44.6,93.3
20241206-1500,Mountain View Moffett Field Naval Air Station,"Mountain View, California, US",7.0,5.0,-9999.0,-9999.0,-9999.0,0.0,0,0,-9999.0,90.0,44.6,87.1
20241206-1600,Mountain View Moffett Field Naval Air Station,"Mountain View, California, US",8.0,6.0,-9999.0,-9999.0,-9999.0,0.0,0,0,-9999.0,90.0,46.4,87.2
20241206-1700,Mountain View Moffett Field Naval Air Station,"Mountain View, California, US",10.0,7.0,-9999.0,-9999.0,-9999.0,0.0,0,0,-9999.0,85.0,50.0,81.6
20241206-1800,Mountain View Moffett Field Naval Air Station,"Mountain View, California, US",13.0,8.0,-9999.0,-9999.0,-9999.0,0.0,0,0,-9999.0,75.0,55.4,71.6
20241206-1900,Mountain View Moffett Field Naval Air Station,"Mountain View, California, US",17.0,8.0,-9999.0,-9999.0,-9999.0,0.0,0,0,-9999.0,55.0,62.6,55.4
20241206-2000,Mountain View Moffett Field Naval Air Station,"Mountain View, California, US",19.0,8.0,-9999.0,-9999.0,-9999.0,0.0,0,0,-9999.0,45.0,66.2,48.8
20241206-2100,Mountain View Moffett Field Naval Air Station,"Mountain View, California, US",20.0,6.0,-9999.0,-9999.0,-9999.0,0.0,0,0,-9999.0,30.0,68.0,40.0
20241206-2200,Mountain View Moffett Field Naval Air Station,"Mountain View, California, US",20.0,8.0,-9999.0,-9999.0,-9999.0,11.16,310,0,-9999.0,40.0,68.0,45.9
20241206-2300,Mountain View Moffett Field Naval Air Station,"Mountain View, California, US",21.0,7.0,-9999.0,-9999.0,-9999.0,-9999.0,-9999,0,-9999.0,30.0,69.8,40.3
20241207-0000,Mountain View Moffett Field Naval Air Station,"Mountain View, California, US",19.0,8.0,-9999.0,-9999.0,-9999.0,9.360000000000001,320,0,-9999.0,45.0,66.2,48.8
20241207-0100,Mountain View Moffett Field Naval Air Station,"Mountain View, California, US",15.0,9.0,-9999.0,-9999.0,-9999.0,5.4,330,0,-9999.0,70.0,59.0,67.3
20241207-0200,Mountain View Moffett Field Naval Air Station,"Mountain View, California, US",15.0,8.0,-9999.0,-9999.0,-9999.0,0.0,0,0,-9999.0,65.0,59.0,62.9
20241207-0300,Mountain View Moffett Field Naval Air Station,"Mountain View, California, US",14.0,8.0,-9999.0,-9999.0,-9999.0,5.4,260,0,-9999.0,70.0,57.2,67.1
20241207-0400,Mountain View Moffett Field Naval Air Station,"Mountain View, California, US",13.0,8.0,-9999.0,-9999.0,-9999.0,0.0,0,0,-9999.0,75.0,55.4,71.6
20241207-0500,Mountain View Moffett Field Naval Air Station,"Mountain View, California, US",10.0,7.0,-9999.0,-9999.0,-9999.0,0.0,0,0,-9999.0,85.0,50.0,81.6
20241207-0600,Mountain View Moffett Field Naval Air Station,"Mountain View, California, US",11.0,7.0,-9999.0,-9999.0,-9999.0,9.360000000000001,350,0,-9999.0,80.0,51.8,76.3
20241207-0700,Mountain View Moffett Field Naval Air Station,"Mountain View, California, US",10.0,7.0,-9999.0,-9999.0,-9999.0,5.4,240,0,-9999.0,85.0,50.0,81.6
20241207-0800,Mountain View Moffett Field Naval Air Station,"Mountain View, California, US",9.0,7.0,-9999.0,-9999.0,-9999.0,0.0,0,0,-9999.0,90.0,48.2,87.3
20241207-0900,Mountain View Moffett Field Naval Air Station,"Mountain View, California, US",8.0,6.0,-9999.0,-9999.0,-9999.0,0.0,0,0,-9999.0,90.0,46.4,87.2
20241207-1000,Mountain View Moffett Field Naval Air Station,"Mountain View, California, US",8.0,6.0,-9999.0,-9999.0,-9999.0,0.0,0,0,-9999.0,90.0,46.4,87.2
20241207-1100,Mountain View Moffett Field Naval Air Station,"Mountain View, California, US",7.0,5.0,-9999.0,-9999.0,-9999.0,0.0,0,0,-9999.0,90.0,44.6,87.1
20241207-1200,Mountain View Moffett Field Naval Air Station,"Mountain View, California, US",6.0,4.0,-9999.0,-9999.0,-9999.0,0.0,0,0,-9999.0,90.0,42.8,87.0
20241207-1300,Mountain View Moffett Field Naval Air Station,"Mountain View, California, US",6.0,4.0,-9999.0,-9999.0,-9999.0,0.0,0,0,-9999.0,90.0,42.8,87.0
20241207-1400,Mountain View Moffett Field Naval Air Station,"Mountain View, California, US",6.0,4.0,-9999.0,-9999.0,-9999.0,0.0,0,0,-9999.0,90.0,42.8,87.0
20241207-1500,Mountain View Moffett Field Naval Air Station,"Mountain View, California, US",6.0,4.0,-9999.0,-9999.0,-9999.0,0.0,0,0,-9999.0,90.0,42.8,87.0
20241207-1600,Mountain View Moffett Field Naval Air Station,"Mountain View, California, US",7.0,5.0,-9999.0,-9999.0,-9999.0,0.0,0,0,-9999.0,90.0,44.6,87.1
20241207-1700,Mountain View Moffett Field Naval Air Station,"Mountain View, California, US",9.0,7.0,-9999.0,-9999.0,-9999.0,0.0,0,0,-9999.0,90.0,48.2,87.3
20241207-1800,Mountain View Moffett Field Naval Air Station,"Mountain View, California, US",12.0,7.0,-9999.0,-9999.0,-9999.0,5.4,350,0,-9999.0,75.0,53.6,71.5
20241207-1900,Mountain View Moffett Field Naval Air Station,"Mountain View, California, US",14.0,8.0,-9999.0,-9999.0,-9999.0,5.4,360,0,-9999.0,70.0,57.2,67.1
20241207-2000,Mountain View Moffett Field Naval Air Station,"Mountain View, California, US",15.0,7.0,-9999.0,-9999.0,-9999.0,7.5600000000000005,350,0,-9999.0,60.0,59.0,58.8
20241207-2100,Mountain View Moffett Field Naval Air Station,"Mountain View, California, US",16.0,7.0,-9999.0,-9999.0,-9999.0,7.5600000000000005,360,0,-9999.0,55.0,60.8,55.1
20241207-2200,Mountain View Moffett Field Naval Air Station,"Mountain View, California, US",17.0,8.0,-9999.0,-9999.0,-9999.0,11.16,350,0,-9999.0,55.0,62.6,55.4
20241207-2300,Mountain View Moffett Field Naval Air Station,"Mountain View, California, US",17.0,7.0,-9999.0,-9999.0,-9999.0,12.959999999999999,350,0,-9999.0,50.0,62.6,51.7
20241208-0000,Mountain View Moffett Field Naval Air Station,"Mountain View, California, US",15.0,6.0,-9999.0,-9999.0,-9999.0,7.5600000000000005,320,0,-9999.0,55.0,59.0,54.9
20241208-0100,Mountain View Moffett Field Naval Air Station,"Mountain View, California, US",15.0,8.0,-9999.0,-9999.0,-9999.0,0.0,0,0,-9999.0,65.0,59.0,62.9
20241208-0200,Mountain View Moffett Field Naval Air Station,"Mountain View, California, US",13.0,8.0,-9999.0,-9999.0,-9999.0,0.0,0,0,-9999.0,75.0,55.4,71.6
20241208-0300,Mountain View Moffett Field Naval Air Station,"Mountain View, California, US",13.0,9.0,-9999.0,-9999.0,-9999.0,0.0,0,0,-9999.0,80.0,55.4,76.7
20241208-0400,Mountain View Moffett Field Naval Air Station,"Mountain View, California, US",13.0,9.0,-9999.0,-9999.0,-9999.0,0.0,0,0,-9999.0,80.0,55.4,76.7
20241208-0500,Mountain View Moffett Field Naval Air Station,"Mountain View, California, US",12.0,9.0,-9999.0,-9999.0,-9999.0,0.0,0,0,-9999.0,85.0,53.6,81.9
20241208-0600,Mountain View Moffett Field Naval Air Station,"Mountain View, California, US",11.0,8.0,-9999.0,-9999.0,-9999.0,0.0,0,0,-9999.0,85.0,51.8,81.7
20241208-0700,Mountain View Moffett Field Naval Air Station,"Mountain View, California, US",10.0,8.0,-9999.0,-9999.0,-9999.0,0.0,0,0,-9999.0,90.0,50.0,87.4
20241208-0800,Mountain View Moffett Field Naval Air Station,"Mountain View, California, US",10.0,8.0,-9999.0,-9999.0,-9999.0,0.0,0,0,-9999.0,90.0,50.0,87.4
20241208-0900,Mountain View Moffett Field Naval Air Station,"Mountain View, California, US",10.0,8.0,-9999.0,-9999.0,-9999.0,0.0,0,0,-9999.0,90.0,50.0,87.4
20241208-1000,Mountain View Moffett Field Naval Air Station,"Mountain View, California, US",9.0,7.0,-9999.0,-9999.0,-9999.0,0.0,0,0,-9999.0,90.0,48.2,87.3
20241208-1100,Mountain View Moffett Field Naval Air Station,"Mountain View, California, US",9.0,7.0,-9999.0,-9999.0,-9999.0,0.0,0,0,-9999.0,90.0,48.2,87.3
20241208-1200,Mountain View Moffett Field Naval Air Station,"Mountain View, California, US",9.0,8.0,-9999.0,-9999.0,-9999.0,0.0,0,0,-9999.0,95.0,48.2,93.4
20241208-1300,Mountain View Moffett Field Naval Air Station,"Mountain View, California, US",8.0,7.0,-9999.0,-9999.0,-9999.0,0.0,0,-9999,-9999.0,95.0,46.4,93.4
20241208-1400,Mountain View Moffett Field Naval Air Station,"Mountain View, California, US",8.0,7.0,-9999.0,-9999.0,-9999.0,5.4,-9999,-9999,-9999.0,95.0,46.4,93.4
20241208-1500,Mountain View Moffett Field Naval Air Station,"Mountain View, California, US",9.0,8.0,-9999.0,-9999.0,-9999.0,0.0,0,-9999,-9999.0,95.0,48.2,93.4
20241208-1600,Mountain View Moffett Field Naval Air Station,"Mountain View, California, US",8.0,7.0,-9999.0,-9999.0,-9999.0,0.0,0,0,-9999.0,95.0,46.4,93.4
20241208-1700,Mountain View Moffett Field Naval Air Station,"Mountain View, California, US",10.0,9.0,-9999.0,-9999.0,-9999.0,5.4,290,0,-9999.0,95.0,50.0,93.5
20241208-1800,Mountain View Moffett Field Naval Air Station,"Mountain View, California, US",12.0,9.0,-9999.0,-9999.0,-9999.0,0.0,0,0,-9999.0,85.0,53.6,81.9
20241208-1900,Mountain View Moffett Field Naval Air Station,"Mountain View, California, US",17.0,8.0,-9999.0,-9999.0,-9999.0,0.0,0,0,-9999.0,55.0,62.6,55.4
20241208-2000,Mountain View Moffett Field Naval Air Station,"Mountain View, California, US",18.0,5.0,-9999.0,-9999.0,-9999.0,0.0,0,0,-9999.0,35.0,64.4,42.3
20241208-2100,Mountain View Moffett Field Naval Air Station,"Mountain View, California, US",19.0,4.0,-9999.0,-9999.0,-9999.0,5.4,360,0,-9999.0,25.0,66.2,37.0
20241208-2200,Mountain View Moffett Field Naval Air Station,"Mountain View, California, US",19.0,6.0,-9999.0,-9999.0,-9999.0,9.360000000000001,340,0,-9999.0,35.0,66.2,42.6
20241208-2300,Mountain View Moffett Field Naval Air Station,"Mountain View, California, US",18.0,10.0,-9999.0,-9999.0,-9999.0,9.360000000000001,350,0,-9999.0,60.0,64.4,59.5
20241209-0000,Mountain View Moffett Field Naval Air Station,"Mountain View, California, US",17.0,5.0,-9999.0,-9999.0,-9999.0,7.5600000000000005,310,0,-9999.0,40.0,62.6,45.0
20241209-0100,Mountain View Moffett Field Naval Air Station,"Mountain View, California, US",16.0,6.0,-9999.0,-9999.0,-9999.0,0.0,0,0,-9999.0,50.0,60.8,51.5
20241209-0200,Mountain View Moffett Field Naval Air Station,"Mountain View, California, US",15.0,6.0,-9999.0,-9999.0,-9999.0,5.4,290,0,-9999.0,55.0,59.0,54.9
20241209-0300,Mountain View Moffett Field Naval Air Station,"Mountain View, California, US",13.0,7.0,-9999.0,-9999.0,-9999.0,0.0,0,0,-9999.0,70.0,55.4,66.9
20241209-0400,Mountain View Moffett Field Naval Air Station,"Mountain View, California, US",11.0,5.0,-9999.0,-9999.0,-9999.0,0.0,0,0,-9999.0,70.0,51.8,66.5
20241209-0500,Mountain View Moffett Field Naval Air Station,"Mountain View, California, US",10.0,4.0,-9999.0,-9999.0,-9999.0,0.0,0,0,-9999.0,70.0,50.0,66.3
20241209-0600,Mountain View Moffett Field Naval Air Station,"Mountain View, California, US",9.0,4.0,-9999.0,-9999.0,-9999.0,0.0,0,0,-9999.0,75.0,48.2,70.9
20241209-0700,Mountain View Moffett Field Naval Air Station,"Mountain View, California, US",8.0,4.0,-9999.0,-9999.0,-9999.0,0.0,0,0,-9999.0,80.0,46.4,75.8
20241209-0800,Mountain View Moffett Field Naval Air Station,"Mountain View, California, US",7.0,4.0,-9999.0,-9999.0,-9999.0,0.0,0,0,-9999.0,85.0,44.6,81.2
20241209-0900,Mountain View Moffett Field Naval Air Station,"Mountain View, California, US",7.0,4.0,-9999.0,-9999.0,-9999.0,0.0,0,0,-9999.0,85.0,44.6,81.2
20241209-1000,Mountain View Moffett Field Naval Air Station,"Mountain View, California, US",7.0,4.0,-9999.0,-9999.0,-9999.0,0.0,0,0,-9999.0,85.0,44.6,81.2
20241209-1100,Mountain View Moffett Field Naval Air Station,"Mountain View, California, US",6.0,3.0,-9999.0,-9999.0,-9999.0,0.0,0,0,-9999.0,85.0,42.8,81.1
20241209-1200,Mountain View Moffett Field Naval Air Station,"Mountain View, California, US",6.0,2.0,-9999.0,-9999.0,-9999.0,5.4,250,0,-9999.0,80.0,42.8,75.5
20241209-1300,Mountain View Moffett Field Naval Air Station,"Mountain View, California, US",12.0,-1.0,-9999.0,-9999.0,-9999.0,9.360000000000001,320,0,-9999.0,35.0,53.6,40.5
20241209-1400,Mountain View Moffett Field Naval Air Station,"Mountain View, California, US",11.0,0.0,-9999.0,-9999.0,-9999.0,9.360000000000001,310,0,-9999.0,45.0,51.8,46.6
20241209-1500,Mountain View Moffett Field Naval Air Station,"Mountain View, California, US",12.0,-2.0,-9999.0,-9999.0,-9999.0,18.36,340,0,-9999.0,30.0,53.6,37.7
20241209-1600,Mountain View Moffett Field Naval Air Station,"Mountain View, California, US",12.0,-3.0,-9999.0,-9999.0,-9999.0,31.68,340,0,-9999.0,25.0,53.6,35.0
20241209-1700,Mountain View Moffett Field Naval Air Station,"Mountain View, California, US",13.0,-3.0,-9999.0,-9999.0,-9999.0,24.12,10,0,-9999.0,20.0,55.4,32.8
20241209-1800,Mountain View Moffett Field Naval Air Station,"Mountain View, California, US",15.0,-3.0,-9999.0,-9999.0,-9999.0,27.72,10,0,-9999.0,10.0,59.0,28.8
20241209-1900,Mountain View Moffett Field Naval Air Station,"Mountain View, California, US",16.0,-4.0,-9999.0,-9999.0,-9999.0,24.12,350,0,-9999.0,0.0,60.8,25.0
20241209-2000,Mountain View Moffett Field Naval Air Station,"Mountain View, California, US",17.0,-4.0,-9999.0,-9999.0,-9999.0,27.72,10,0,-9999.0,-5.0,62.6,23.5
20241209-2100,Mountain View Moffett Field Naval Air Station,"Mountain View, California, US",17.0,-5.0,-9999.0,-9999.0,-9999.0,25.919999999999998,20,0,-9999.0,-10.0,62.6,21.8
20241209-2200,Mountain View Moffett Field Naval Air Station,"Mountain View, California, US",18.0,-4.0,-9999.0,-9999.0,-9999.0,12.959999999999999,340,0,-9999.0,-10.0,64.4,22.1
20241209-2300,Mountain View Moffett Field Naval Air Station,"Mountain View, California, US",17.0,-4.0,-9999.0,-9999.0,-9999.0,14.76,360,0,-9999.0,-5.0,62.6,23.5
20241210-0000,Mountain View Moffett Field Naval Air Station,"Mountain View, California, US",17.0,-6.0,-9999.0,-9999.0,-9999.0,25.919999999999998,20,0,-9999.0,-15.0,62.6,20.2
20241210-0100,Mountain View Moffett Field Naval Air Station,"Mountain View, California, US",15.0,-3.0,-9999.0,-9999.0,-9999.0,11.16,340,0,-9999.0,10.0,59.0,28.8
20241210-0200,Mountain View Moffett Field Naval Air Station,"Mountain View, California, US",14.0,-4.0,-9999.0,-9999.0,-9999.0,18.36,340,0,-9999.0,10.0,57.2,28.5
20241210-0300,Mountain View Moffett Field Naval Air Station,"Mountain View, California, US",14.0,-4.0,-9999.0,-9999.0,-9999.0,11.16,320,0,-9999.0,10.0,57.2,28.5
20241210-0400,Mountain View Moffett Field Naval Air Station,"Mountain View, California, US",13.0,-5.0,-9999.0,-9999.0,-9999.0,9.360000000000001,310,0,-9999.0,10.0,55.4,28.2
20241210-0500,Mountain View Moffett Field Naval Air Station,"Mountain View, California, US",12.0,-5.0,-9999.0,-9999.0,-9999.0,9.360000000000001,340,0,-9999.0,15.0,53.6,30.1
20241210-0600,Mountain View Moffett Field Naval Air Station,"Mountain View, California, US",13.0,-4.0,-9999.0,-9999.0,-9999.0,14.76,340,0,-9999.0,15.0,55.4,30.4
20241210-0700,Mountain View Moffett Field Naval Air Station,"Mountain View, California, US",14.0,-4.0,-9999.0,-9999.0,-9999.0,24.12,340,0,-9999.0,10.0,57.2,28.5
20241210-0800,Mountain View Moffett Field Naval Air Station,"Mountain View, California, US",12.0,-2.0,-9999.0,-9999.0,-9999.0,27.72,360,0,-9999.0,30.0,53.6,37.7
20241210-0900,Mountain View Moffett Field Naval Air Station,"Mountain View, California, US",12.0,-2.0,-9999.0,-9999.0,-9999.0,14.76,360,0,-9999.0,30.0,53.6,37.7
20241210-1000,Mountain View Moffett Field Naval Air Station,"Mountain View, California, US",10.0,-1.0,-9999.0,-9999.0,-9999.0,12.959999999999999,340,0,-9999.0,45.0,50.0,46.3
20241210-1100,Mountain View Moffett Field Naval Air Station,"Mountain View, California, US",7.0,-1.0,-9999.0,-9999.0,-9999.0,9.360000000000001,350,0,-9999.0,60.0,44.6,56.7
20241210-1200,Mountain View Moffett Field Naval Air Station,"Mountain View, California, US",5.0,-2.0,-9999.0,-9999.0,-9999.0,0.0,0,0,-9999.0,65.0,41.0,60.5
20241210-1300,Mountain View Moffett Field Naval Air Station,"Mountain View, California, US",4.0,-2.0,-9999.0,-9999.0,-9999.0,0.0,0,0,-9999.0,70.0,39.2,64.9
20241210-1400,Mountain View Moffett Field Naval Air Station,"Mountain View, California, US",4.0,-1.0,-9999.0,-9999.0,-9999.0,0.0,0,0,-9999.0,75.0,39.2,69.9
20241210-1500,Mountain View Moffett Field Naval Air Station,"Mountain View, California, US",4.0,-1.0,-9999.0,-9999.0,-9999.0,0.0,0,0,-9999.0,75.0,39.2,69.9
20241210-1600,Mountain View Moffett Field Naval Air Station,"Mountain View, California, US",5.0,-1.0,-9999.0,-9999.0,-9999.0,0.0,0,0,-9999.0,70.0,41.0,65.2
20241210-1700,Mountain View Moffett Field Naval Air Station,"Mountain View, California, US",8.0,-1.0,-9999.0,-9999.0,-9999.0,5.4,130,0,-9999.0,55.0,46.4,53.0
20241210-1800,Mountain View Moffett Field Naval Air Station,"Mountain View, California, US",10.0,-1.0,-9999.0,-9999.0,-9999.0,0.0,0,0,-9999.0,45.0,50.0,46.3
20241210-1900,Mountain View Moffett Field Naval Air Station,"Mountain View, California, US",11.0,0.0,-9999.0,-9999.0,-9999.0,5.4,350,0,-9999.0,45.0,51.8,46.6
20241210-2000,Mountain View Moffett Field Naval Air Station,"Mountain View, California, US",13.0,0.0,-9999.0,-9999.0,-9999.0,5.4,360,0,-9999.0,35.0,55.4,40.8
20241210-2100,Mountain View Moffett Field Naval Air Station,"Mountain View, California, US",14.0,-1.0,-9999.0,-9999.0,-9999.0,0.0,0,0,-9999.0,25.0,57.2,35.6
20241210-2200,Mountain View Moffett Field Naval Air Station,"Mountain View, California, US",15.0,-1.0,-9999.0,-9999.0,-9999.0,7.5600000000000005,10,0,-9999.0,20.0,59.0,33.3
20241210-2300,Mountain View Moffett Field Naval Air Station,"Mountain View, California, US",16.0,0.0,-9999.0,-9999.0,-9999.0,0.0,0,0,-9999.0,20.0,60.8,33.6
20241211-0000,Mountain View Moffett Field Naval Air Station,"Mountain View, California, US",15.0,3.0,-9999.0,-9999.0,-9999.0,5.4,350,0,-9999.0,40.0,59.0,44.5
20241211-0100,Mountain View Moffett Field Naval Air Station,"Mountain View, California, US",12.0,6.0,-9999.0,-9999.0,-9999.0,5.4,330,0,-9999.0,70.0,53.6,66.7
20241211-0200,Mountain View Moffett Field Naval Air Station,"Mountain View, California, US",12.0,6.0,-9999.0,-9999.0,-9999.0,0.0,0,-9999,-9999.0,70.0,53.6,66.7
20241211-0300,Mountain View Moffett Field Naval Air Station,"Mountain View, California, US",10.0,6.0,-9999.0,-9999.0,-9999.0,0.0,0,-9999,-9999.0,80.0,50.0,76.2
20241211-0400,Mountain View Moffett Field Naval Air Station,"Mountain View, California, US",10.0,4.0,-9999.0,-9999.0,-9999.0,0.0,0,50,-9999.0,70.0,50.0,66.3
20241211-0500,Mountain View Moffett Field Naval Air Station,"Mountain View, California, US",8.0,3.0,-9999.0,-9999.0,-9999.0,0.0,0,0,-9999.0,75.0,46.4,70.7
20241211-0600,Mountain View Moffett Field Naval Air Station,"Mountain View, California, US",8.0,3.0,-9999.0,-9999.0,-9999.0,0.0,0,0,-9999.0,75.0,46.4,70.7
20241211-0700,Mountain View Moffett Field Naval Air Station,"Mountain View, California, US",7.0,2.0,-9999.0,-9999.0,-9999.0,0.0,0,0,-9999.0,75.0,44.6,70.5
20241211-0800,Mountain View Moffett Field Naval Air Station,"Mountain View, California, US",6.0,2.0,-9999.0,-9999.0,-9999.0,0.0,0,0,-9999.0,80.0,42.8,75.5
20241211-0900,Mountain View Moffett Field Naval Air Station,"Mountain View, California, US",6.0,2.0,-9999.0,-9999.0,-9999.0,5.4,260,0,-9999.0,80.0,42.8,75.5
20241211-1000,Mountain View Moffett Field Naval Air Station,"Mountain View, California, US",5.0,2.0,-9999.0,-9999.0,-9999.0,5.4,240,0,-9999.0,85.0,41.0,80.9
20241211-1100,Mountain View Moffett Field Naval Air Station,"Mountain View, California, US",5.0,2.0,-9999.0,-9999.0,-9999.0,0.0,0,0,-9999.0,85.0,41.0,80.9
20241211-1200,Mountain View Moffett Field Naval Air Station,"Mountain View, California, US",5.0,3.0,-9999.0,-9999.0,-9999.0,0.0,0,0,-9999.0,90.0,41.0,86.9
20241211-1300,Mountain View Moffett Field Naval Air Station,"Mountain View, California, US",5.0,3.0,-9999.0,-9999.0,-9999.0,5.4,140,-9999,-9999.0,90.0,41.0,86.9
20241211-1400,Mountain View Moffett Field Naval Air Station,"Mountain View, California, US",5.0,2.0,-9999.0,-9999.0,-9999.0,0.0,0,0,-9999.0,85.0,41.0,80.9
20241211-1500,Mountain View Moffett Field Naval Air Station,"Mountain View, California, US",5.0,2.0,-9999.0,-9999.0,-9999.0,7.5600000000000005,230,0,-9999.0,85.0,41.0,80.9
20241211-1600,Mountain View Moffett Field Naval Air Station,"Mountain View, California, US",5.0,3.0,-9999.0,-9999.0,-9999.0,0.0,0,0,-9999.0,90.0,41.0,86.9
20241211-1700,Mountain View Moffett Field Naval Air Station,"Mountain View, California, US",8.0,4.0,-9999.0,-9999.0,-9999.0,0.0,0,0,-9999.0,80.0,46.4,75.8
20241211-1800,Mountain View Moffett Field Naval Air Station,"Mountain View, California, US",10.0,4.0,-9999.0,-9999.0,-9999.0,0.0,0,0,-9999.0,70.0,50.0,66.3
20241211-1900,Mountain View Moffett Field Naval Air Station,"Mountain View, California, US",12.0,2.0,-9999.0,-9999.0,-9999.0,5.4,140,0,-9999.0,50.0,53.6,50.4
20241211-2000,Mountain View Moffett Field Naval Air Station,"Mountain View, California, US",13.0,2.0,-9999.0,-9999.0,-9999.0,9.360000000000001,340,0,-9999.0,45.0,55.4,47.2
20241211-2100,Mountain View Moffett Field Naval Air Station,"Mountain View, California, US",14.0,3.0,-9999.0,-9999.0,-9999.0,5.4,360,0,-9999.0,45.0,57.2,47.4
20241211-2200,Mountain View Moffett Field Naval Air Station,"Mountain View, California, US",14.0,3.0,-9999.0,-9999.0,-9999.0,11.16,350,0,-9999.0,45.0,57.2,47.4
20241211-2300,Mountain View Moffett Field Naval Air Station,"Mountain View, California, US",15.0,3.0,-9999.0,-9999.0,-9999.0,11.16,350,0,-9999.0,40.0,59.0,44.5
20241212-0000,Mountain View Moffett Field Naval Air Station,"Mountain View, California, US",13.0,5.0,-9999.0,-9999.0,-9999.0,7.5600000000000005,360,0,-9999.0,60.0,55.4,58.3
20241212-0100,Mountain View Moffett Field Naval Air Station,"Mountain View, California, US",12.0,6.0,-9999.0,-9999.0,-9999.0,0.0,0,0,-9999.0,70.0,53.6,66.7
20241212-0200,Mountain View Moffett Field Naval Air Station,"Mountain View, California, US",12.0,5.0,-9999.0,-9999.0,-9999.0,0.0,0,0,-9999.0,65.0,53.6,62.2
20241212-0300,Mountain View Moffett Field Naval Air Station,"Mountain View, California, US",10.0,5.0,-9999.0,-9999.0,-9999.0,0.0,0,0,-9999.0,75.0,50.0,71.1
20241212-0400,Mountain View Moffett Field Naval Air Station,"Mountain View, California, US",11.0,5.0,-9999.0,-9999.0,-9999.0,0.0,0,0,-9999.0,70.0,51.8,66.5
20241212-0500,Mountain View Moffett Field Naval Air Station,"Mountain View, California, US",11.0,5.0,-9999.0,-9999.0,-9999.0,0.0,0,0,-9999.0,70.0,51.8,66.5
20241212-0600,Mountain View Moffett Field Naval Air Station,"Mountain View, California, US",11.0,4.0,-9999.0,-9999.0,-9999.0,14.76,130,25,-9999.0,65.0,51.8,62.0
20241212-0700,Mountain View Moffett Field Naval Air Station,"Mountain View, California, US",12.0,3.0,-9999.0,-9999.0,-9999.0,0.0,0,25,-9999.0,55.0,53.6,54.1
20241212-0800,Mountain View Moffett Field Naval Air Station,"Mountain View, California, US",12.0,1.0,-9999.0,-9999.0,-9999.0,9.360000000000001,90,-9999,-9999.0,45.0,53.6,46.9
20241212-0900,Mountain View Moffett Field Naval Air Station,"Mountain View, California, US",12.0,7.0,-9999.0,0.3,-9999.0,0.0,0,-9999,-9999.0,75.0,53.6,71.5
20241212-1000,Mountain View Moffett Field Naval Air Station,"Mountain View, California, US",11.0,10.0,-9999.0,2.5,-9999.0,14.76,130,-9999,-9999.0,95.0,51.8,93.5
20241212-1100,Mountain View Moffett Field Naval Air Station,"Mountain View, California, US",10.0,9.0,-9999.0,2.8,-9999.0,11.16,150,-9999,-9999.0,95.0,50.0,93.5
20241212-1200,Mountain View Moffett Field Naval Air Station,"Mountain View, California, US",11.0,10.0,-9999.0,2.5,-9999.0,0.0,0,-9999,-9999.0,95.0,51.8,93.5
20241212-1300,Mountain View Moffett Field Naval Air Station,"Mountain View, California, US",11.0,10.0,-9999.0,1.0,-9999.0,5.4,170,-9999,-9999.0,95.0,51.8,93.5
20241212-1400,Mountain View Moffett Field Naval Air Station,"Mountain View, California, US",11.0,10.0,-9999.0,0.5,-9999.0,0.0,0,-9999,-9999.0,95.0,51.8,93.5
20241212-1500,Mountain View Moffett Field Naval Air Station,"Mountain View, California, US",11.0,10.0,-9999.0,-9999.0,-9999.0,0.0,0,-9999,-9999.0,95.0,51.8,93.5
20241212-1600,Mountain View Moffett Field Naval Air Station,"Mountain View, California, US",11.0,10.0,-9999.0,-9999.0,-9999.0,0.0,0,0,-9999.0,95.0,51.8,93.5
20241212-1700,Mountain View Moffett Field Naval Air Station,"Mountain View, California, US",12.0,9.0,-9999.0,-9999.0,-9999.0,0.0,0,50,-9999.0,85.0,53.6,81.9
20241212-1800,Mountain View Moffett Field Naval Air Station,"Mountain View, California, US",13.0,9.0,-9999.0,-9999.0,-9999.0,0.0,0,-9999,-9999.0,80.0,55.4,76.7
20241212-1900,Mountain View Moffett Field Naval Air Station,"Mountain View, California, US",15.0,8.0,-9999.0,-9999.0,-9999.0,9.360000000000001,300,-9999,-9999.0,65.0,59.0,62.9
20241212-2000,Mountain View Moffett Field Naval Air Station,"Mountain View, California, US",14.0,7.0,-9999.0,-9999.0,-9999.0,9.360000000000001,220,-9999,-9999.0,65.0,57.2,62.7
20241212-2100,Mountain View Moffett Field Naval Air Station,"Mountain View, California, US",14.0,6.0,-9999.0,-9999.0,-9999.0,18.36,230,-9999,-9999.0,60.0,57.2,58.5
20241212-2200,Mountain View Moffett Field Naval Air Station,"Mountain View, California, US",14.0,8.0,-9999.0,-9999.0,-9999.0,0.0,0,-9999,-9999.0,70.0,57.2,67.1
20241212-2300,Mountain View Moffett Field Naval Air Station,"Mountain View, California, US",13.0,9.0,-9999.0,-9999.0,-9999.0,7.5600000000000005,-9999,-9999,-9999.0,80.0,55.4,76.7
20241213-0000,Mountain View Moffett Field Naval Air Station,"Mountain View, California, US",13.0,9.0,-9999.0,-9999.0,-9999.0,12.959999999999999,260,-9999,-9999.0,80.0,55.4,76.7
20241213-0100,Mountain View Moffett Field Naval Air Station,"Mountain View, California, US",12.0,10.0,-9999.0,0.3,-9999.0,7.5600000000000005,220,-9999,-9999.0,90.0,53.6,87.6
20241213-0200,Mountain View Moffett Field Naval Air Station,"Mountain View, California, US",12.0,10.0,-9999.0,-9999.0,-9999.0,5.4,80,-9999,-9999.0,90.0,53.6,87.6
20241213-0300,Mountain View Moffett Field Naval Air Station,"Mountain View, California, US",11.0,10.0,-9999.0,1.5,-9999.0,0.0,0,-9999,-9999.0,95.0,51.8,93.5
20241213-0400,Mountain View Moffett Field Naval Air Station,"Mountain View, California, US",11.0,10.0,-9999.0,-9999.0,-9999.0,0.0,0,-9999,-9999.0,95.0,51.8,93.5
20241213-0500,Mountain View Moffett Field Naval Air Station,"Mountain View, California, US",11.0,10.0,-9999.0,-9999.0,-9999.0,5.4,140,-9999,-9999.0,95.0,51.8,93.5
20241213-0600,Mountain View Moffett Field Naval Air Station,"Mountain View, California, US",11.0,10.0,-9999.0,-9999.0,-9999.0,0.0,0,-9999,-9999.0,95.0,51.8,93.5
20241213-0700,Mountain View Moffett Field Naval Air Station,"Mountain View, California, US",11.0,10.0,-9999.0,-9999.0,-9999.0,0.0,0,-9999,-9999.0,95.0,51.8,93.5
20241213-0800,Mountain View Moffett Field Naval Air Station,"Mountain View, California, US",11.0,10.0,-9999.0,-9999.0,-9999.0,0.0,0,-9999,-9999.0,95.0,51.8,93.5
20241213-0900,Mountain View Moffett Field Naval Air Station,"Mountain View, California, US",11.0,10.0,-9999.0,-9999.0,-9999.0,9.360000000000001,240,-9999,-9999.0,95.0,51.8,93.5
20241213-1000,Mountain View Moffett Field Naval Air Station,"Mountain View, California, US",10.0,10.0,-9999.0,-9999.0,-9999.0,11.16,130,-9999,-9999.0,100.0,50.0,100.0
20241213-1100,Mountain View Moffett Field Naval Air Station,"Mountain View, California, US",11.0,10.0,-9999.0,-9999.0,-9999.0,7.5600000000000005,140,-9999,-9999.0,95.0,51.8,93.5
20241213-1300,Mountain View Moffett Field Naval Air Station,"Mountain View, California, US",11.0,10.0,-9999.0,-9999.0,-9999.0,0.0,0,-9999,-9999.0,95.0,51.8,93.5
20241213-1400,Mountain View Moffett Field Naval Air Station,"Mountain View, California, US",11.0,10.0,-9999.0,-9999.0,-9999.0,11.16,120,-9999,-9999.0,95.0,51.8,93.5
20241213-1500,Mountain View Moffett Field Naval Air Station,"Mountain View, California, US",11.0,10.0,-9999.0,-9999.0,-9999.0,9.360000000000001,140,-9999,-9999.0,95.0,51.8,93.5
20241213-1600,Mountain View Moffett Field Naval Air Station,"Mountain View, California, US",11.0,10.0,-9999.0,-9999.0,-9999.0,16.56,110,-9999,-9999.0,95.0,51.8,93.5
20241213-1700,Mountain View Moffett Field Naval Air Station,"Mountain View, California, US",11.0,10.0,-9999.0,-9999.0,-9999.0,18.36,140,50,-9999.0,95.0,51.8,93.5
20241213-1800,Mountain View Moffett Field Naval Air Station,"Mountain View, California, US",13.0,9.0,-9999.0,-9999.0,-9999.0,12.959999999999999,140,25,-9999.0,80.0,55.4,76.7
20241213-1900,Mountain View Moffett Field Naval Air Station,"Mountain View, California, US",14.0,9.0,-9999.0,-9999.0,-9999.0,24.12,130,25,-9999.0,75.0,57.2,71.8
20241213-2000,Mountain View Moffett Field Naval Air Station,"Mountain View, California, US",14.0,9.0,-9999.0,-9999.0,-9999.0,16.56,130,-9999,-9999.0,75.0,57.2,71.8
20241213-2100,Mountain View Moffett Field Naval Air Station,"Mountain View, California, US",14.0,9.0,-9999.0,-9999.0,-9999.0,12.959999999999999,150,-9999,-9999.0,75.0,57.2,71.8
20241213-2200,Mountain View Moffett Field Naval Air Station,"Mountain View, California, US",14.0,8.0,-9999.0,-9999.0,-9999.0,16.56,150,-9999,-9999.0,70.0,57.2,67.1
20241213-2300,Mountain View Moffett Field Naval Air Station,"Mountain View, California, US",15.0,7.0,-9999.0,-9999.0,-9999.0,20.520000000000003,150,-9999,-9999.0,60.0,59.0,58.8
20241214-0000,Mountain View Moffett Field Naval Air Station,"Mountain View, California, US",14.0,8.0,-9999.0,-9999.0,-9999.0,25.919999999999998,130,-9999,-9999.0,70.0,57.2,67.1
20241214-0100,Mountain View Moffett Field Naval Air Station,"Mountain View, California, US",14.0,8.0,-9999.0,-9999.0,-9999.0,14.76,140,-9999,-9999.0,70.0,57.2,67.1
20241214-0200,Mountain View Moffett Field Naval Air Station,"Mountain View, California, US",14.0,8.0,-9999.0,-9999.0,-9999.0,27.72,150,25,-9999.0,70.0,57.2,67.1
20241214-0400,Mountain View Moffett Field Naval Air Station,"Mountain View, California, US",15.0,6.0,-9999.0,-9999.0,-9999.0,22.32,180,-9999,-9999.0,55.0,59.0,54.9
20241214-0500,Mountain View Moffett Field Naval Air Station,"Mountain View, California, US",15.0,4.0,-9999.0,-9999.0,-9999.0,18.36,150,-9999,-9999.0,45.0,59.0,47.7
20241214-0600,Mountain View Moffett Field Naval Air Station,"Mountain View, California, US",16.0,4.0,-9999.0,-9999.0,-9999.0,18.36,150,-9999,-9999.0,40.0,60.8,44.8
20241214-0700,Mountain View Moffett Field Naval Air Station,"Mountain View, California, US",15.0,4.0,-9999.0,-9999.0,-9999.0,25.919999999999998,140,-9999,-9999.0,45.0,59.0,47.7
20241214-0800,Mountain View Moffett Field Naval Air Station,"Mountain View, California, US",12.0,9.0,-9999.0,2.3,-9999.0,35.28,140,-9999,-9999.0,85.0,53.6,81.9
20241214-0900,Mountain View Moffett Field Naval Air Station,"Mountain View, California, US",11.0,9.0,-9999.0,5.1,-9999.0,27.72,120,-9999,-9999.0,90.0,51.8,87.5
20241214-1000,Mountain View Moffett Field Naval Air Station,"Mountain View, California, US",11.0,10.0,-9999.0,2.8,-9999.0,24.12,130,-9999,-9999.0,95.0,51.8,93.5
20241214-1100,Mountain View Moffett Field Naval Air Station,"Mountain View, California, US",11.0,9.0,-9999.0,1.3,-9999.0,25.919999999999998,140,-9999,-9999.0,90.0,51.8,87.5
20241214-1200,Mountain View Moffett Field Naval Air Station,"Mountain View, California, US",11.0,9.0,-9999.0,0.3,-9999.0,24.12,130,-9999,-9999.0,90.0,51.8,87.5
20241214-1300,Mountain View Moffett Field Naval Air Station,"Mountain View, California, US",11.0,8.0,-9999.0,2.3,-9999.0,35.28,150,-9999,-9999.0,85.0,51.8,81.7
20241214-1400,Mountain View Moffett Field Naval Air Station,"Mountain View, California, US",11.0,9.0,-9999.0,4.1,-9999.0,16.56,140,-9999,-9999.0,90.0,51.8,87.5
20241214-1500,Mountain View Moffett Field Naval Air Station,"Mountain View, California, US",12.0,11.0,-9999.0,9.9,-9999.0,16.56,170,-9999,-9999.0,95.0,53.6,93.6
20241214-1600,Mountain View Moffett Field Naval Air Station,"Mountain View, California, US",13.0,10.0,-9999.0,1.0,-9999.0,7.5600000000000005,-9999,-9999,-9999.0,85.0,55.4,82.0
20241214-1700,Mountain View Moffett Field Naval Air Station,"Mountain View, California, US",13.0,9.0,-9999.0,-9999.0,-9999.0,14.76,210,-9999,-9999.0,80.0,55.4,76.7
20241214-1800,Mountain View Moffett Field Naval Air Station,"Mountain View, California, US",14.0,9.0,-9999.0,0.3,-9999.0,27.72,260,-9999,-9999.0,75.0,57.2,71.8
20241214-1900,Mountain View Moffett Field Naval Air Station,"Mountain View, California, US",12.0,9.0,-9999.0,0.5,-9999.0,29.52,260,-9999,-9999.0,85.0,53.6,81.9
20241214-2000,Mountain View Moffett Field Naval Air Station,"Mountain View, California, US",11.0,9.0,-9999.0,1.0,-9999.0,22.32,250,-9999,-9999.0,90.0,51.8,87.5
20241214-2100,Mountain View Moffett Field Naval Air Station,"Mountain View, California, US",13.0,9.0,-9999.0,-9999.0,-9999.0,25.919999999999998,260,-9999,-9999.0,80.0,55.4,76.7
20241214-2200,Mountain View Moffett Field Naval Air Station,"Mountain View, California, US",13.0,9.0,-9999.0,0.5,-9999.0,20.520000000000003,250,50,-9999.0,80.0,55.4,76.7
20241214-2300,Mountain View Moffett Field Naval Air Station,"Mountain View, California, US",13.0,8.0,-9999.0,-9999.0,-9999.0,11.16,260,0,-9999.0,75.0,55.4,71.6
20241215-0000,Mountain View Moffett Field Naval Air Station,"Mountain View, California, US",13.0,8.0,-9999.0,-9999.0,-9999.0,11.16,-9999,0,-9999.0,75.0,55.4,71.6
20241215-0100,Mountain View Moffett Field Naval Air Station,"Mountain View, California, US",13.0,8.0,-9999.0,-9999.0,-9999.0,5.4,-9999,25,-9999.0,75.0,55.4,71.6
20241215-0200,Mountain View Moffett Field Naval Air Station,"Mountain View, California, US",12.0,8.0,-9999.0,-9999.0,-9999.0,11.16,330,0,-9999.0,80.0,53.6,76.5
20241215-0300,Mountain View Moffett Field Naval Air Station,"Mountain View, California, US",11.0,8.0,-9999.0,-9999.0,-9999.0,0.0,0,50,-9999.0,85.0,51.8,81.7
20241215-0400,Mountain View Moffett Field Naval Air Station,"Mountain View, California, US",11.0,8.0,-9999.0,-9999.0,-9999.0,0.0,0,-9999,-9999.0,85.0,51.8,81.7
20241215-0500,Mountain View Moffett Field Naval Air Station,"Mountain View, California, US",9.0,7.0,-9999.0,-9999.0,-9999.0,0.0,0,0,-9999.0,90.0,48.2,87.3
20241215-0600,Mountain View Moffett Field Naval Air Station,"Mountain View, California, US",9.0,7.0,-9999.0,-9999.0,-9999.0,0.0,0,-9999,-9999.0,90.0,48.2,87.3
20241215-0700,Mountain View Moffett Field Naval Air Station,"Mountain View, California, US",8.0,7.0,-9999.0,-9999.0,-9999.0,0.0,0,-9999,-9999.0,95.0,46.4,93.4
20241215-0800,Mountain View Moffett Field Naval Air Station,"Mountain View, California, US",7.0,6.0,-9999.0,-9999.0,-9999.0,0.0,0,-9999,-9999.0,95.0,44.6,93.3
20241215-0900,Mountain View Moffett Field Naval Air Station,"Mountain View, California, US",7.0,6.0,-9999.0,-9999.0,-9999.0,0.0,0,-9999,-9999.0,95.0,44.6,93.3
20241215-1000,Mountain View Moffett Field Naval Air Station,"Mountain View, California, US",6.0,5.0,-9999.0,-9999.0,-9999.0,0.0,0,25,-9999.0,95.0,42.8,93.3
20241215-1100,Mountain View Moffett Field Naval Air Station,"Mountain View, California, US",5.0,5.0,-9999.0,-9999.0,-9999.0,0.0,0,0,-9999.0,100.0,41.0,100.0
20241215-1200,Mountain View Moffett Field Naval Air Station,"Mountain View, California, US",5.0,4.0,-9999.0,-9999.0,-9999.0,0.0,0,0,-9999.0,95.0,41.0,93.2
20241215-1300,Mountain View Moffett Field Naval Air Station,"Mountain View, California, US",4.0,4.0,-9999.0,-9999.0,-9999.0,0.0,0,0,-9999.0,100.0,39.2,100.0
20241215-1400,Mountain View Moffett Field Naval Air Station,"Mountain View, California, US",5.0,4.0,-9999.0,-9999.0,-9999.0,0.0,0,0,-9999.0,95.0,41.0,93.2
20241215-1500,Mountain View Moffett Field Naval Air Station,"Mountain View, California, US",4.0,3.0,-9999.0,-9999.0,-9999.0,0.0,0,0,-9999.0,95.0,39.2,93.2
20241215-1600,Mountain View Moffett Field Naval Air Station,"Mountain View, California, US",4.0,4.0,-9999.0,-9999.0,-9999.0,5.4,130,0,-9999.0,100.0,39.2,100.0
20241215-1700,Mountain View Moffett Field Naval Air Station,"Mountain View, California, US",7.0,7.0,-9999.0,-9999.0,-9999.0,0.0,0,0,-9999.0,100.0,44.6,100.0
20241215-1800,Mountain View Moffett Field Naval Air Station,"Mountain View, California, US",9.0,7.0,-9999.0,-9999.0,-9999.0,0.0,0,-9999,-9999.0,90.0,48.2,87.3
20241215-1900,Mountain View Moffett Field Naval Air Station,"Mountain View, California, US",11.0,7.0,-9999.0,-9999.0,-9999.0,5.4,360,0,-9999.0,80.0,51.8,76.3
20241215-2000,Mountain View Moffett Field Naval Air Station,"Mountain View, California, US",11.0,8.0,-9999.0,-9999.0,-9999.0,9.360000000000001,350,0,-9999.0,85.0,51.8,81.7
20241215-2100,Mountain View Moffett Field Naval Air Station,"Mountain View, California, US",12.0,8.0,-9999.0,-9999.0,-9999.0,7.5600000000000005,10,0,-9999.0,80.0,53.6,76.5
20241215-2200,Mountain View Moffett Field Naval Air Station,"Mountain View, California, US",13.0,6.0,-9999.0,-9999.0,-9999.0,7.5600000000000005,10,0,-9999.0,65.0,55.4,62.5
20241215-2300,Mountain View Moffett Field Naval Air Station,"Mountain View, California, US",13.0,7.0,-9999.0,-9999.0,-9999.0,7.5600000000000005,30,0,-9999.0,70.0,55.4,66.9
20241216-0000,Mountain View Moffett Field Naval Air Station,"Mountain View, California, US",12.0,8.0,-9999.0,-9999.0,-9999.0,11.16,340,0,-9999.0,80.0,53.6,76.5
20241216-0100,Mountain View Moffett Field Naval Air Station,"Mountain View, California, US",11.0,8.0,-9999.0,-9999.0,-9999.0,0.0,0,0,-9999.0,85.0,51.8,81.7
20241216-0200,Mountain View Moffett Field Naval Air Station,"Mountain View, California, US",10.0,9.0,-9999.0,-9999.0,-9999.0,0.0,0,0,-9999.0,95.0,50.0,93.5
20241216-0300,Mountain View Moffett Field Naval Air Station,"Mountain View, California, US",10.0,8.0,-9999.0,-9999.0,-9999.0,0.0,0,50,-9999.0,90.0,50.0,87.4
20241216-0400,Mountain View Moffett Field Naval Air Station,"Mountain View, California, US",10.0,8.0,-9999.0,-9999.0,-9999.0,0.0,0,0,-9999.0,90.0,50.0,87.4
20241216-0500,Mountain View Moffett Field Naval Air Station,"Mountain View, California, US",9.0,7.0,-9999.0,-9999.0,-9999.0,0.0,0,25,-9999.0,90.0,48.2,87.3
20241216-0600,Mountain View Moffett Field Naval Air Station,"Mountain View, California, US",8.0,7.0,-9999.0,-9999.0,-9999.0,0.0,0,0,-9999.0,95.0,46.4,93.4
20241216-0700,Mountain View Moffett Field Naval Air Station,"Mountain View, California, US",9.0,7.0,-9999.0,-9999.0,-9999.0,0.0,0,-9999,-9999.0,90.0,48.2,87.3
20241216-0800,Mountain View Moffett Field Naval Air Station,"Mountain View, California, US",9.0,7.0,-9999.0,-9999.0,-9999.0,7.5600000000000005,160,0,-9999.0,90.0,48.2,87.3
20241216-0900,Mountain View Moffett Field Naval Air Station,"Mountain View, California, US",7.0,6.0,-9999.0,-9999.0,-9999.0,0.0,0,0,-9999.0,95.0,44.6,93.3
20241216-1000,Mountain View Moffett Field Naval Air Station,"Mountain View, California, US",7.0,6.0,-9999.0,-9999.0,-9999.0,5.4,140,0,-9999.0,95.0,44.6,93.3
20241216-1100,Mountain View Moffett Field Naval Air Station,"Mountain View, California, US",7.0,6.0,-9999.0,-9999.0,-9999.0,0.0,0,0,-9999.0,95.0,44.6,93.3
20241216-1200,Mountain View Moffett Field Naval Air Station,"Mountain View, California, US",6.0,5.0,-9999.0,-9999.0,-9999.0,5.4,240,50,-9999.0,95.0,42.8,93.3
20241216-1300,Mountain View Moffett Field Naval Air Station,"Mountain View, California, US",6.0,5.0,-9999.0,-9999.0,-9999.0,0.0,0,25,-9999.0,95.0,42.8,93.3
20241216-1400,Mountain View Moffett Field Naval Air Station,"Mountain View, California, US",6.0,5.0,-9999.0,-9999.0,-9999.0,0.0,0,0,-9999.0,95.0,42.8,93.3
20241216-1500,Mountain View Moffett Field Naval Air Station,"Mountain View, California, US",7.0,6.0,-9999.0,-9999.0,-9999.0,0.0,0,25,-9999.0,95.0,44.6,93.3
20241216-1600,Mountain View Moffett Field Naval Air Station,"Mountain View, California, US",8.0,6.0,-9999.0,-9999.0,-9999.0,0.0,0,-9999,-9999.0,90.0,46.4,87.2
20241216-1700,Mountain View Moffett Field Naval Air Station,"Mountain View, California, US",10.0,5.0,-9999.0,-9999.0,-9999.0,7.5600000000000005,150,-9999,-9999.0,75.0,50.0,71.1
20241216-1800,Mountain View Moffett Field Naval Air Station,"Mountain View, California, US",13.0,5.0,-9999.0,-9999.0,-9999.0,22.32,130,-9999,-9999.0,60.0,55.4,58.3
20241216-1900,Mountain View Moffett Field Naval Air Station,"Mountain View, California, US",13.0,8.0,-9999.0,-9999.0,-9999.0,25.919999999999998,140,-9999,-9999.0,75.0,55.4,71.6
20241216-2000,Mountain View Moffett Field Naval Air Station,"Mountain View, California, US",13.0,8.0,-9999.0,-9999.0,-9999.0,27.72,130,-9999,-9999.0,75.0,55.4,71.6
20241216-2100,Mountain View Moffett Field Naval Air Station,"Mountain View, California, US",12.0,10.0,-9999.0,0.5,-9999.0,27.72,130,-9999,-9999.0,90.0,53.6,87.6
20241216-2200,Mountain View Moffett Field Naval Air Station,"Mountain View, California, US",12.0,10.0,-9999.0,1.3,-9999.0,18.36,130,-9999,-9999.0,90.0,53.6,87.6
20241216-2300,Mountain View Moffett Field Naval Air Station,"Mountain View, California, US",12.0,11.0,-9999.0,0.5,-9999.0,20.520000000000003,130,-9999,-9999.0,95.0,53.6,93.6
20241217-0000,Mountain View Moffett Field Naval Air Station,"Mountain View, California, US",13.0,11.0,-9999.0,-9999.0,-9999.0,11.16,150,-9999,-9999.0,90.0,55.4,87.6
20241217-0100,Mountain View Moffett Field Naval Air Station,"Mountain View, California, US",12.0,10.0,-9999.0,-9999.0,-9999.0,12.959999999999999,90,50,-9999.0,90.0,53.6,87.6
20241217-0200,Mountain View Moffett Field Naval Air Station,"Mountain View, California, US",12.0,10.0,-9999.0,-9999.0,-9999.0,0.0,0,-9999,-9999.0,90.0,53.6,87.6
20241217-0300,Mountain View Moffett Field Naval Air Station,"Mountain View, California, US",11.0,10.0,-9999.0,-9999.0,-9999.0,5.4,180,0,-9999.0,95.0,51.8,93.5
20241217-0400,Mountain View Moffett Field Naval Air Station,"Mountain View, California, US",10.0,9.0,-9999.0,-9999.0,-9999.0,0.0,0,25,-9999.0,95.0,50.0,93.5
20241217-0500,Mountain View Moffett Field Naval Air Station,"Mountain View, California, US",10.0,9.0,-9999.0,-9999.0,-9999.0,0.0,0,0,-9999.0,95.0,50.0,93.5
20241217-0600,Mountain View Moffett Field Naval Air Station,"Mountain View, California, US",9.0,9.0,-9999.0,-9999.0,-9999.0,0.0,0,-9999,-9999.0,100.0,48.2,100.0
20241217-0700,Mountain View Moffett Field Naval Air Station,"Mountain View, California, US",9.0,8.0,-9999.0,-9999.0,-9999.0,0.0,0,-9999,-9999.0,95.0,48.2,93.4
20241217-0800,Mountain View Moffett Field Naval Air Station,"Mountain View, California, US",9.0,9.0,-9999.0,-9999.0,-9999.0,5.4,260,-9999,-9999.0,100.0,48.2,100.0
20241217-0900,Mountain View Moffett Field Naval Air Station,"Mountain View, California, US",10.0,9.0,-9999.0,-9999.0,-9999.0,0.0,0,-9999,-9999.0,95.0,50.0,93.5
20241217-1000,Mountain View Moffett Field Naval Air Station,"Mountain View, California, US",10.0,10.0,-9999.0,-9999.0,-9999.0,0.0,0,-9999,-9999.0,100.0,50.0,100.0
20241217-1100,Mountain View Moffett Field Naval Air Station,"Mountain View, California, US",10.0,10.0,-9999.0,-9999.0,-9999.0,0.0,0,-9999,-9999.0,100.0,50.0,100.0
20241217-1200,Mountain View Moffett Field Naval Air Station,"Mountain View, California, US",10.0,10.0,-9999.0,-9999.0,-9999.0,0.0,0,-9999,-9999.0,100.0,50.0,100.0
20241217-1300,Mountain View Moffett Field Naval Air Station,"Mountain View, California, US",10.0,10.0,-9999.0,-9999.0,-9999.0,0.0,0,-9999,-9999.0,100.0,50.0,100.0
20241217-1400,Mountain View Moffett Field Naval Air Station,"Mountain View, California, US",11.0,11.0,-9999.0,-9999.0,-9999.0,0.0,0,-9999,-9999.0,100.0,51.8,100.0
20241217-1500,Mountain View Moffett Field Naval Air Station,"Mountain View, California, US",10.0,10.0,-9999.0,-9999.0,-9999.0,0.0,0,-9999,-9999.0,100.0,50.0,100.0
20241217-1600,Mountain View Moffett Field Naval Air Station,"Mountain View, California, US",11.0,11.0,-9999.0,-9999.0,-9999.0,0.0,0,-9999,-9999.0,100.0,51.8,100.0
20241217-1700,Mountain View Moffett Field Naval Air Station,"Mountain View, California, US",11.0,11.0,-9999.0,-9999.0,-9999.0,9.360000000000001,360,-9999,-9999.0,100.0,51.8,100.0
20241217-1800,Mountain View Moffett Field Naval Air Station,"Mountain View, California, US",11.0,11.0,-9999.0,-9999.0,-9999.0,9.360000000000001,10,-9999,-9999.0,100.0,51.8,100.0
20241217-1900,Mountain View Moffett Field Naval Air Station,"Mountain View, California, US",12.0,10.0,-9999.0,-9999.0,-9999.0,0.0,0,-9999,-9999.0,90.0,53.6,87.6
20241217-2000,Mountain View Moffett Field Naval Air Station,"Mountain View, California, US",13.0,10.0,-9999.0,-9999.0,-9999.0,0.0,0,50,-9999.0,85.0,55.4,82.0
20241217-2100,Mountain View Moffett Field Naval Air Station,"Mountain View, California, US",14.0,10.0,-9999.0,-9999.0,-9999.0,9.360000000000001,20,0,-9999.0,80.0,57.2,76.8
20241217-2200,Mountain View Moffett Field Naval Air Station,"Mountain View, California, US",14.0,10.0,-9999.0,-9999.0,-9999.0,7.5600000000000005,320,0,-9999.0,80.0,57.2,76.8
20241217-2300,Mountain View Moffett Field Naval Air Station,"Mountain View, California, US",15.0,11.0,-9999.0,-9999.0,-9999.0,-9999.0,-9999,0,-9999.0,80.0,59.0,77.0
20241218-0000,Mountain View Moffett Field Naval Air Station,"Mountain View, California, US",13.0,11.0,-9999.0,-9999.0,-9999.0,11.16,320,0,-9999.0,90.0,55.4,87.6
20241218-0100,Mountain View Moffett Field Naval Air Station,"Mountain View, California, US",12.0,10.0,-9999.0,-9999.0,-9999.0,9.360000000000001,350,0,-9999.0,90.0,53.6,87.6
20241218-0200,Mountain View Moffett Field Naval Air Station,"Mountain View, California, US",11.0,10.0,-9999.0,-9999.0,-9999.0,0.0,0,0,-9999.0,95.0,51.8,93.5
20241218-0300,Mountain View Moffett Field Naval Air Station,"Mountain View, California, US",11.0,10.0,-9999.0,-9999.0,-9999.0,7.5600000000000005,310,0,-9999.0,95.0,51.8,93.5
20241218-0400,Mountain View Moffett Field Naval Air Station,"Mountain View, California, US",11.0,10.0,-9999.0,-9999.0,-9999.0,0.0,0,0,-9999.0,95.0,51.8,93.5
20241218-0500,Mountain View Moffett Field Naval Air Station,"Mountain View, California, US",10.0,10.0,-9999.0,-9999.0,-9999.0,5.4,290,25,-9999.0,100.0,50.0,100.0
20241218-0600,Mountain View Moffett Field Naval Air Station,"Mountain View, California, US",10.0,10.0,-9999.0,-9999.0,-9999.0,11.16,290,-9999,-9999.0,100.0,50.0,100.0
20241218-0700,Mountain View Moffett Field Naval Air Station,"Mountain View, California, US",10.0,9.0,-9999.0,-9999.0,-9999.0,5.4,260,-9999,-9999.0,95.0,50.0,93.5
20241218-0800,Mountain View Moffett Field Naval Air Station,"Mountain View, California, US",10.0,9.0,-9999.0,-9999.0,-9999.0,11.16,270,0,-9999.0,95.0,50.0,93.5
20241218-0900,Mountain View Moffett Field Naval Air Station,"Mountain View, California, US",9.0,9.0,-9999.0,-9999.0,-9999.0,7.5600000000000005,270,-9999,-9999.0,100.0,48.2,100.0
20241218-1000,Mountain View Moffett Field Naval Air Station,"Mountain View, California, US",8.0,8.0,-9999.0,-9999.0,-9999.0,0.0,0,-9999,-9999.0,100.0,46.4,100.0
20241218-1100,Mountain View Moffett Field Naval Air Station,"Mountain View, California, US",7.0,7.0,-9999.0,-9999.0,-9999.0,0.0,0,-9999,-9999.0,100.0,44.6,100.0
20241218-1200,Mountain View Moffett Field Naval Air Station,"Mountain View, California, US",7.0,7.0,-9999.0,-9999.0,-9999.0,0.0,0,-9999,-9999.0,100.0,44.6,100.0
20241218-1300,Mountain View Moffett Field Naval Air Station,"Mountain View, California, US",7.0,6.0,-9999.0,-9999.0,-9999.0,5.4,130,-9999,-9999.0,95.0,44.6,93.3
20241218-1400,Mountain View Moffett Field Naval Air Station,"Mountain View, California, US",6.0,6.0,-9999.0,-9999.0,-9999.0,0.0,0,-9999,-9999.0,100.0,42.8,100.0
20241218-1500,Mountain View Moffett Field Naval Air Station,"Mountain View, California, US",6.0,6.0,-9999.0,-9999.0,-9999.0,5.4,150,-9999,-9999.0,100.0,42.8,100.0
20241218-1600,Mountain View Moffett Field Naval Air Station,"Mountain View, California, US",6.0,6.0,-9999.0,-9999.0,-9999.0,0.0,0,-9999,-9999.0,100.0,42.8,100.0
20241218-1700,Mountain View Moffett Field Naval Air Station,"Mountain View, California, US",6.0,6.0,-9999.0,-9999.0,-9999.0,5.4,130,-9999,-9999.0,100.0,42.8,100.0
20241218-1800,Mountain View Moffett Field Naval Air Station,"Mountain View, California, US",7.0,7.0,-9999.0,-9999.0,-9999.0,0.0,0,-9999,-9999.0,100.0,44.6,100.0
20241218-1900,Mountain View Moffett Field Naval Air Station,"Mountain View, California, US",8.0,8.0,-9999.0,-9999.0,-9999.0,7.5600000000000005,310,-9999,-9999.0,100.0,46.4,100.0
20241218-2000,Mountain View Moffett Field Naval Air Station,"Mountain View, California, US",12.0,11.0,-9999.0,-9999.0,-9999.0,0.0,0,0,-9999.0,95.0,53.6,93.6
20241218-2100,Mountain View Moffett Field Naval Air Station,"Mountain View, California, US",12.0,10.0,-9999.0,-9999.0,-9999.0,14.76,40,0,-9999.0,90.0,53.6,87.6
20241218-2200,Mountain View Moffett Field Naval Air Station,"Mountain View, California, US",12.0,10.0,-9999.0,-9999.0,-9999.0,7.5600000000000005,350,0,-9999.0,90.0,53.6,87.6
20241218-2300,Mountain View Moffett Field Naval Air Station,"Mountain View, California, US",13.0,10.0,-9999.0,-9999.0,-9999.0,11.16,360,0,-9999.0,85.0,55.4,82.0
20241219-0000,Mountain View Moffett Field Naval Air Station,"Mountain View, California, US",13.0,10.0,-9999.0,-9999.0,-9999.0,11.16,360,0,-9999.0,85.0,55.4,82.0
20241219-0100,Mountain View Moffett Field Naval Air Station,"Mountain View, California, US",12.0,8.0,-9999.0,-9999.0,-9999.0,14.76,330,0,-9999.0,80.0,53.6,76.5
20241219-0200,Mountain View Moffett Field Naval Air Station,"Mountain View, California, US",11.0,8.0,-9999.0,-9999.0,-9999.0,14.76,320,0,-9999.0,85.0,51.8,81.7
20241219-0300,Mountain View Moffett Field Naval Air Station,"Mountain View, California, US",11.0,8.0,-9999.0,-9999.0,-9999.0,0.0,0,0,-9999.0,85.0,51.8,81.7
20241219-0400,Mountain View Moffett Field Naval Air Station,"Mountain View, California, US",9.0,7.0,-9999.0,-9999.0,-9999.0,0.0,0,0,-9999.0,90.0,48.2,87.3
20241219-0500,Mountain View Moffett Field Naval Air Station,"Mountain View, California, US",10.0,8.0,-9999.0,-9999.0,-9999.0,5.4,350,0,-9999.0,90.0,50.0,87.4
20241219-0600,Mountain View Moffett Field Naval Air Station,"Mountain View, California, US",9.0,7.0,-9999.0,-9999.0,-9999.0,0.0,0,0,-9999.0,90.0,48.2,87.3
20241219-0700,Mountain View Moffett Field Naval Air Station,"Mountain View, California, US",8.0,7.0,-9999.0,-9999.0,-9999.0,0.0,0,0,-9999.0,95.0,46.4,93.4
20241219-0800,Mountain View Moffett Field Naval Air Station,"Mountain View, California, US",7.0,6.0,-9999.0,-9999.0,-9999.0,0.0,0,0,-9999.0,95.0,44.6,93.3
20241219-0900,Mountain View Moffett Field Naval Air Station,"Mountain View, California, US",6.0,6.0,-9999.0,-9999.0,-9999.0,0.0,0,0,-9999.0,100.0,42.8,100.0
20241219-1000,Mountain View Moffett Field Naval Air Station,"Mountain View, California, US",6.0,5.0,-9999.0,-9999.0,-9999.0,0.0,0,0,-9999.0,95.0,42.8,93.3
20241219-1100,Mountain View Moffett Field Naval Air Station,"Mountain View, California, US",6.0,5.0,-9999.0,-9999.0,-9999.0,9.360000000000001,260,0,-9999.0,95.0,42.8,93.3
20241219-1200,Mountain View Moffett Field Naval Air Station,"Mountain View, California, US",6.0,6.0,-9999.0,-9999.0,-9999.0,5.4,230,0,-9999.0,100.0,42.8,100.0
20241219-1300,Mountain View Moffett Field Naval Air Station,"Mountain View, California, US",5.0,4.0,-9999.0,-9999.0,-9999.0,0.0,0,0,-9999.0,95.0,41.0,93.2
20241219-1400,Mountain View Moffett Field Naval Air Station,"Mountain View, California, US",6.0,5.0,-9999.0,-9999.0,-9999.0,0.0,0,0,-9999.0,95.0,42.8,93.3
20241219-1500,Mountain View Moffett Field Naval Air Station,"Mountain View, California, US",5.0,5.0,-9999.0,-9999.0,-9999.0,5.4,270,0,-9999.0,100.0,41.0,100.0
20241219-1600,Mountain View Moffett Field Naval Air Station,"Mountain View, California, US",6.0,6.0,-9999.0,-9999.0,-9999.0,0.0,0,0,-9999.0,100.0,42.8,100.0
20241219-1700,Mountain View Moffett Field Naval Air Station,"Mountain View, California, US",9.0,7.0,-9999.0,-9999.0,-9999.0,7.5600000000000005,340,0,-9999.0,90.0,48.2,87.3
20241219-1800,Mountain View Moffett Field Naval Air Station,"Mountain View, California, US",11.0,8.0,-9999.0,-9999.0,-9999.0,0.0,0,-9999,-9999.0,85.0,51.8,81.7
20241219-1900,Mountain View Moffett Field Naval Air Station,"Mountain View, California, US",12.0,7.0,-9999.0,-9999.0,-9999.0,7.5600000000000005,350,0,-9999.0,75.0,53.6,71.5
20241219-2000,Mountain View Moffett Field Naval Air Station,"Mountain View, California, US",13.0,8.0,-9999.0,-9999.0,-9999.0,5.4,-9999,0,-9999.0,75.0,55.4,71.6
20241219-2100,Mountain View Moffett Field Naval Air Station,"Mountain View, California, US",13.0,8.0,-9999.0,-9999.0,-9999.0,7.5600000000000005,-9999,0,-9999.0,75.0,55.4,71.6
20241219-2200,Mountain View Moffett Field Naval Air Station,"Mountain View, California, US",14.0,8.0,-9999.0,-9999.0,-9999.0,16.56,360,0,-9999.0,70.0,57.2,67.1
20241219-2300,Mountain View Moffett Field Naval Air Station,"Mountain View, California, US",14.0,9.0,-9999.0,-9999.0,-9999.0,14.76,340,0,-9999.0,75.0,57.2,71.8
20241220-0000,Mountain View Moffett Field Naval Air Station,"Mountain View, California, US",13.0,8.0,-9999.0,-9999.0,-9999.0,16.56,360,0,-9999.0,75.0,55.4,71.6
20241220-0100,Mountain View Moffett Field Naval Air Station,"Mountain View, California, US",11.0,8.0,-9999.0,-9999.0,-9999.0,11.16,350,0,-9999.0,85.0,51.8,81.7
20241220-0200,Mountain View Moffett Field Naval Air Station,"Mountain View, California, US",11.0,8.0,-9999.0,-9999.0,-9999.0,7.5600000000000005,270,0,-9999.0,85.0,51.8,81.7
20241220-0300,Mountain View Moffett Field Naval Air Station,"Mountain View, California, US",10.0,8.0,-9999.0,-9999.0,-9999.0,9.360000000000001,270,0,-9999.0,90.0,50.0,87.4
20241220-0400,Mountain View Moffett Field Naval Air Station,"Mountain View, California, US",9.0,8.0,-9999.0,-9999.0,-9999.0,5.4,250,0,-9999.0,95.0,48.2,93.4
20241220-0500,Mountain View Moffett Field Naval Air Station,"Mountain View, California, US",9.0,8.0,-9999.0,-9999.0,-9999.0,0.0,0,0,-9999.0,95.0,48.2,93.4
20241220-0600,Mountain View Moffett Field Naval Air Station,"Mountain View, California, US",8.0,7.0,-9999.0,-9999.0,-9999.0,5.4,260,0,-9999.0,95.0,46.4,93.4
20241220-0700,Mountain View Moffett Field Naval Air Station,"Mountain View, California, US",8.0,7.0,-9999.0,-9999.0,-9999.0,0.0,0,50,-9999.0,95.0,46.4,93.4
20241220-0800,Mountain View Moffett Field Naval Air Station,"Mountain View, California, US",8.0,7.0,-9999.0,-9999.0,-9999.0,0.0,0,0,-9999.0,95.0,46.4,93.4
20241220-0900,Mountain View Moffett Field Naval Air Station,"Mountain View, California, US",8.0,7.0,-9999.0,-9999.0,-9999.0,5.4,280,0,-9999.0,95.0,46.4,93.4
20241220-1000,Mountain View Moffett Field Naval Air Station,"Mountain View, California, US",7.0,7.0,-9999.0,-9999.0,-9999.0,7.5600000000000005,270,0,-9999.0,100.0,44.6,100.0
20241220-1100,Mountain View Moffett Field Naval Air Station,"Mountain View, California, US",6.0,6.0,-9999.0,-9999.0,-9999.0,5.4,240,0,-9999.0,100.0,42.8,100.0
20241220-1200,Mountain View Moffett Field Naval Air Station,"Mountain View, California, US",6.0,6.0,-9999.0,-9999.0,-9999.0,0.0,0,0,-9999.0,100.0,42.8,100.0
20241220-1300,Mountain View Moffett Field Naval Air Station,"Mountain View, California, US",6.0,5.0,-9999.0,-9999.0,-9999.0,0.0,0,-9999,-9999.0,95.0,42.8,93.3
20241220-1400,Mountain View Moffett Field Naval Air Station,"Mountain View, California, US",6.0,6.0,-9999.0,-9999.0,-9999.0,0.0,0,-9999,-9999.0,100.0,42.8,100.0
20241220-1500,Mountain View Moffett Field Naval Air Station,"Mountain View, California, US",6.0,5.0,-9999.0,-9999.0,-9999.0,0.0,0,50,-9999.0,95.0,42.8,93.3
20241220-1600,Mountain View Moffett Field Naval Air Station,"Mountain View, California, US",6.0,6.0,-9999.0,-9999.0,-9999.0,0.0,0,-9999,-9999.0,100.0,42.8,100.0
20241220-1700,Mountain View Moffett Field Naval Air Station,"Mountain View, California, US",8.0,8.0,-9999.0,-9999.0,-9999.0,0.0,0,0,-9999.0,100.0,46.4,100.0
20241220-1800,Mountain View Moffett Field Naval Air Station,"Mountain View, California, US",10.0,7.0,-9999.0,-9999.0,-9999.0,0.0,0,0,-9999.0,85.0,50.0,81.6
20241220-1900,Mountain View Moffett Field Naval Air Station,"Mountain View, California, US",9.0,8.0,-9999.0,-9999.0,-9999.0,7.5600000000000005,-9999,0,-9999.0,95.0,48.2,93.4
20241220-2000,Mountain View Moffett Field Naval Air Station,"Mountain View, California, US",11.0,8.0,-9999.0,-9999.0,-9999.0,0.0,0,0,-9999.0,85.0,51.8,81.7
20241220-2100,Mountain View Moffett Field Naval Air Station,"Mountain View, California, US",11.0,8.0,-9999.0,-9999.0,-9999.0,16.56,340,0,-9999.0,85.0,51.8,81.7
20241220-2200,Mountain View Moffett Field Naval Air Station,"Mountain View, California, US",13.0,9.0,-9999.0,-9999.0,-9999.0,9.360000000000001,310,0,-9999.0,80.0,55.4,76.7
20241220-2300,Mountain View Moffett Field Naval Air Station,"Mountain View, California, US",13.0,9.0,-9999.0,-9999.0,-9999.0,7.5600000000000005,190,0,-9999.0,80.0,55.4,76.7
20241221-0000,Mountain View Moffett Field Naval Air Station,"Mountain View, California, US",14.0,8.0,-9999.0,-9999.0,-9999.0,0.0,0,0,-9999.0,70.0,57.2,67.1
20241221-0100,Mountain View Moffett Field Naval Air Station,"Mountain View, California, US",12.0,9.0,-9999.0,-9999.0,-9999.0,0.0,0,0,-9999.0,85.0,53.6,81.9
20241221-0200,Mountain View Moffett Field Naval Air Station,"Mountain View, California, US",11.0,9.0,-9999.0,-9999.0,-9999.0,0.0,0,0,-9999.0,90.0,51.8,87.5
20241221-0300,Mountain View Moffett Field Naval Air Station,"Mountain View, California, US",11.0,9.0,-9999.0,-9999.0,-9999.0,0.0,0,0,-9999.0,90.0,51.8,87.5
20241221-0400,Mountain View Moffett Field Naval Air Station,"Mountain View, California, US",11.0,9.0,-9999.0,-9999.0,-9999.0,0.0,0,0,-9999.0,90.0,51.8,87.5
20241221-0500,Mountain View Moffett Field Naval Air Station,"Mountain View, California, US",11.0,9.0,-9999.0,-9999.0,-9999.0,0.0,0,0,-9999.0,90.0,51.8,87.5
20241221-0600,Mountain View Moffett Field Naval Air Station,"Mountain View, California, US",10.0,9.0,-9999.0,-9999.0,-9999.0,0.0,0,0,-9999.0,95.0,50.0,93.5
20241221-0700,Mountain View Moffett Field Naval Air Station,"Mountain View, California, US",10.0,9.0,-9999.0,-9999.0,-9999.0,0.0,0,0,-9999.0,95.0,50.0,93.5
20241221-0800,Mountain View Moffett Field Naval Air Station,"Mountain View, California, US",9.0,8.0,-9999.0,-9999.0,-9999.0,7.5600000000000005,100,0,-9999.0,95.0,48.2,93.4
20241221-0900,Mountain View Moffett Field Naval Air Station,"Mountain View, California, US",10.0,9.0,-9999.0,-9999.0,-9999.0,7.5600000000000005,270,25,-9999.0,95.0,50.0,93.5
20241221-1000,Mountain View Moffett Field Naval Air Station,"Mountain View, California, US",9.0,8.0,-9999.0,-9999.0,-9999.0,0.0,0,0,-9999.0,95.0,48.2,93.4
20241221-1100,Mountain View Moffett Field Naval Air Station,"Mountain View, California, US",9.0,9.0,-9999.0,-9999.0,-9999.0,0.0,0,0,-9999.0,100.0,48.2,100.0
20241221-1200,Mountain View Moffett Field Naval Air Station,"Mountain View, California, US",13.0,10.0,-9999.0,-9999.0,-9999.0,14.76,190,0,-9999.0,85.0,55.4,82.0
20241221-1300,Mountain View Moffett Field Naval Air Station,"Mountain View, California, US",14.0,10.0,-9999.0,-9999.0,-9999.0,29.52,130,0,-9999.0,80.0,57.2,76.8
20241221-1400,Mountain View Moffett Field Naval Air Station,"Mountain View, California, US",13.0,9.0,-9999.0,-9999.0,-9999.0,16.56,100,25,-9999.0,80.0,55.4,76.7
20241221-1500,Mountain View Moffett Field Naval Air Station,"Mountain View, California, US",13.0,9.0,-9999.0,-9999.0,-9999.0,16.56,90,-9999,-9999.0,80.0,55.4,76.7
20241221-1600,Mountain View Moffett Field Naval Air Station,"Mountain View, California, US",15.0,10.0,-9999.0,-9999.0,-9999.0,18.36,170,-9999,-9999.0,75.0,59.0,72.0
20241221-1700,Mountain View Moffett Field Naval Air Station,"Mountain View, California, US",15.0,9.0,-9999.0,-9999.0,-9999.0,24.12,130,-9999,-9999.0,70.0,59.0,67.3
20241221-1800,Mountain View Moffett Field Naval Air Station,"Mountain View, California, US",15.0,10.0,-9999.0,-9999.0,-9999.0,25.919999999999998,140,-9999,-9999.0,75.0,59.0,72.0
20241221-1900,Mountain View Moffett Field Naval Air Station,"Mountain View, California, US",15.0,10.0,-9999.0,-9999.0,-9999.0,22.32,120,-9999,-9999.0,75.0,59.0,72.0
20241221-2000,Mountain View Moffett Field Naval Air Station,"Mountain View, California, US",16.0,10.0,-9999.0,-9999.0,-9999.0,20.520000000000003,130,-9999,-9999.0,70.0,60.8,67.5
20241221-2100,Mountain View Moffett Field Naval Air Station,"Mountain View, California, US",16.0,11.0,-9999.0,-9999.0,-9999.0,22.32,130,-9999,-9999.0,75.0,60.8,72.2
20241221-2200,Mountain View Moffett Field Naval Air Station,"Mountain View, California, US",17.0,11.0,-9999.0,-9999.0,-9999.0,16.56,130,-9999,-9999.0,70.0,62.6,67.7
20241221-2300,Mountain View Moffett Field Naval Air Station,"Mountain View, California, US",17.0,12.0,-9999.0,-9999.0,-9999.0,7.5600000000000005,160,-9999,-9999.0,75.0,62.6,72.4
20241222-0000,Mountain View Moffett Field Naval Air Station,"Mountain View, California, US",17.0,12.0,-9999.0,-9999.0,-9999.0,7.5600000000000005,150,-9999,-9999.0,75.0,62.6,72.4
20241222-0100,Mountain View Moffett Field Naval Air Station,"Mountain View, California, US",14.0,12.0,-9999.0,-9999.0,-9999.0,11.16,330,-9999,-9999.0,90.0,57.2,87.7
20241222-0200,Mountain View Moffett Field Naval Air Station,"Mountain View, California, US",13.0,12.0,-9999.0,-9999.0,-9999.0,0.0,0,-9999,-9999.0,95.0,55.4,93.6
20241222-0300,Mountain View Moffett Field Naval Air Station,"Mountain View, California, US",14.0,13.0,-9999.0,-9999.0,-9999.0,0.0,0,-9999,-9999.0,95.0,57.2,93.7
20241222-0400,Mountain View Moffett Field Naval Air Station,"Mountain View, California, US",14.0,13.0,-9999.0,-9999.0,-9999.0,0.0,0,-9999,-9999.0,95.0,57.2,93.7
20241222-0500,Mountain View Moffett Field Naval Air Station,"Mountain View, California, US",14.0,13.0,-9999.0,-9999.0,-9999.0,5.4,310,-9999,-9999.0,95.0,57.2,93.7
20241222-0600,Mountain View Moffett Field Naval Air Station,"Mountain View, California, US",13.0,13.0,-9999.0,-9999.0,-9999.0,0.0,0,-9999,-9999.0,100.0,55.4,100.0
20241222-0700,Mountain View Moffett Field Naval Air Station,"Mountain View, California, US",13.0,13.0,-9999.0,-9999.0,-9999.0,0.0,0,-9999,-9999.0,100.0,55.4,100.0
20241222-0800,Mountain View Moffett Field Naval Air Station,"Mountain View, California, US",13.0,13.0,-9999.0,-9999.0,-9999.0,0.0,0,-9999,-9999.0,100.0,55.4,100.0
20241222-0900,Mountain View Moffett Field Naval Air Station,"Mountain View, California, US",13.0,13.0,-9999.0,-9999.0,-9999.0,0.0,0,-9999,-9999.0,100.0,55.4,100.0
20241222-1000,Mountain View Moffett Field Naval Air Station,"Mountain View, California, US",12.0,12.0,-9999.0,-9999.0,-9999.0,5.4,320,-9999,-9999.0,100.0,53.6,100.0
20241222-1100,Mountain View Moffett Field Naval Air Station,"Mountain View, California, US",13.0,13.0,-9999.0,-9999.0,-9999.0,0.0,0,-9999,-9999.0,100.0,55.4,100.0
20241222-1200,Mountain View Moffett Field Naval Air Station,"Mountain View, California, US",13.0,13.0,-9999.0,-9999.0,-9999.0,0.0,0,-9999,-9999.0,100.0,55.4,100.0
20241222-1300,Mountain View Moffett Field Naval Air Station,"Mountain View, California, US",13.0,13.0,-9999.0,-9999.0,-9999.0,0.0,0,-9999,-9999.0,100.0,55.4,100.0
20241222-1400,Mountain View Moffett Field Naval Air Station,"Mountain View, California, US",13.0,13.0,-9999.0,0.3,-9999.0,7.5600000000000005,-9999,-9999,-9999.0,100.0,55.4,100.0
20241222-1500,Mountain View Moffett Field Naval Air Station,"Mountain View, California, US",13.0,13.0,-9999.0,-9999.0,-9999.0,0.0,0,-9999,-9999.0,100.0,55.4,100.0
20241222-1600,Mountain View Moffett Field Naval Air Station,"Mountain View, California, US",13.0,12.0,-9999.0,-9999.0,-9999.0,0.0,0,-9999,-9999.0,95.0,55.4,93.6
20241222-1700,Mountain View Moffett Field Naval Air Station,"Mountain View, California, US",13.0,13.0,-9999.0,-9999.0,-9999.0,0.0,0,-9999,-9999.0,100.0,55.4,100.0
20241222-1800,Mountain View Moffett Field Naval Air Station,"Mountain View, California, US",13.0,13.0,-9999.0,-9999.0,-9999.0,0.0,0,-9999,-9999.0,100.0,55.4,100.0
20241222-1900,Mountain View Moffett Field Naval Air Station,"Mountain View, California, US",14.0,14.0,-9999.0,-9999.0,-9999.0,7.5600000000000005,250,-9999,-9999.0,100.0,57.2,100.0
20241222-2000,Mountain View Moffett Field Naval Air Station,"Mountain View, California, US",17.0,14.0,-9999.0,-9999.0,-9999.0,0.0,0,-9999,-9999.0,85.0,62.6,82.5
20241222-2100,Mountain View Moffett Field Naval Air Station,"Mountain View, California, US",17.0,14.0,-9999.0,-9999.0,-9999.0,11.16,340,-9999,-9999.0,85.0,62.6,82.5
20241222-2200,Mountain View Moffett Field Naval Air Station,"Mountain View, California, US",16.0,14.0,-9999.0,-9999.0,-9999.0,14.76,350,-9999,-9999.0,90.0,60.8,87.9
20241222-2300,Mountain View Moffett Field Naval Air Station,"Mountain View, California, US",16.0,14.0,-9999.0,-9999.0,-9999.0,9.360000000000001,340,0,-9999.0,90.0,60.8,87.9
20241223-0000,Mountain View Moffett Field Naval Air Station,"Mountain View, California, US",16.0,14.0,-9999.0,-9999.0,-9999.0,5.4,330,0,-9999.0,90.0,60.8,87.9
20241223-0100,Mountain View Moffett Field Naval Air Station,"Mountain View, California, US",15.0,13.0,-9999.0,-9999.0,-9999.0,0.0,0,-9999,-9999.0,90.0,59.0,87.8
20241223-0200,Mountain View Moffett Field Naval Air Station,"Mountain View, California, US",14.0,13.0,-9999.0,-9999.0,-9999.0,7.5600000000000005,110,-9999,-9999.0,95.0,57.2,93.7
20241223-0300,Mountain View Moffett Field Naval Air Station,"Mountain View, California, US",13.0,12.0,-9999.0,-9999.0,-9999.0,0.0,0,-9999,-9999.0,95.0,55.4,93.6
20241223-0400,Mountain View Moffett Field Naval Air Station,"Mountain View, California, US",14.0,13.0,-9999.0,-9999.0,-9999.0,0.0,0,-9999,-9999.0,95.0,57.2,93.7
20241223-0500,Mountain View Moffett Field Naval Air Station,"Mountain View, California, US",15.0,14.0,-9999.0,0.3,-9999.0,9.360000000000001,130,-9999,-9999.0,95.0,59.0,93.7
20241223-0600,Mountain View Moffett Field Naval Air Station,"Mountain View, California, US",15.0,14.0,-9999.0,0.8,-9999.0,0.0,0,-9999,-9999.0,95.0,59.0,93.7
20241223-0700,Mountain View Moffett Field Naval Air Station,"Mountain View, California, US",14.0,14.0,-9999.0,-9999.0,-9999.0,0.0,0,-9999,-9999.0,100.0,57.2,100.0
20241223-0800,Mountain View Moffett Field Naval Air Station,"Mountain View, California, US",14.0,14.0,-9999.0,-9999.0,-9999.0,0.0,0,-9999,-9999.0,100.0,57.2,100.0
20241223-0900,Mountain View Moffett Field Naval Air Station,"Mountain View, California, US",14.0,13.0,-9999.0,-9999.0,-9999.0,0.0,0,-9999,-9999.0,95.0,57.2,93.7
20241223-1000,Mountain View Moffett Field Naval Air Station,"Mountain View, California, US",14.0,14.0,-9999.0,-9999.0,-9999.0,0.0,0,-9999,-9999.0,100.0,57.2,100.0
20241223-1100,Mountain View Moffett Field Naval Air Station,"Mountain View, California, US",14.0,14.0,-9999.0,-9999.0,-9999.0,0.0,0,-9999,-9999.0,100.0,57.2,100.0
20241223-1200,Mountain View Moffett Field Naval Air Station,"Mountain View, California, US",14.0,14.0,-9999.0,-9999.0,-9999.0,0.0,0,-9999,-9999.0,100.0,57.2,100.0
20241223-1300,Mountain View Moffett Field Naval Air Station,"Mountain View, California, US",14.0,14.0,-9999.0,-9999.0,-9999.0,0.0,0,-9999,-9999.0,100.0,57.2,100.0
20241223-1400,Mountain View Moffett Field Naval Air Station,"Mountain View, California, US",14.0,14.0,-9999.0,-9999.0,-9999.0,0.0,0,-9999,-9999.0,100.0,57.2,100.0
20241223-1500,Mountain View Moffett Field Naval Air Station,"Mountain View, California, US",14.0,14.0,-9999.0,-9999.0,-9999.0,0.0,0,-9999,-9999.0,100.0,57.2,100.0
20241223-1600,Mountain View Moffett Field Naval Air Station,"Mountain View, California, US",14.0,14.0,-9999.0,-9999.0,-9999.0,0.0,0,-9999,-9999.0,100.0,57.2,100.0
20241223-1700,Mountain View Moffett Field Naval Air Station,"Mountain View, California, US",15.0,15.0,-9999.0,-9999.0,-9999.0,0.0,0,-9999,-9999.0,100.0,59.0,100.0
20241223-1800,Mountain View Moffett Field Naval Air Station,"Mountain View, California, US",16.0,15.0,-9999.0,-9999.0,-9999.0,7.5600000000000005,350,-9999,-9999.0,95.0,60.8,93.8
20241223-1900,Mountain View Moffett Field Naval Air Station,"Mountain View, California, US",16.0,15.0,-9999.0,-9999.0,-9999.0,0.0,0,-9999,-9999.0,95.0,60.8,93.8
20241223-2000,Mountain View Moffett Field Naval Air Station,"Mountain View, California, US",18.0,15.0,-9999.0,-9999.0,-9999.0,0.0,0,-9999,-9999.0,85.0,64.4,82.6
20241223-2100,Mountain View Moffett Field Naval Air Station,"Mountain View, California, US",19.0,16.0,-9999.0,-9999.0,-9999.0,11.16,350,-9999,-9999.0,85.0,66.2,82.7
20241223-2200,Mountain View Moffett Field Naval Air Station,"Mountain View, California, US",18.0,15.0,-9999.0,-9999.0,-9999.0,9.360000000000001,330,-9999,-9999.0,85.0,64.4,82.6
20241223-2300,Mountain View Moffett Field Naval Air Station,"Mountain View, California, US",18.0,15.0,-9999.0,-9999.0,-9999.0,0.0,0,-9999,-9999.0,85.0,64.4,82.6
20241224-0000,Mountain View Moffett Field Naval Air Station,"Mountain View, California, US",16.0,14.0,-9999.0,-9999.0,-9999.0,9.360000000000001,340,-9999,-9999.0,90.0,60.8,87.9
20241224-0100,Mountain View Moffett Field Naval Air Station,"Mountain View, California, US",16.0,14.0,-9999.0,-9999.0,-9999.0,7.5600000000000005,20,-9999,-9999.0,90.0,60.8,87.9
20241224-0200,Mountain View Moffett Field Naval Air Station,"Mountain View, California, US",15.0,14.0,-9999.0,-9999.0,-9999.0,0.0,0,-9999,-9999.0,95.0,59.0,93.7
20241224-0300,Mountain View Moffett Field Naval Air Station,"Mountain View, California, US",15.0,14.0,-9999.0,-9999.0,-9999.0,0.0,0,-9999,-9999.0,95.0,59.0,93.7
20241224-0400,Mountain View Moffett Field Naval Air Station,"Mountain View, California, US",15.0,15.0,-9999.0,-9999.0,-9999.0,9.360000000000001,120,-9999,-9999.0,100.0,59.0,100.0
20241224-0500,Mountain View Moffett Field Naval Air Station,"Mountain View, California, US",-9999.0,-9999.0,-9999.0,-9999.0,-9999.0,12.959999999999999,150,-9999,-9999.0,100.0,-17966.2,100.0
20241224-0600,Mountain View Moffett Field Naval Air Station,"Mountain View, California, US",17.0,14.0,-9999.0,-9999.0,-9999.0,9.360000000000001,130,-9999,-9999.0,85.0,62.6,82.5
20241224-0700,Mountain View Moffett Field Naval Air Station,"Mountain View, California, US",17.0,15.0,-9999.0,-9999.0,-9999.0,0.0,0,0,-9999.0,90.0,62.6,88.0
20241224-0800,Mountain View Moffett Field Naval Air Station,"Mountain View, California, US",17.0,15.0,-9999.0,-9999.0,-9999.0,11.16,160,-9999,-9999.0,90.0,62.6,88.0
20241224-0900,Mountain View Moffett Field Naval Air Station,"Mountain View, California, US",17.0,15.0,-9999.0,-9999.0,-9999.0,9.360000000000001,-9999,-9999,-9999.0,90.0,62.6,88.0
20241224-1000,Mountain View Moffett Field Naval Air Station,"Mountain View, California, US",17.0,15.0,-9999.0,-9999.0,-9999.0,11.16,150,-9999,-9999.0,90.0,62.6,88.0
20241224-1100,Mountain View Moffett Field Naval Air Station,"Mountain View, California, US",17.0,14.0,-9999.0,-9999.0,-9999.0,22.32,150,-9999,-9999.0,85.0,62.6,82.5
20241224-1200,Mountain View Moffett Field Naval Air Station,"Mountain View, California, US",12.0,11.0,-9999.0,2.0,-9999.0,14.76,330,-9999,-9999.0,95.0,53.6,93.6
20241224-1300,Mountain View Moffett Field Naval Air Station,"Mountain View, California, US",12.0,11.0,-9999.0,0.5,-9999.0,9.360000000000001,270,-9999,-9999.0,95.0,53.6,93.6
20241224-1400,Mountain View Moffett Field Naval Air Station,"Mountain View, California, US",12.0,10.0,-9999.0,0.5,-9999.0,9.360000000000001,330,-9999,-9999.0,90.0,53.6,87.6
20241224-1500,Mountain View Moffett Field Naval Air Station,"Mountain View, California, US",11.0,11.0,-9999.0,1.8,-9999.0,0.0,0,-9999,-9999.0,100.0,51.8,100.0
20241224-1600,Mountain View Moffett Field Naval Air Station,"Mountain View, California, US",11.0,11.0,-9999.0,1.3,-9999.0,7.5600000000000005,170,-9999,-9999.0,100.0,51.8,100.0
20241224-1700,Mountain View Moffett Field Naval Air Station,"Mountain View, California, US",11.0,10.0,-9999.0,1.0,-9999.0,9.360000000000001,150,-9999,-9999.0,95.0,51.8,93.5
20241224-1800,Mountain View Moffett Field Naval Air Station,"Mountain View, California, US",11.0,10.0,-9999.0,-9999.0,-9999.0,0.0,0,-9999,-9999.0,95.0,51.8,93.5
20241224-1900,Mountain View Moffett Field Naval Air Station,"Mountain View, California, US",12.0,10.0,-9999.0,-9999.0,-9999.0,0.0,0,-9999,-9999.0,90.0,53.6,87.6
20241224-2000,Mountain View Moffett Field Naval Air Station,"Mountain View, California, US",13.0,10.0,-9999.0,-9999.0,-9999.0,7.5600000000000005,120,-9999,-9999.0,85.0,55.4,82.0
20241224-2100,Mountain View Moffett Field Naval Air Station,"Mountain View, California, US",14.0,10.0,-9999.0,-9999.0,-9999.0,14.76,270,-9999,-9999.0,80.0,57.2,76.8
20241224-2200,Mountain View Moffett Field Naval Air Station,"Mountain View, California, US",13.0,11.0,-9999.0,0.8,-9999.0,11.16,-9999,-9999,-9999.0,90.0,55.4,87.6
20241224-2300,Mountain View Moffett Field Naval Air Station,"Mountain View, California, US",14.0,10.0,-9999.0,-9999.0,-9999.0,16.56,300,-9999,-9999.0,80.0,57.2,76.8
20241225-0000,Mountain View Moffett Field Naval Air Station,"Mountain View, California, US",14.0,9.0,-9999.0,-9999.0,-9999.0,7.5600000000000005,300,0,-9999.0,75.0,57.2,71.8
20241225-0100,Mountain View Moffett Field Naval Air Station,"Mountain View, California, US",13.0,7.0,-9999.0,-9999.0,-9999.0,11.16,290,0,-9999.0,70.0,55.4,66.9
20241225-0200,Mountain View Moffett Field Naval Air Station,"Mountain View, California, US",12.0,7.0,-9999.0,-9999.0,-9999.0,7.5600000000000005,280,0,-9999.0,75.0,53.6,71.5
20241225-0300,Mountain View Moffett Field Naval Air Station,"Mountain View, California, US",11.0,8.0,-9999.0,-9999.0,-9999.0,0.0,0,-9999,-9999.0,85.0,51.8,81.7
20241225-0400,Mountain View Moffett Field Naval Air Station,"Mountain View, California, US",11.0,8.0,-9999.0,-9999.0,-9999.0,0.0,0,-9999,-9999.0,85.0,51.8,81.7
20241225-0500,Mountain View Moffett Field Naval Air Station,"Mountain View, California, US",10.0,8.0,-9999.0,-9999.0,-9999.0,0.0,0,0,-9999.0,90.0,50.0,87.4
20241225-0600,Mountain View Moffett Field Naval Air Station,"Mountain View, California, US",9.0,8.0,-9999.0,-9999.0,-9999.0,7.5600000000000005,200,0,-9999.0,95.0,48.2,93.4
20241225-0700,Mountain View Moffett Field Naval Air Station,"Mountain View, California, US",8.0,7.0,-9999.0,-9999.0,-9999.0,0.0,0,0,-9999.0,95.0,46.4,93.4
20241225-0800,Mountain View Moffett Field Naval Air Station,"Mountain View, California, US",8.0,7.0,-9999.0,-9999.0,-9999.0,0.0,0,0,-9999.0,95.0,46.4,93.4
20241225-0900,Mountain View Moffett Field Naval Air Station,"Mountain View, California, US",7.0,6.0,-9999.0,-9999.0,-9999.0,0.0,0,0,-9999.0,95.0,44.6,93.3
20241225-1000,Mountain View Moffett Field Naval Air Station,"Mountain View, California, US",7.0,5.0,-9999.0,-9999.0,-9999.0,0.0,0,0,-9999.0,90.0,44.6,87.1
20241225-1100,Mountain View Moffett Field Naval Air Station,"Mountain View, California, US",7.0,6.0,-9999.0,-9999.0,-9999.0,0.0,0,0,-9999.0,95.0,44.6,93.3
20241225-1200,Mountain View Moffett Field Naval Air Station,"Mountain View, California, US",6.0,5.0,-9999.0,-9999.0,-9999.0,0.0,0,0,-9999.0,95.0,42.8,93.3
20241225-1300,Mountain View Moffett Field Naval Air Station,"Mountain View, California, US",7.0,5.0,-9999.0,-9999.0,-9999.0,5.4,200,-9999,-9999.0,90.0,44.6,87.1
20241225-1400,Mountain View Moffett Field Naval Air Station,"Mountain View, California, US",6.0,5.0,-9999.0,-9999.0,-9999.0,0.0,0,0,-9999.0,95.0,42.8,93.3
20241225-1500,Mountain View Moffett Field Naval Air Station,"Mountain View, California, US",6.0,5.0,-9999.0,-9999.0,-9999.0,0.0,0,0,-9999.0,95.0,42.8,93.3
20241225-1600,Mountain View Moffett Field Naval Air Station,"Mountain View, California, US",6.0,5.0,-9999.0,-9999.0,-9999.0,0.0,0,0,-9999.0,95.0,42.8,93.3
20241225-1700,Mountain View Moffett Field Naval Air Station,"Mountain View, California, US",7.0,6.0,-9999.0,-9999.0,-9999.0,0.0,0,0,-9999.0,95.0,44.6,93.3
20241225-1800,Mountain View Moffett Field Naval Air Station,"Mountain View, California, US",9.0,7.0,-9999.0,-9999.0,-9999.0,0.0,0,0,-9999.0,90.0,48.2,87.3
20241225-1900,Mountain View Moffett Field Naval Air Station,"Mountain View, California, US",10.0,8.0,-9999.0,-9999.0,-9999.0,0.0,0,0,-9999.0,90.0,50.0,87.4
20241225-2000,Mountain View Moffett Field Naval Air Station,"Mountain View, California, US",11.0,8.0,-9999.0,-9999.0,-9999.0,0.0,0,0,-9999.0,85.0,51.8,81.7
20241225-2100,Mountain View Moffett Field Naval Air Station,"Mountain View, California, US",12.0,6.0,-9999.0,-9999.0,-9999.0,0.0,0,0,-9999.0,70.0,53.6,66.7
20241225-2200,Mountain View Moffett Field Naval Air Station,"Mountain View, California, US",12.0,5.0,-9999.0,-9999.0,-9999.0,7.5600000000000005,10,0,-9999.0,65.0,53.6,62.2
20241225-2300,Mountain View Moffett Field Naval Air Station,"Mountain View, California, US",12.0,7.0,-9999.0,-9999.0,-9999.0,14.76,360,0,-9999.0,75.0,53.6,71.5
20241226-0000,Mountain View Moffett Field Naval Air Station,"Mountain View, California, US",11.0,7.0,-9999.0,-9999.0,-9999.0,11.16,340,-9999,-9999.0,80.0,51.8,76.3
20241226-0100,Mountain View Moffett Field Naval Air Station,"Mountain View, California, US",11.0,8.0,-9999.0,-9999.0,-9999.0,0.0,0,-9999,-9999.0,85.0,51.8,81.7
20241226-0200,Mountain View Moffett Field Naval Air Station,"Mountain View, California, US",11.0,8.0,-9999.0,-9999.0,-9999.0,5.4,90,-9999,-9999.0,85.0,51.8,81.7
20241226-0300,Mountain View Moffett Field Naval Air Station,"Mountain View, California, US",11.0,8.0,-9999.0,-9999.0,-9999.0,5.4,140,0,-9999.0,85.0,51.8,81.7
20241226-0400,Mountain View Moffett Field Naval Air Station,"Mountain View, California, US",11.0,8.0,-9999.0,-9999.0,-9999.0,0.0,0,-9999,-9999.0,85.0,51.8,81.7
20241226-0500,Mountain View Moffett Field Naval Air Station,"Mountain View, California, US",10.0,8.0,-9999.0,-9999.0,-9999.0,9.360000000000001,140,0,-9999.0,90.0,50.0,87.4
20241226-0600,Mountain View Moffett Field Naval Air Station,"Mountain View, California, US",10.0,7.0,-9999.0,-9999.0,-9999.0,5.4,-9999,0,-9999.0,85.0,50.0,81.6
20241226-0700,Mountain View Moffett Field Naval Air Station,"Mountain View, California, US",9.0,6.0,-9999.0,-9999.0,-9999.0,0.0,0,0,-9999.0,85.0,48.2,81.5
20241226-0800,Mountain View Moffett Field Naval Air Station,"Mountain View, California, US",9.0,7.0,-9999.0,-9999.0,-9999.0,9.360000000000001,130,-9999,-9999.0,90.0,48.2,87.3
20241226-0900,Mountain View Moffett Field Naval Air Station,"Mountain View, California, US",10.0,7.0,-9999.0,-9999.0,-9999.0,11.16,140,-9999,-9999.0,85.0,50.0,81.6
20241226-1000,Mountain View Moffett Field Naval Air Station,"Mountain View, California, US",10.0,6.0,-9999.0,-9999.0,-9999.0,14.76,150,-9999,-9999.0,80.0,50.0,76.2
20241226-1200,Mountain View Moffett Field Naval Air Station,"Mountain View, California, US",11.0,4.0,-9999.0,-9999.0,-9999.0,14.76,140,-9999,-9999.0,65.0,51.8,62.0
20241226-1300,Mountain View Moffett Field Naval Air Station,"Mountain View, California, US",11.0,6.0,-9999.0,-9999.0,-9999.0,16.56,130,-9999,-9999.0,75.0,51.8,71.3
20241226-1400,Mountain View Moffett Field Naval Air Station,"Mountain View, California, US",11.0,7.0,-9999.0,-9999.0,-9999.0,16.56,140,-9999,-9999.0,80.0,51.8,76.3
20241226-1500,Mountain View Moffett Field Naval Air Station,"Mountain View, California, US",10.0,6.0,-9999.0,-9999.0,-9999.0,24.12,130,-9999,-9999.0,80.0,50.0,76.2
20241226-1600,Mountain View Moffett Field Naval Air Station,"Mountain View, California, US",11.0,6.0,-9999.0,-9999.0,-9999.0,18.36,130,-9999,-9999.0,75.0,51.8,71.3
20241226-1700,Mountain View Moffett Field Naval Air Station,"Mountain View, California, US",12.0,7.0,-9999.0,-9999.0,-9999.0,18.36,140,-9999,-9999.0,75.0,53.6,71.5
20241226-1800,Mountain View Moffett Field Naval Air Station,"Mountain View, California, US",13.0,7.0,-9999.0,-9999.0,-9999.0,9.360000000000001,-9999,-9999,-9999.0,70.0,55.4,66.9
20241226-1900,Mountain View Moffett Field Naval Air Station,"Mountain View, California, US",13.0,9.0,-9999.0,-9999.0,-9999.0,12.959999999999999,150,-9999,-9999.0,80.0,55.4,76.7
20241226-2000,Mountain View Moffett Field Naval Air Station,"Mountain View, California, US",14.0,9.0,-9999.0,-9999.0,-9999.0,14.76,140,-9999,-9999.0,75.0,57.2,71.8
20241226-2100,Mountain View Moffett Field Naval Air Station,"Mountain View, California, US",16.0,10.0,-9999.0,-9999.0,-9999.0,16.56,160,-9999,-9999.0,70.0,60.8,67.5
20241226-2200,Mountain View Moffett Field Naval Air Station,"Mountain View, California, US",17.0,11.0,-9999.0,-9999.0,-9999.0,12.959999999999999,140,-9999,-9999.0,70.0,62.6,67.7
20241226-2300,Mountain View Moffett Field Naval Air Station,"Mountain View, California, US",17.0,11.0,-9999.0,-9999.0,-9999.0,0.0,0,-9999,-9999.0,70.0,62.6,67.7
20241227-0000,Mountain View Moffett Field Naval Air Station,"Mountain View, California, US",16.0,12.0,-9999.0,-9999.0,-9999.0,0.0,0,0,-9999.0,80.0,60.8,77.1
20241227-0100,Mountain View Moffett Field Naval Air Station,"Mountain View, California, US",15.0,12.0,-9999.0,-9999.0,-9999.0,0.0,0,-9999,-9999.0,85.0,59.0,82.2
20241227-0200,Mountain View Moffett Field Naval Air Station,"Mountain View, California, US",15.0,13.0,-9999.0,0.5,-9999.0,0.0,0,-9999,-9999.0,90.0,59.0,87.8
20241227-0300,Mountain View Moffett Field Naval Air Station,"Mountain View, California, US",14.0,13.0,-9999.0,0.8,-9999.0,11.16,150,-9999,-9999.0,95.0,57.2,93.7
20241227-0400,Mountain View Moffett Field Naval Air Station,"Mountain View, California, US",14.0,13.0,-9999.0,0.8,-9999.0,9.360000000000001,150,-9999,-9999.0,95.0,57.2,93.7
20241227-0500,Mountain View Moffett Field Naval Air Station,"Mountain View, California, US",13.0,13.0,-9999.0,2.3,-9999.0,7.5600000000000005,140,-9999,-9999.0,100.0,55.4,100.0
20241227-0600,Mountain View Moffett Field Naval Air Station,"Mountain View, California, US",13.0,12.0,-9999.0,0.8,-9999.0,9.360000000000001,140,-9999,-9999.0,95.0,55.4,93.6
20241227-0700,Mountain View Moffett Field Naval Air Station,"Mountain View, California, US",13.0,12.0,-9999.0,-9999.0,-9999.0,20.520000000000003,120,-9999,-9999.0,95.0,55.4,93.6
20241227-0800,Mountain View Moffett Field Naval Air Station,"Mountain View, California, US",13.0,12.0,-9999.0,0.8,-9999.0,12.959999999999999,130,-9999,-9999.0,95.0,55.4,93.6
20241227-0900,Mountain View Moffett Field Naval Air Station,"Mountain View, California, US",13.0,12.0,-9999.0,0.5,-9999.0,22.32,140,-9999,-9999.0,95.0,55.4,93.6
20241227-1000,Mountain View Moffett Field Naval Air Station,"Mountain View, California, US",13.0,12.0,-9999.0,0.5,-9999.0,20.520000000000003,140,-9999,-9999.0,95.0,55.4,93.6
20241227-1100,Mountain View Moffett Field Naval Air Station,"Mountain View, California, US",13.0,12.0,-9999.0,-9999.0,-9999.0,16.56,130,-9999,-9999.0,95.0,55.4,93.6
20241227-1200,Mountain View Moffett Field Naval Air Station,"Mountain View, California, US",13.0,12.0,-9999.0,-9999.0,-9999.0,7.5600000000000005,-9999,-9999,-9999.0,95.0,55.4,93.6
20241227-1300,Mountain View Moffett Field Naval Air Station,"Mountain View, California, US",14.0,13.0,-9999.0,-9999.0,-9999.0,0.0,0,-9999,-9999.0,95.0,57.2,93.7
20241227-1400,Mountain View Moffett Field Naval Air Station,"Mountain View, California, US",14.0,13.0,-9999.0,-9999.0,-9999.0,11.16,130,-9999,-9999.0,95.0,57.2,93.7
20241227-1500,Mountain View Moffett Field Naval Air Station,"Mountain View, California, US",13.0,13.0,-9999.0,-9999.0,-9999.0,9.360000000000001,130,-9999,-9999.0,100.0,55.4,100.0
20241227-1600,Mountain View Moffett Field Naval Air Station,"Mountain View, California, US",14.0,13.0,-9999.0,-9999.0,-9999.0,7.5600000000000005,200,-9999,-9999.0,95.0,57.2,93.7
20241227-1700,Mountain View Moffett Field Naval Air Station,"Mountain View, California, US",14.0,14.0,-9999.0,-9999.0,-9999.0,5.4,190,-9999,-9999.0,100.0,57.2,100.0
20241227-1800,Mountain View Moffett Field Naval Air Station,"Mountain View, California, US",16.0,15.0,-9999.0,-9999.0,-9999.0,0.0,0,-9999,-9999.0,95.0,60.8,93.8
20241227-1900,Mountain View Moffett Field Naval Air Station,"Mountain View, California, US",17.0,13.0,-9999.0,-9999.0,-9999.0,12.959999999999999,270,0,-9999.0,80.0,62.6,77.3
20241227-2000,Mountain View Moffett Field Naval Air Station,"Mountain View, California, US",18.0,12.0,-9999.0,-9999.0,-9999.0,7.5600000000000005,300,0,-9999.0,70.0,64.4,68.0
20241227-2100,Mountain View Moffett Field Naval Air Station,"Mountain View, California, US",17.0,12.0,-9999.0,-9999.0,-9999.0,11.16,-9999,0,-9999.0,75.0,62.6,72.4
20241227-2200,Mountain View Moffett Field Naval Air Station,"Mountain View, California, US",17.0,12.0,-9999.0,-9999.0,-9999.0,24.12,360,-9999,-9999.0,75.0,62.6,72.4
20241227-2300,Mountain View Moffett Field Naval Air Station,"Mountain View, California, US",16.0,12.0,-9999.0,-9999.0,-9999.0,22.32,360,-9999,-9999.0,80.0,60.8,77.1
20241228-0000,Mountain View Moffett Field Naval Air Station,"Mountain View, California, US",15.0,12.0,-9999.0,-9999.0,-9999.0,20.520000000000003,350,-9999,-9999.0,85.0,59.0,82.2
20241228-0100,Mountain View Moffett Field Naval Air Station,"Mountain View, California, US",14.0,12.0,-9999.0,-9999.0,-9999.0,12.959999999999999,350,-9999,-9999.0,90.0,57.2,87.7
20241228-0200,Mountain View Moffett Field Naval Air Station,"Mountain View, California, US",14.0,12.0,-9999.0,-9999.0,-9999.0,0.0,0,-9999,-9999.0,90.0,57.2,87.7
20241228-0300,Mountain View Moffett Field Naval Air Station,"Mountain View, California, US",13.0,12.0,-9999.0,-9999.0,-9999.0,0.0,0,-9999,-9999.0,95.0,55.4,93.6
20241228-0400,Mountain View Moffett Field Naval Air Station,"Mountain View, California, US",12.0,11.0,-9999.0,-9999.0,-9999.0,0.0,0,0,-9999.0,95.0,53.6,93.6
20241228-0500,Mountain View Moffett Field Naval Air Station,"Mountain View, California, US",12.0,11.0,-9999.0,-9999.0,-9999.0,0.0,0,-9999,-9999.0,95.0,53.6,93.6
20241228-0600,Mountain View Moffett Field Naval Air Station,"Mountain View, California, US",12.0,11.0,-9999.0,-9999.0,-9999.0,0.0,0,-9999,-9999.0,95.0,53.6,93.6
20241228-0700,Mountain View Moffett Field Naval Air Station,"Mountain View, California, US",11.0,11.0,-9999.0,-9999.0,-9999.0,0.0,0,-9999,-9999.0,100.0,51.8,100.0
20241228-0800,Mountain View Moffett Field Naval Air Station,"Mountain View, California, US",11.0,10.0,-9999.0,-9999.0,-9999.0,5.4,90,-9999,-9999.0,95.0,51.8,93.5
20241228-0900,Mountain View Moffett Field Naval Air Station,"Mountain View, California, US",12.0,11.0,-9999.0,-9999.0,-9999.0,7.5600000000000005,140,-9999,-9999.0,95.0,53.6,93.6
20241228-1000,Mountain View Moffett Field Naval Air Station,"Mountain View, California, US",12.0,11.0,-9999.0,-9999.0,-9999.0,5.4,170,-9999,-9999.0,95.0,53.6,93.6
20241228-1100,Mountain View Moffett Field Naval Air Station,"Mountain View, California, US",13.0,11.0,-9999.0,-9999.0,-9999.0,0.0,0,-9999,-9999.0,90.0,55.4,87.6
20241228-1200,Mountain View Moffett Field Naval Air Station,"Mountain View, California, US",13.0,11.0,-9999.0,-9999.0,-9999.0,9.360000000000001,160,-9999,-9999.0,90.0,55.4,87.6
20241228-1300,Mountain View Moffett Field Naval Air Station,"Mountain View, California, US",13.0,10.0,-9999.0,-9999.0,-9999.0,9.360000000000001,140,-9999,-9999.0,85.0,55.4,82.0
20241228-1400,Mountain View Moffett Field Naval Air Station,"Mountain View, California, US",13.0,10.0,-9999.0,-9999.0,-9999.0,0.0,0,-9999,-9999.0,85.0,55.4,82.0
20241228-1500,Mountain View Moffett Field Naval Air Station,"Mountain View, California, US",13.0,10.0,-9999.0,-9999.0,-9999.0,7.5600000000000005,120,-9999,-9999.0,85.0,55.4,82.0
20241228-1600,Mountain View Moffett Field Naval Air Station,"Mountain View, California, US",13.0,10.0,-9999.0,-9999.0,-9999.0,0.0,0,-9999,-9999.0,85.0,55.4,82.0
20241228-1700,Mountain View Moffett Field Naval Air Station,"Mountain View, California, US",13.0,11.0,-9999.0,-9999.0,-9999.0,7.5600000000000005,120,-9999,-9999.0,90.0,55.4,87.6
20241228-1800,Mountain View Moffett Field Naval Air Station,"Mountain View, California, US",15.0,11.0,-9999.0,-9999.0,-9999.0,0.0,0,-9999,-9999.0,80.0,59.0,77.0
20241228-1900,Mountain View Moffett Field Naval Air Station,"Mountain View, California, US",17.0,12.0,-9999.0,-9999.0,-9999.0,9.360000000000001,140,-9999,-9999.0,75.0,62.6,72.4
20241228-2000,Mountain View Moffett Field Naval Air Station,"Mountain View, California, US",18.0,12.0,-9999.0,-9999.0,-9999.0,5.4,140,-9999,-9999.0,70.0,64.4,68.0
20241228-2100,Mountain View Moffett Field Naval Air Station,"Mountain View, California, US",18.0,12.0,-9999.0,-9999.0,-9999.0,5.4,140,-9999,-9999.0,70.0,64.4,68.0
20241228-2200,Mountain View Moffett Field Naval Air Station,"Mountain View, California, US",17.0,12.0,-9999.0,-9999.0,-9999.0,5.4,10,-9999,-9999.0,75.0,62.6,72.4
20241228-2300,Mountain View Moffett Field Naval Air Station,"Mountain View, California, US",18.0,13.0,-9999.0,-9999.0,-9999.0,5.4,140,-9999,-9999.0,75.0,64.4,72.6
20241229-0000,Mountain View Moffett Field Naval Air Station,"Mountain View, California, US",18.0,13.0,-9999.0,-9999.0,-9999.0,0.0,0,-9999,-9999.0,75.0,64.4,72.6
20241229-0100,Mountain View Moffett Field Naval Air Station,"Mountain View, California, US",17.0,14.0,-9999.0,-9999.0,-9999.0,9.360000000000001,270,-9999,-9999.0,85.0,62.6,82.5
20241229-0200,Mountain View Moffett Field Naval Air Station,"Mountain View, California, US",17.0,12.0,-9999.0,-9999.0,-9999.0,7.5600000000000005,240,-9999,-9999.0,75.0,62.6,72.4
20241229-0300,Mountain View Moffett Field Naval Air Station,"Mountain View, California, US",17.0,12.0,-9999.0,-9999.0,-9999.0,0.0,0,-9999,-9999.0,75.0,62.6,72.4
20241229-0400,Mountain View Moffett Field Naval Air Station,"Mountain View, California, US",15.0,11.0,-9999.0,-9999.0,-9999.0,0.0,0,-9999,-9999.0,80.0,59.0,77.0
20241229-0500,Mountain View Moffett Field Naval Air Station,"Mountain View, California, US",16.0,12.0,-9999.0,-9999.0,-9999.0,0.0,0,-9999,-9999.0,80.0,60.8,77.1
20241229-0600,Mountain View Moffett Field Naval Air Station,"Mountain View, California, US",15.0,12.0,-9999.0,-9999.0,-9999.0,0.0,0,-9999,-9999.0,85.0,59.0,82.2
20241229-0700,Mountain View Moffett Field Naval Air Station,"Mountain View, California, US",15.0,12.0,-9999.0,-9999.0,-9999.0,7.5600000000000005,270,-9999,-9999.0,85.0,59.0,82.2
20241229-0800,Mountain View Moffett Field Naval Air Station,"Mountain View, California, US",14.0,12.0,-9999.0,-9999.0,-9999.0,7.5600000000000005,130,-9999,-9999.0,90.0,57.2,87.7
20241229-0900,Mountain View Moffett Field Naval Air Station,"Mountain View, California, US",15.0,12.0,-9999.0,-9999.0,-9999.0,0.0,0,-9999,-9999.0,85.0,59.0,82.2
20241229-1000,Mountain View Moffett Field Naval Air Station,"Mountain View, California, US",15.0,11.0,-9999.0,-9999.0,-9999.0,7.5600000000000005,150,-9999,-9999.0,80.0,59.0,77.0
20241229-1100,Mountain View Moffett Field Naval Air Station,"Mountain View, California, US",14.0,12.0,-9999.0,-9999.0,-9999.0,7.5600000000000005,150,-9999,-9999.0,90.0,57.2,87.7
20241229-1200,Mountain View Moffett Field Naval Air Station,"Mountain View, California, US",14.0,11.0,-9999.0,-9999.0,-9999.0,7.5600000000000005,150,-9999,-9999.0,85.0,57.2,82.1
20241229-1300,Mountain View Moffett Field Naval Air Station,"Mountain View, California, US",15.0,11.0,-9999.0,-9999.0,-9999.0,5.4,-9999,-9999,-9999.0,80.0,59.0,77.0
20241229-1400,Mountain View Moffett Field Naval Air Station,"Mountain View, California, US",15.0,11.0,-9999.0,-9999.0,-9999.0,11.16,170,-9999,-9999.0,80.0,59.0,77.0
20241229-1500,Mountain View Moffett Field Naval Air Station,"Mountain View, California, US",15.0,12.0,-9999.0,-9999.0,-9999.0,11.16,-9999,-9999,-9999.0,85.0,59.0,82.2
20241229-1600,Mountain View Moffett Field Naval Air Station,"Mountain View, California, US",15.0,12.0,-9999.0,0.3,-9999.0,18.36,150,-9999,-9999.0,85.0,59.0,82.2
20241229-1700,Mountain View Moffett Field Naval Air Station,"Mountain View, California, US",14.0,13.0,-9999.0,1.3,-9999.0,11.16,140,-9999,-9999.0,95.0,57.2,93.7
20241229-1800,Mountain View Moffett Field Naval Air Station,"Mountain View, California, US",15.0,14.0,-9999.0,0.8,-9999.0,9.360000000000001,170,-9999,-9999.0,95.0,59.0,93.7
20241229-1900,Mountain View Moffett Field Naval Air Station,"Mountain View, California, US",16.0,14.0,-9999.0,-9999.0,-9999.0,5.4,280,-9999,-9999.0,90.0,60.8,87.9
20241229-2000,Mountain View Moffett Field Naval Air Station,"Mountain View, California, US",16.0,13.0,-9999.0,-9999.0,-9999.0,7.5600000000000005,300,-9999,-9999.0,85.0,60.8,82.4
20241229-2100,Mountain View Moffett Field Naval Air Station,"Mountain View, California, US",17.0,11.0,-9999.0,-9999.0,-9999.0,14.76,280,-9999,-9999.0,70.0,62.6,67.7
20241229-2200,Mountain View Moffett Field Naval Air Station,"Mountain View, California, US",16.0,11.0,-9999.0,-9999.0,-9999.0,18.36,270,-9999,-9999.0,75.0,60.8,72.2
20241229-2300,Mountain View Moffett Field Naval Air Station,"Mountain View, California, US",16.0,11.0,-9999.0,-9999.0,-9999.0,14.76,280,-9999,-9999.0,75.0,60.8,72.2
20241230-0000,Mountain View Moffett Field Naval Air Station,"Mountain View, California, US",15.0,11.0,-9999.0,-9999.0,-9999.0,12.959999999999999,260,-9999,-9999.0,80.0,59.0,77.0
20241230-0100,Mountain View Moffett Field Naval Air Station,"Mountain View, California, US",14.0,11.0,-9999.0,-9999.0,-9999.0,7.5600000000000005,320,-9999,-9999.0,85.0,57.2,82.1
20241230-0200,Mountain View Moffett Field Naval Air Station,"Mountain View, California, US",13.0,10.0,-9999.0,-9999.0,-9999.0,5.4,300,-9999,-9999.0,85.0,55.4,82.0
20241230-0300,Mountain View Moffett Field Naval Air Station,"Mountain View, California, US",12.0,9.0,-9999.0,-9999.0,-9999.0,0.0,0,-9999,-9999.0,85.0,53.6,81.9
20241230-0400,Mountain View Moffett Field Naval Air Station,"Mountain View, California, US",11.0,9.0,-9999.0,-9999.0,-9999.0,0.0,0,-9999,-9999.0,90.0,51.8,87.5
20241230-0500,Mountain View Moffett Field Naval Air Station,"Mountain View, California, US",10.0,7.0,-9999.0,-9999.0,-9999.0,0.0,0,-9999,-9999.0,85.0,50.0,81.6
20241230-0600,Mountain View Moffett Field Naval Air Station,"Mountain View, California, US",9.0,8.0,-9999.0,-9999.0,-9999.0,0.0,0,-9999,-9999.0,95.0,48.2,93.4
20241230-0700,Mountain View Moffett Field Naval Air Station,"Mountain View, California, US",9.0,8.0,-9999.0,-9999.0,-9999.0,0.0,0,-9999,-9999.0,95.0,48.2,93.4
20241230-0800,Mountain View Moffett Field Naval Air Station,"Mountain View, California, US",8.0,7.0,-9999.0,-9999.0,-9999.0,0.0,0,-9999,-9999.0,95.0,46.4,93.4
20241230-0900,Mountain View Moffett Field Naval Air Station,"Mountain View, California, US",8.0,7.0,-9999.0,-9999.0,-9999.0,0.0,0,-9999,-9999.0,95.0,46.4,93.4
